0.0000 0.0000 9.5250
0.0199 0.2636 9.5369
0.0399 0.5392 9.5718
0.0598 0.8395 9.6270
0.0798 1.1788 9.6970
0.0997 1.5731 9.7709
0.1197 2.0390 9.8303
0.1396 2.5900 9.8447
0.1596 3.2284 9.7692
0.1795 3.9325 9.5482
0.1995 4.6439 9.1304
0.2194 5.2673 8.4971
0.2394 5.6954 7.6905
0.2593 5.8555 6.8169
0.2793 5.7496 6.0117
0.2992 5.4564 5.3823
0.3192 5.0934 4.9686
0.3391 4.7667 4.7418
0.3591 4.5398 4.6312
0.3790 4.4264 4.5569
0.3990 4.4000 4.4550
0.4189 4.4115 4.2919
0.4389 4.4092 4.0674
0.4588 4.3559 3.8074
0.4788 4.2376 3.5494
0.4987 4.0622 3.3287
0.5187 3.8535 3.1703
0.5386 3.6441 3.0830
0.5586 3.4668 3.0574
0.5785 3.3443 3.0677
0.5985 3.2818 3.0798
0.6184 3.2642 3.0634
0.6384 3.2628 3.0028
0.6583 3.2466 2.9024
0.6783 3.1952 2.7828
0.6982 3.1053 2.6704
0.7182 2.9887 2.5863
0.7381 2.8652 2.5394
0.7581 2.7540 2.5265
0.7780 2.6684 2.5359
0.7980 2.6132 2.5518
0.8179 2.5846 2.5589
0.8379 2.5719 2.5467
0.8578 2.5610 2.5124
0.8778 2.5393 2.4612
0.8977 2.4997 2.4036
0.9177 2.4419 2.3514
0.9376 2.3719 2.3143
0.9576 2.2999 2.2970
0.9775 2.2367 2.2979
0.9975 2.1904 2.3092
1.0174 2.1626 2.3197
1.0374 2.1480 2.3202
1.0573 2.1371 2.3070
1.0773 2.1213 2.2829
1.0972 2.0964 2.2547
1.1172 2.0631 2.2290
1.1371 2.0251 2.2096
1.1571 1.9868 2.1973
1.1770 1.9513 2.1906
1.1970 1.9198 2.1874
1.2169 1.8924 2.1857
1.2369 1.8689 2.1844
1.2568 1.8488 2.1826
1.2768 1.8318 2.1794
1.2967 1.8169 2.1735
1.3167 1.8022 2.1645
1.3366 1.7858 2.1532
1.3566 1.7669 2.1413
1.3765 1.7458 2.1305
1.3965 1.7232 2.1216
1.4164 1.6998 2.1151
1.4364 1.6763 2.1118
1.4563 1.6540 2.1121
1.4763 1.6351 2.1159
1.4962 1.6216 2.1213
1.5162 1.6141 2.1249
1.5361 1.6108 2.1234
1.5561 1.6077 2.1146
1.5760 1.5997 2.0998
1.5960 1.5836 2.0837
1.6159 1.5598 2.0722
1.6359 1.5330 2.0697
1.6558 1.5096 2.0767
1.6758 1.4947 2.0892
1.6957 1.4901 2.1008
1.7157 1.4928 2.1056
1.7356 1.4968 2.1008
1.7556 1.4959 2.0880
1.7755 1.4862 2.0725
1.7955 1.4684 2.0607
1.8154 1.4468 2.0567
1.8354 1.4269 2.0608
1.8553 1.4130 2.0704
1.8753 1.4067 2.0809
1.8952 1.4070 2.0878
1.9152 1.4102 2.0883
1.9351 1.4116 2.0821
1.9551 1.4076 2.0721
1.9750 1.3971 2.0629
1.9950 1.3823 2.0587
2.0149 1.3674 2.0609
2.0349 1.3565 2.0680
2.0548 1.3516 2.0764
2.0748 1.3516 2.0822
2.0947 1.3536 2.0834
2.1147 1.3542 2.0804
2.1346 1.3515 2.0756
2.1546 1.3455 2.0717
2.1745 1.3381 2.0702
2.1945 1.3309 2.0712
2.2144 1.3251 2.0738
2.2344 1.3209 2.0771
2.2543 1.3184 2.0806
2.2743 1.3175 2.0835
2.2942 1.3178 2.0851
2.3142 1.3185 2.0847
2.3341 1.3178 2.0824
2.3541 1.3146 2.0797
2.3740 1.3091 2.0790
2.3940 1.3036 2.0816
2.4139 1.3005 2.0868
2.4339 1.3011 2.0921
2.4538 1.3043 2.0947
2.4738 1.3071 2.0938
2.4937 1.3072 2.0913
2.5137 1.3045 2.0897
2.5336 1.3008 2.0908
2.5536 1.2981 2.0942
2.5735 1.2975 2.0986
2.5935 1.2986 2.1024
2.6134 1.3003 2.1052
2.6334 1.3016 2.1073
2.6533 1.3025 2.1099
2.6733 1.3036 2.1135
2.6932 1.3058 2.1179
2.7132 1.3097 2.1223
2.7331 1.3149 2.1257
2.7531 1.3206 2.1276
2.7730 1.3259 2.1285
2.7930 1.3306 2.1291
2.8129 1.3350 2.1299
2.8329 1.3397 2.1308
2.8528 1.3447 2.1315
2.8728 1.3497 2.1315
2.8927 1.3541 2.1311
2.9127 1.3579 2.1309
2.9326 1.3612 2.1314
2.9526 1.3646 2.1326
2.9725 1.3684 2.1345
2.9925 1.3728 2.1368
3.0124 1.3778 2.1393
3.0324 1.3834 2.1419
3.0523 1.3894 2.1446
3.0723 1.3960 2.1472
3.0922 1.4030 2.1498
3.1122 1.4105 2.1524
3.1321 1.4185 2.1549
3.1521 1.4268 2.1572
3.1720 1.4355 2.1595
3.1920 1.4445 2.1618
3.2119 1.4540 2.1643
3.2319 1.4642 2.1667
3.2518 1.4749 2.1689
3.2718 1.4862 2.1710
3.2917 1.4979 2.1730
3.3117 1.5102 2.1749
3.3316 1.5232 2.1766
3.3516 1.5369 2.1781
3.3715 1.5513 2.1795
3.3915 1.5664 2.1805
3.4114 1.5824 2.1811
3.4314 1.5992 2.1811
3.4513 1.6166 2.1805
3.4713 1.6348 2.1794
3.4912 1.6536 2.1776
3.5112 1.6733 2.1750
3.5311 1.6936 2.1715
3.5511 1.7145 2.1669
3.5710 1.7358 2.1613
3.5910 1.7573 2.1547
3.6109 1.7790 2.1470
3.6309 1.8008 2.1383
3.6508 1.8224 2.1287
3.6708 1.8435 2.1186
3.6907 1.8641 2.1088
3.7107 1.8852 2.1002
3.7306 1.9083 2.0931
3.7506 1.9351 2.0866
3.7705 1.9669 2.0787
3.7905 2.0038 2.0670
3.8104 2.0447 2.0490
3.8304 2.0874 2.0228
3.8503 2.1293 1.9877
3.8703 2.1673 1.9438
3.8902 2.1988 1.8923
3.9102 2.2213 1.8353
3.9301 2.2333 1.7760
3.9501 2.2341 1.7181
3.9700 2.2252 1.6660
3.9900 2.2100 1.6231
4.0099 2.1935 1.5912
4.0299 2.1815 1.5692
4.0498 2.1786 1.5533
4.0698 2.1876 1.5371
4.0897 2.2073 1.5134
4.1097 2.2329 1.4761
4.1296 2.2562 1.4222
4.1496 2.2687 1.3534
4.1695 2.2637 1.2763
4.1895 2.2395 1.1991
4.2094 2.1986 1.1294
4.2294 2.1459 1.0716
4.2493 2.0868 1.0271
4.2693 2.0254 0.9951
4.2892 1.9644 0.9741
4.3092 1.9056 0.9626
4.3291 1.8501 0.9591
4.3491 1.7988 0.9624
4.3690 1.7522 0.9710
4.3890 1.7105 0.9835
4.4089 1.6731 0.9987
4.4289 1.6394 1.0163
4.4488 1.6092 1.0364
4.4688 1.5828 1.0591
4.4887 1.5609 1.0840
4.5087 1.5440 1.1102
4.5286 1.5319 1.1364
4.5486 1.5238 1.1619
4.5685 1.5187 1.1868
4.5885 1.5162 1.2117
4.6084 1.5171 1.2374
4.6284 1.5225 1.2638
4.6483 1.5337 1.2895
4.6683 1.5511 1.3127
4.6882 1.5739 1.3311
4.7082 1.6004 1.3431
4.7281 1.6281 1.3482
4.7481 1.6547 1.3469
4.7680 1.6788 1.3406
4.7880 1.6993 1.3308
4.8079 1.7163 1.3193
4.8279 1.7304 1.3074
4.8478 1.7426 1.2956
4.8678 1.7536 1.2842
4.8877 1.7640 1.2725
4.9077 1.7737 1.2603
4.9276 1.7822 1.2473
4.9476 1.7891 1.2339
4.9675 1.7938 1.2207
4.9875 1.7967 1.2089
5.0074 1.7985 1.1993
5.0274 1.8004 1.1924
5.0473 1.8038 1.1877
5.0673 1.8095 1.1843
5.0872 1.8179 1.1811
5.1072 1.8286 1.1769
5.1271 1.8410 1.1712
5.1471 1.8541 1.1636
5.1670 1.8672 1.1545
5.1870 1.8799 1.1447
5.2069 1.8926 1.1348
5.2269 1.9058 1.1253
5.2468 1.9205 1.1159
5.2668 1.9372 1.1061
5.2867 1.9563 1.0949
5.3067 1.9775 1.0814
5.3266 2.0004 1.0647
5.3466 2.0241 1.0444
5.3665 2.0476 1.0202
5.3865 2.0700 0.9922
5.4064 2.0904 0.9611
5.4264 2.1086 0.9275
5.4463 2.1244 0.8922
5.4663 2.1382 0.8561
5.4862 2.1510 0.8191
5.5062 2.1635 0.7809
5.5261 2.1762 0.7400
5.5461 2.1884 0.6947
5.5660 2.1976 0.6435
5.5860 2.2007 0.5868
5.6059 2.1948 0.5270
5.6259 2.1785 0.4682
5.6458 2.1531 0.4146
5.6658 2.1216 0.3691
5.6857 2.0882 0.3329
5.7057 2.0567 0.3054
5.7256 2.0305 0.2841
5.7456 2.0117 0.2654
5.7655 2.0004 0.2448
5.7855 1.9943 0.2184
5.8054 1.9895 0.1835
5.8254 1.9812 0.1402
5.8453 1.9654 0.0907
5.8653 1.9396 0.0389
5.8852 1.9041 -0.0111
5.9052 1.8602 -0.0560
5.9251 1.8104 -0.0940
5.9451 1.7574 -0.1239
5.9650 1.7035 -0.1461
5.9850 1.6509 -0.1614
6.0049 1.6007 -0.1711
6.0249 1.5536 -0.1768
6.0448 1.5095 -0.1797
6.0648 1.4683 -0.1805
6.0847 1.4296 -0.1798
6.1047 1.3934 -0.1781
6.1246 1.3592 -0.1760
6.1446 1.3266 -0.1739
6.1645 1.2947 -0.1716
6.1845 1.2633 -0.1688
6.2044 1.2325 -0.1648
6.2244 1.2027 -0.1596
6.2443 1.1745 -0.1534
6.2643 1.1479 -0.1468
6.2842 1.1226 -0.1402
6.3042 1.0981 -0.1337
6.3241 1.0741 -0.1270
6.3441 1.0508 -0.1196
6.3640 1.0286 -0.1116
6.3840 1.0080 -0.1033
6.4039 0.9889 -0.0953
6.4239 0.9710 -0.0885
6.4438 0.9531 -0.0828
6.4638 0.9346 -0.0779
6.4837 0.9150 -0.0728
6.5037 0.8947 -0.0664
6.5236 0.8747 -0.0582
6.5436 0.8561 -0.0484
6.5635 0.8396 -0.0380
6.5835 0.8252 -0.0280
6.6034 0.8122 -0.0192
6.6234 0.7997 -0.0119
6.6433 0.7869 -0.0058
6.6633 0.7733 -0.0002
6.6832 0.7589 0.0057
6.7032 0.7442 0.0125
6.7231 0.7298 0.0202
6.7431 0.7165 0.0287
6.7630 0.7044 0.0373
6.7830 0.6935 0.0451
6.8029 0.6829 0.0519
6.8229 0.6720 0.0579
6.8428 0.6602 0.0636
6.8628 0.6476 0.0699
6.8827 0.6350 0.0774
6.9027 0.6231 0.0861
6.9226 0.6126 0.0954
6.9426 0.6037 0.1046
6.9625 0.5962 0.1128
6.9825 0.5893 0.1195
7.0024 0.5822 0.1247
7.0224 0.5740 0.1287
7.0423 0.5642 0.1326
7.0623 0.5531 0.1373
7.0822 0.5414 0.1436
7.1022 0.5302 0.1518
7.1221 0.5204 0.1611
7.1421 0.5124 0.1709
7.1620 0.5063 0.1801
7.1820 0.5015 0.1880
7.2019 0.4971 0.1941
7.2219 0.4921 0.1987
7.2418 0.4860 0.2023
7.2618 0.4784 0.2058
7.2817 0.4697 0.2102
7.3017 0.4604 0.2158
7.3216 0.4517 0.2229
7.3416 0.4440 0.2309
7.3615 0.4377 0.2390
7.3815 0.4328 0.2467
7.4014 0.4287 0.2532
7.4214 0.4246 0.2585
7.4413 0.4200 0.2627
7.4613 0.4143 0.2665
7.4812 0.4076 0.2708
7.5012 0.4005 0.2759
7.5211 0.3936 0.2819
7.5411 0.3874 0.2885
7.5610 0.3821 0.2953
7.5810 0.3776 0.3018
7.6009 0.3737 0.3077
7.6209 0.3699 0.3128
7.6408 0.3660 0.3171
7.6608 0.3614 0.3209
7.6807 0.3560 0.3248
7.7007 0.3498 0.3292
7.7206 0.3435 0.3345
7.7406 0.3376 0.3407
7.7605 0.3326 0.3475
7.7805 0.3287 0.3544
7.8004 0.3257 0.3607
7.8204 0.3232 0.3661
7.8403 0.3209 0.3706
7.8603 0.3181 0.3742
7.8802 0.3145 0.3772
7.9002 0.3100 0.3801
7.9201 0.3045 0.3837
7.9401 0.2987 0.3882
7.9600 0.2930 0.3938
7.9800 0.2882 0.4002
7.9999 0.2844 0.4070
8.0199 0.2817 0.4136
8.0398 0.2799 0.4194
8.0598 0.2785 0.4243
8.0797 0.2770 0.4280
8.0997 0.2749 0.4310
8.1196 0.2718 0.4336
8.1396 0.2677 0.4364
8.1595 0.2630 0.4400
8.1795 0.2581 0.4445
8.1994 0.2537 0.4499
8.2194 0.2500 0.4560
8.2393 0.2473 0.4621
8.2593 0.2455 0.4679
8.2792 0.2442 0.4730
8.2992 0.2433 0.4774
8.3191 0.2421 0.4809
8.3391 0.2404 0.4838
8.3590 0.2381 0.4866
8.3790 0.2352 0.4896
8.3989 0.2320 0.4931
8.4189 0.2287 0.4971
8.4388 0.2257 0.5015
8.4588 0.2231 0.5063
8.4787 0.2212 0.5112
8.4987 0.2198 0.5158
8.5186 0.2189 0.5199
8.5386 0.2181 0.5233
8.5585 0.2171 0.5262
8.5785 0.2156 0.5286
8.5984 0.2136 0.5310
8.6184 0.2112 0.5337
8.6383 0.2086 0.5367
8.6583 0.2061 0.5401
8.6782 0.2038 0.5436
8.6982 0.2018 0.5472
8.7181 0.2001 0.5507
8.7381 0.1986 0.5541
8.7580 0.1972 0.5571
8.7780 0.1957 0.5597
8.7979 0.1939 0.5622
8.8179 0.1917 0.5647
8.8378 0.1893 0.5675
8.8578 0.1868 0.5707
8.8777 0.1846 0.5741
8.8977 0.1828 0.5776
8.9176 0.1812 0.5810
8.9376 0.1798 0.5841
8.9575 0.1784 0.5870
8.9775 0.1770 0.5897
8.9974 0.1754 0.5922
9.0174 0.1735 0.5946
9.0373 0.1715 0.5972
9.0573 0.1692 0.6000
9.0772 0.1670 0.6030
9.0972 0.1650 0.6063
9.1171 0.1633 0.6098
9.1371 0.1619 0.6132
9.1570 0.1608 0.6165
9.1770 0.1599 0.6194
9.1969 0.1590 0.6219
9.2169 0.1579 0.6241
9.2368 0.1565 0.6261
9.2568 0.1547 0.6281
9.2767 0.1526 0.6304
9.2967 0.1504 0.6331
9.3166 0.1483 0.6362
9.3366 0.1466 0.6395
9.3565 0.1452 0.6428
9.3765 0.1443 0.6460
9.3964 0.1436 0.6489
9.4164 0.1429 0.6513
9.4363 0.1422 0.6534
9.4563 0.1412 0.6551
9.4762 0.1397 0.6568
9.4962 0.1379 0.6586
9.5161 0.1359 0.6606
9.5361 0.1338 0.6630
9.5560 0.1318 0.6657
9.5760 0.1301 0.6685
9.5959 0.1286 0.6714
9.6159 0.1274 0.6741
9.6358 0.1263 0.6765
9.6558 0.1251 0.6787
9.6757 0.1237 0.6808
9.6957 0.1220 0.6828
9.7156 0.1202 0.6849
9.7356 0.1183 0.6872
9.7555 0.1164 0.6897
9.7755 0.1145 0.6923
9.7954 0.1127 0.6949
9.8154 0.1110 0.6975
9.8353 0.1092 0.7002
9.8553 0.1074 0.7028
9.8752 0.1055 0.7056
9.8952 0.1035 0.7085
9.9151 0.1017 0.7116
9.9351 0.0999 0.7149
9.9550 0.0984 0.7183
9.9750 0.0971 0.7216
9.9949 0.0960 0.7250
10.0149 0.0949 0.7282
10.0348 0.0939 0.7313
10.0548 0.0928 0.7344
10.0747 0.0918 0.7374
10.0947 0.0907 0.7406
10.1146 0.0897 0.7438
10.1346 0.0888 0.7471
10.1545 0.0881 0.7504
10.1745 0.0876 0.7538
10.1944 0.0872 0.7570
10.2144 0.0870 0.7600
10.2343 0.0868 0.7629
10.2543 0.0866 0.7656
10.2742 0.0864 0.7681
10.2942 0.0860 0.7705
10.3141 0.0856 0.7729
10.3341 0.0849 0.7752
10.3540 0.0842 0.7777
10.3740 0.0833 0.7802
10.3939 0.0824 0.7829
10.4139 0.0815 0.7857
10.4338 0.0807 0.7887
10.4538 0.0800 0.7919
10.4737 0.0795 0.7952
10.4937 0.0793 0.7985
10.5136 0.0793 0.8017
10.5336 0.0796 0.8049
10.5535 0.0800 0.8078
10.5735 0.0805 0.8104
10.5934 0.0811 0.8128
10.6134 0.0815 0.8150
10.6333 0.0818 0.8169
10.6533 0.0818 0.8188
10.6732 0.0816 0.8208
10.6932 0.0813 0.8229
10.7131 0.0809 0.8252
10.7331 0.0807 0.8277
10.7530 0.0807 0.8302
10.7730 0.0808 0.8327
10.7929 0.0812 0.8350
10.8129 0.0816 0.8372
10.8328 0.0820 0.8391
10.8528 0.0824 0.8408
10.8727 0.0826 0.8423
10.8927 0.0825 0.8436
10.9126 0.0822 0.8450
10.9326 0.0816 0.8463
10.9525 0.0807 0.8479
10.9725 0.0797 0.8497
10.9924 0.0786 0.8517
11.0124 0.0775 0.8541
11.0323 0.0765 0.8567
11.0523 0.0757 0.8595
11.0722 0.0751 0.8624
11.0922 0.0747 0.8653
11.1121 0.0744 0.8683
11.1321 0.0743 0.8713
11.1520 0.0744 0.8742
11.1720 0.0745 0.8770
11.1919 0.0748 0.8798
11.2119 0.0751 0.8826
11.2318 0.0754 0.8853
11.2518 0.0758 0.8879
11.2717 0.0763 0.8905
11.2917 0.0769 0.8930
11.3116 0.0775 0.8954
11.3316 0.0781 0.8977
11.3515 0.0786 0.8999
11.3715 0.0790 0.9020
11.3914 0.0794 0.9041
11.4114 0.0796 0.9063
11.4313 0.0799 0.9086
11.4513 0.0802 0.9110
11.4712 0.0805 0.9134
11.4912 0.0809 0.9158
11.5111 0.0814 0.9183
11.5311 0.0819 0.9207
11.5510 0.0825 0.9231
11.5710 0.0831 0.9255
11.5909 0.0838 0.9279
11.6109 0.0845 0.9303
11.6308 0.0853 0.9327
11.6508 0.0861 0.9351
11.6707 0.0869 0.9374
11.6907 0.0878 0.9397
11.7106 0.0887 0.9420
11.7306 0.0897 0.9442
11.7505 0.0906 0.9464
11.7705 0.0915 0.9485
11.7904 0.0924 0.9507
11.8104 0.0933 0.9529
11.8303 0.0943 0.9552
11.8503 0.0953 0.9575
11.8702 0.0964 0.9598
11.8902 0.0976 0.9621
11.9101 0.0988 0.9643
11.9301 0.1002 0.9666
11.9500 0.1016 0.9688
11.9700 0.1031 0.9709
11.9899 0.1046 0.9730
12.0099 0.1062 0.9750
12.0298 0.1078 0.9771
12.0497 0.1095 0.9791
12.0697 0.1113 0.9811
12.0896 0.1132 0.9829
12.1096 0.1153 0.9847
12.1295 0.1173 0.9863
12.1495 0.1194 0.9878
12.1694 0.1216 0.9892
12.1894 0.1238 0.9905
12.2093 0.1261 0.9916
12.2293 0.1284 0.9925
12.2492 0.1307 0.9931
12.2692 0.1329 0.9935
12.2891 0.1350 0.9937
12.3091 0.1369 0.9935
12.3290 0.1385 0.9933
12.3490 0.1398 0.9929
12.3689 0.1407 0.9926
12.3889 0.1413 0.9924
12.4088 0.1417 0.9924
12.4288 0.1420 0.9925
12.4487 0.1421 0.9929
12.4687 0.1422 0.9934
12.4886 0.1423 0.9941
12.5086 0.1423 0.9950
12.5285 0.1424 0.9960
12.5485 0.1425 0.9973
12.5684 0.1428 0.9986
12.5884 0.1432 1.0001
12.6083 0.1436 1.0015
12.6283 0.1442 1.0030
12.6482 0.1449 1.0045
12.6682 0.1456 1.0060
12.6881 0.1464 1.0075
12.7081 0.1472 1.0090
12.7280 0.1481 1.0104
12.7480 0.1490 1.0119
12.7679 0.1499 1.0134
12.7879 0.1509 1.0148
12.8078 0.1519 1.0162
12.8278 0.1529 1.0176
12.8477 0.1539 1.0190
12.8677 0.1549 1.0205
12.8876 0.1559 1.0220
12.9076 0.1570 1.0235
12.9275 0.1581 1.0250
12.9475 0.1593 1.0265
12.9674 0.1606 1.0280
12.9874 0.1618 1.0294
13.0073 0.1631 1.0307
13.0273 0.1643 1.0321
13.0472 0.1654 1.0335
13.0672 0.1666 1.0349
13.0871 0.1677 1.0365
13.1071 0.1689 1.0381
13.1270 0.1702 1.0398
13.1470 0.1715 1.0416
13.1669 0.1730 1.0434
13.1869 0.1745 1.0453
13.2068 0.1763 1.0472
13.2268 0.1782 1.0490
13.2467 0.1802 1.0508
13.2667 0.1823 1.0525
13.2866 0.1845 1.0541
13.3066 0.1868 1.0557
13.3265 0.1892 1.0572
13.3465 0.1916 1.0586
13.3664 0.1942 1.0599
13.3864 0.1968 1.0611
13.4063 0.1995 1.0621
13.4263 0.2021 1.0630
13.4462 0.2047 1.0637
13.4662 0.2073 1.0643
13.4861 0.2098 1.0649
13.5061 0.2123 1.0654
13.5260 0.2147 1.0658
13.5460 0.2171 1.0661
13.5659 0.2194 1.0664
13.5859 0.2215 1.0667
13.6058 0.2236 1.0670
13.6258 0.2256 1.0674
13.6457 0.2276 1.0678
13.6657 0.2296 1.0684
13.6856 0.2316 1.0690
13.7056 0.2338 1.0697
13.7255 0.2360 1.0703
13.7455 0.2383 1.0709
13.7654 0.2407 1.0714
13.7854 0.2431 1.0719
13.8053 0.2455 1.0723
13.8253 0.2479 1.0727
13.8452 0.2503 1.0731
13.8652 0.2527 1.0735
13.8851 0.2552 1.0739
13.9051 0.2577 1.0743
13.9250 0.2602 1.0746
13.9450 0.2628 1.0749
13.9649 0.2655 1.0752
13.9849 0.2682 1.0754
14.0048 0.2710 1.0755
14.0248 0.2738 1.0755
14.0447 0.2766 1.0755
14.0647 0.2795 1.0753
14.0846 0.2823 1.0750
14.1046 0.2851 1.0746
14.1245 0.2877 1.0742
14.1445 0.2903 1.0737
14.1644 0.2927 1.0733
14.1844 0.2951 1.0729
14.2043 0.2975 1.0726
14.2243 0.2999 1.0724
14.2442 0.3025 1.0723
14.2642 0.3051 1.0721
14.2841 0.3078 1.0719
14.3041 0.3106 1.0716
14.3240 0.3134 1.0713
14.3440 0.3163 1.0709
14.3639 0.3192 1.0705
14.3839 0.3221 1.0700
14.4038 0.3250 1.0694
14.4238 0.3279 1.0688
14.4437 0.3308 1.0682
14.4637 0.3337 1.0677
14.4836 0.3367 1.0671
14.5036 0.3398 1.0665
14.5235 0.3430 1.0659
14.5435 0.3463 1.0652
14.5634 0.3497 1.0644
14.5834 0.3532 1.0635
14.6033 0.3568 1.0624
14.6233 0.3605 1.0612
14.6432 0.3642 1.0597
14.6632 0.3679 1.0580
14.6831 0.3715 1.0561
14.7031 0.3749 1.0540
14.7230 0.3781 1.0519
14.7430 0.3812 1.0498
14.7629 0.3843 1.0478
14.7829 0.3874 1.0458
14.8028 0.3906 1.0437
14.8228 0.3939 1.0416
14.8427 0.3972 1.0392
14.8627 0.4005 1.0367
14.8826 0.4037 1.0341
14.9026 0.4068 1.0313
14.9225 0.4098 1.0285
14.9425 0.4127 1.0257
14.9624 0.4157 1.0229
14.9824 0.4186 1.0199
15.0023 0.4215 1.0168
15.0223 0.4245 1.0136
15.0422 0.4273 1.0102
15.0622 0.4301 1.0066
15.0821 0.4327 1.0029
15.1021 0.4352 0.9990
15.1220 0.4374 0.9950
15.1420 0.4393 0.9910
15.1619 0.4410 0.9870
15.1819 0.4425 0.9832
15.2018 0.4438 0.9794
15.2218 0.4451 0.9759
15.2417 0.4464 0.9724
15.2617 0.4477 0.9689
15.2816 0.4490 0.9655
15.3016 0.4503 0.9621
15.3215 0.4515 0.9587
15.3415 0.4525 0.9553
15.3614 0.4536 0.9521
15.3814 0.4546 0.9491
15.4013 0.4557 0.9462
15.4213 0.4570 0.9434
15.4412 0.4585 0.9406
15.4612 0.4602 0.9378
15.4811 0.4621 0.9349
15.5011 0.4641 0.9318
15.5210 0.4663 0.9286
15.5410 0.4687 0.9251
15.5609 0.4711 0.9213
15.5809 0.4735 0.9172
15.6008 0.4759 0.9127
15.6208 0.4781 0.9079
15.6407 0.4800 0.9028
15.6607 0.4817 0.8975
15.6806 0.4831 0.8921
15.7006 0.4842 0.8866
15.7205 0.4850 0.8810
15.7405 0.4856 0.8755
15.7604 0.4859 0.8700
15.7804 0.4861 0.8645
15.8003 0.4862 0.8591
15.8203 0.4861 0.8536
15.8402 0.4858 0.8482
15.8602 0.4855 0.8429
15.8801 0.4850 0.8375
15.9001 0.4844 0.8322
15.9200 0.4837 0.8269
15.9400 0.4830 0.8216
15.9599 0.4821 0.8162
15.9799 0.4811 0.8108
15.9998 0.4799 0.8054
16.0198 0.4786 0.7999
16.0397 0.4770 0.7944
16.0597 0.4752 0.7890
16.0796 0.4732 0.7837
16.0996 0.4711 0.7785
16.1195 0.4689 0.7734
16.1395 0.4666 0.7683
16.1594 0.4641 0.7633
16.1794 0.4615 0.7583
16.1993 0.4588 0.7534
16.2193 0.4559 0.7486
16.2392 0.4530 0.7438
16.2592 0.4499 0.7391
16.2791 0.4466 0.7344
16.2991 0.4430 0.7297
16.3190 0.4392 0.7253
16.3390 0.4351 0.7211
16.3589 0.4309 0.7172
16.3789 0.4267 0.7136
16.3988 0.4225 0.7104
16.4188 0.4184 0.7073
16.4387 0.4145 0.7044
16.4587 0.4106 0.7016
16.4786 0.4068 0.6988
16.4986 0.4030 0.6960
16.5185 0.3991 0.6932
16.5385 0.3951 0.6905
16.5584 0.3911 0.6879
16.5784 0.3870 0.6855
16.5983 0.3829 0.6832
16.6183 0.3789 0.6811
16.6382 0.3748 0.6791
16.6582 0.3708 0.6771
16.6781 0.3667 0.6753
16.6981 0.3627 0.6736
16.7180 0.3587 0.6720
16.7380 0.3547 0.6705
16.7579 0.3508 0.6690
16.7779 0.3469 0.6677
16.7978 0.3430 0.6664
16.8178 0.3392 0.6652
16.8377 0.3354 0.6641
16.8577 0.3316 0.6630
16.8776 0.3278 0.6620
16.8976 0.3241 0.6611
16.9175 0.3203 0.6602
16.9375 0.3166 0.6594
16.9574 0.3130 0.6587
16.9774 0.3093 0.6580
16.9973 0.3057 0.6575
17.0173 0.3020 0.6570
17.0372 0.2985 0.6566
17.0572 0.2950 0.6562
17.0771 0.2915 0.6560
17.0971 0.2881 0.6558
17.1170 0.2848 0.6556
17.1370 0.2815 0.6555
17.1569 0.2784 0.6555
17.1769 0.2753 0.6555
17.1968 0.2722 0.6554
17.2168 0.2693 0.6554
17.2367 0.2664 0.6553
17.2567 0.2634 0.6552
17.2766 0.2605 0.6551
17.2966 0.2576 0.6550
17.3165 0.2546 0.6550
17.3365 0.2517 0.6550
17.3564 0.2488 0.6551
17.3764 0.2459 0.6552
17.3963 0.2431 0.6553
17.4163 0.2403 0.6555
17.4362 0.2375 0.6557
17.4562 0.2348 0.6558
17.4761 0.2321 0.6560
17.4961 0.2294 0.6563
17.5160 0.2267 0.6565
17.5360 0.2241 0.6568
17.5559 0.2215 0.6571
17.5759 0.2188 0.6574
17.5958 0.2163 0.6577
17.6158 0.2137 0.6580
17.6357 0.2111 0.6584
17.6557 0.2085 0.6588
17.6756 0.2060 0.6592
17.6956 0.2035 0.6597
17.7155 0.2010 0.6602
17.7355 0.1986 0.6608
17.7554 0.1963 0.6613
17.7754 0.1940 0.6618
17.7953 0.1918 0.6622
17.8153 0.1895 0.6627
17.8352 0.1872 0.6631
17.8552 0.1849 0.6635
17.8751 0.1825 0.6640
17.8951 0.1802 0.6645
17.9150 0.1778 0.6650
17.9350 0.1754 0.6656
17.9549 0.1731 0.6663
17.9749 0.1708 0.6670
17.9948 0.1685 0.6677
18.0148 0.1663 0.6685
18.0347 0.1641 0.6693
18.0547 0.1620 0.6701
18.0746 0.1599 0.6710
18.0946 0.1579 0.6719
18.1145 0.1559 0.6727
18.1345 0.1540 0.6736
18.1544 0.1521 0.6744
18.1744 0.1502 0.6752
18.1943 0.1484 0.6760
18.2143 0.1466 0.6768
18.2342 0.1447 0.6775
18.2542 0.1428 0.6783
18.2741 0.1409 0.6791
18.2941 0.1390 0.6799
18.3140 0.1372 0.6807
18.3340 0.1354 0.6816
18.3539 0.1336 0.6824
18.3739 0.1318 0.6833
18.3938 0.1300 0.6842
18.4138 0.1283 0.6851
18.4337 0.1266 0.6860
18.4537 0.1249 0.6869
18.4736 0.1232 0.6878
18.4936 0.1216 0.6887
18.5135 0.1199 0.6895
18.5335 0.1182 0.6905
18.5534 0.1165 0.6914
18.5734 0.1148 0.6924
18.5933 0.1132 0.6934
18.6133 0.1116 0.6944
18.6332 0.1101 0.6954
18.6532 0.1085 0.6965
18.6731 0.1070 0.6975
18.6931 0.1055 0.6986
18.7130 0.1041 0.6996
18.7330 0.1027 0.7007
18.7529 0.1013 0.7018
18.7729 0.1000 0.7028
18.7928 0.0986 0.7038
18.8128 0.0973 0.7048
18.8327 0.0960 0.7058
18.8527 0.0947 0.7068
18.8726 0.0934 0.7078
18.8926 0.0921 0.7088
18.9125 0.0908 0.7098
18.9325 0.0895 0.7108
18.9524 0.0882 0.7119
18.9724 0.0869 0.7129
18.9923 0.0857 0.7140
19.0123 0.0845 0.7152
19.0322 0.0833 0.7163
19.0522 0.0822 0.7174
19.0721 0.0811 0.7185
19.0921 0.0801 0.7196
19.1120 0.0790 0.7207
19.1320 0.0780 0.7217
19.1519 0.0770 0.7227
19.1719 0.0760 0.7237
19.1918 0.0749 0.7247
19.2118 0.0739 0.7257
19.2317 0.0728 0.7268
19.2517 0.0718 0.7279
19.2716 0.0709 0.7290
19.2916 0.0700 0.7300
19.3115 0.0691 0.7311
19.3315 0.0682 0.7321
19.3514 0.0674 0.7331
19.3714 0.0666 0.7341
19.3913 0.0658 0.7351
19.4113 0.0649 0.7360
19.4312 0.0641 0.7370
19.4512 0.0633 0.7379
19.4711 0.0624 0.7389
19.4911 0.0616 0.7398
19.5110 0.0608 0.7408
19.5310 0.0600 0.7418
19.5509 0.0593 0.7427
19.5709 0.0585 0.7437
19.5908 0.0577 0.7446
19.6108 0.0570 0.7455
19.6307 0.0563 0.7464
19.6507 0.0555 0.7473
19.6706 0.0548 0.7482
19.6906 0.0541 0.7491
19.7105 0.0533 0.7500
19.7305 0.0526 0.7509
19.7504 0.0519 0.7518
19.7704 0.0512 0.7527
19.7903 0.0505 0.7536
19.8103 0.0498 0.7545
19.8302 0.0491 0.7554
19.8502 0.0484 0.7562
19.8701 0.0477 0.7571
19.8901 0.0470 0.7580
19.9100 0.0463 0.7589
19.9300 0.0456 0.7598
19.9499 0.0450 0.7608
19.9699 0.0443 0.7617
19.9898 0.0437 0.7626
20.0098 0.0431 0.7636
20.0297 0.0425 0.7645
20.0497 0.0420 0.7655
20.0696 0.0414 0.7664
20.0896 0.0409 0.7672
20.1095 0.0404 0.7681
20.1295 0.0399 0.7690
20.1494 0.0394 0.7698
20.1694 0.0389 0.7706
20.1893 0.0383 0.7714
20.2093 0.0378 0.7723
20.2292 0.0373 0.7731
20.2492 0.0368 0.7739
20.2691 0.0363 0.7747
20.2891 0.0358 0.7755
20.3090 0.0353 0.7763
20.3290 0.0348 0.7771
20.3489 0.0342 0.7779
20.3689 0.0337 0.7787
20.3888 0.0332 0.7796
20.4088 0.0327 0.7804
20.4287 0.0322 0.7812
20.4487 0.0317 0.7821
20.4686 0.0313 0.7829
20.4886 0.0308 0.7837
20.5085 0.0304 0.7846
20.5285 0.0299 0.7854
20.5484 0.0295 0.7862
20.5684 0.0291 0.7870
20.5883 0.0287 0.7879
20.6083 0.0283 0.7887
20.6282 0.0279 0.7895
20.6482 0.0276 0.7903
20.6681 0.0272 0.7911
20.6881 0.0269 0.7919
20.7080 0.0265 0.7927
20.7280 0.0262 0.7934
20.7479 0.0258 0.7942
20.7679 0.0255 0.7949
20.7878 0.0251 0.7957
20.8078 0.0248 0.7964
20.8277 0.0244 0.7972
20.8477 0.0241 0.7979
20.8676 0.0237 0.7987
20.8876 0.0234 0.7994
20.9075 0.0231 0.8001
20.9275 0.0227 0.8009
20.9474 0.0224 0.8016
20.9674 0.0221 0.8024
20.9873 0.0218 0.8031
21.0073 0.0215 0.8039
21.0272 0.0212 0.8046
21.0472 0.0210 0.8053
21.0671 0.0207 0.8061
21.0871 0.0204 0.8068
21.1070 0.0202 0.8075
21.1270 0.0199 0.8082
21.1469 0.0197 0.8089
21.1669 0.0194 0.8096
21.1868 0.0192 0.8103
21.2068 0.0189 0.8110
21.2267 0.0187 0.8117
21.2467 0.0185 0.8123
21.2666 0.0182 0.8130
21.2866 0.0180 0.8137
21.3065 0.0178 0.8144
21.3265 0.0176 0.8150
21.3464 0.0174 0.8157
21.3664 0.0172 0.8163
21.3863 0.0170 0.8170
21.4063 0.0168 0.8176
21.4262 0.0166 0.8182
21.4462 0.0164 0.8188
21.4661 0.0162 0.8195
21.4861 0.0160 0.8201
21.5060 0.0158 0.8207
21.5260 0.0156 0.8213
21.5459 0.0154 0.8219
21.5659 0.0152 0.8225
21.5858 0.0150 0.8231
21.6058 0.0148 0.8237
21.6257 0.0146 0.8243
21.6457 0.0145 0.8249
21.6656 0.0143 0.8255
21.6856 0.0141 0.8261
21.7055 0.0139 0.8267
21.7255 0.0138 0.8273
21.7454 0.0136 0.8279
21.7654 0.0134 0.8285
21.7853 0.0133 0.8290
21.8053 0.0131 0.8296
21.8252 0.0129 0.8302
21.8452 0.0128 0.8307
21.8651 0.0126 0.8313
21.8851 0.0125 0.8319
21.9050 0.0123 0.8324
21.9250 0.0122 0.8330
21.9449 0.0120 0.8336
21.9649 0.0119 0.8341
21.9848 0.0117 0.8347
22.0048 0.0116 0.8352
22.0247 0.0114 0.8357
22.0447 0.0113 0.8363
22.0646 0.0112 0.8368
22.0846 0.0110 0.8374
22.1045 0.0109 0.8379
22.1245 0.0108 0.8384
22.1444 0.0107 0.8390
22.1644 0.0105 0.8395
22.1843 0.0104 0.8400
22.2043 0.0103 0.8405
22.2242 0.0102 0.8410
22.2442 0.0101 0.8415
22.2641 0.0099 0.8420
22.2841 0.0098 0.8425
22.3040 0.0097 0.8430
22.3240 0.0096 0.8435
22.3439 0.0094 0.8440
22.3639 0.0093 0.8445
22.3838 0.0092 0.8450
22.4038 0.0091 0.8455
22.4237 0.0090 0.8460
22.4437 0.0089 0.8465
22.4636 0.0088 0.8470
22.4836 0.0087 0.8475
22.5035 0.0085 0.8480
22.5235 0.0084 0.8485
22.5434 0.0083 0.8489
22.5634 0.0082 0.8494
22.5833 0.0081 0.8499
22.6033 0.0080 0.8504
22.6232 0.0079 0.8509
22.6432 0.0078 0.8513
22.6631 0.0077 0.8518
22.6831 0.0076 0.8523
22.7030 0.0075 0.8528
22.7230 0.0074 0.8533
22.7429 0.0073 0.8537
22.7629 0.0072 0.8542
22.7828 0.0071 0.8547
22.8028 0.0071 0.8552
22.8227 0.0070 0.8556
22.8427 0.0069 0.8561
22.8626 0.0068 0.8566
22.8826 0.0068 0.8571
22.9025 0.0067 0.8575
22.9225 0.0066 0.8580
22.9424 0.0066 0.8584
22.9624 0.0065 0.8589
22.9823 0.0065 0.8594
23.0023 0.0064 0.8598
23.0222 0.0064 0.8603
23.0422 0.0063 0.8607
23.0621 0.0063 0.8612
23.0821 0.0063 0.8616
23.1020 0.0062 0.8621
23.1220 0.0062 0.8625
23.1419 0.0062 0.8629
23.1619 0.0062 0.8633
23.1818 0.0061 0.8638
23.2018 0.0061 0.8642
23.2217 0.0061 0.8646
23.2417 0.0061 0.8650
23.2616 0.0060 0.8654
23.2816 0.0060 0.8658
23.3015 0.0060 0.8662
23.3215 0.0060 0.8666
23.3414 0.0060 0.8670
23.3614 0.0060 0.8674
23.3813 0.0060 0.8678
23.4013 0.0059 0.8681
23.4212 0.0059 0.8685
23.4412 0.0059 0.8689
23.4611 0.0058 0.8693
23.4811 0.0058 0.8696
23.5010 0.0058 0.8700
23.5210 0.0057 0.8704
23.5409 0.0057 0.8708
23.5609 0.0056 0.8712
23.5808 0.0056 0.8716
23.6008 0.0056 0.8720
23.6207 0.0056 0.8724
23.6407 0.0056 0.8728
23.6606 0.0056 0.8732
23.6806 0.0056 0.8736
23.7005 0.0056 0.8739
23.7205 0.0056 0.8743
23.7404 0.0057 0.8747
23.7604 0.0057 0.8750
23.7803 0.0057 0.8754
23.8003 0.0057 0.8757
23.8202 0.0058 0.8761
23.8402 0.0058 0.8764
23.8601 0.0058 0.8768
23.8801 0.0059 0.8771
23.9000 0.0059 0.8774
23.9200 0.0059 0.8777
23.9399 0.0060 0.8780
23.9599 0.0060 0.8783
23.9798 0.0060 0.8786
23.9998 0.0060 0.8789
24.0197 0.0060 0.8792
24.0397 0.0060 0.8795
24.0596 0.0060 0.8798
24.0796 0.0061 0.8801
24.0995 0.0061 0.8804
24.1194 0.0061 0.8807
24.1394 0.0061 0.8810
24.1593 0.0061 0.8813
24.1793 0.0061 0.8816
24.1992 0.0062 0.8819
24.2192 0.0062 0.8822
24.2391 0.0062 0.8824
24.2591 0.0062 0.8827
24.2790 0.0062 0.8830
24.2990 0.0062 0.8832
24.3189 0.0063 0.8835
24.3389 0.0063 0.8838
24.3588 0.0063 0.8840
24.3788 0.0063 0.8843
24.3987 0.0063 0.8846
24.4187 0.0063 0.8848
24.4386 0.0063 0.8851
24.4586 0.0063 0.8853
24.4785 0.0063 0.8856
24.4985 0.0063 0.8858
24.5184 0.0063 0.8861
24.5384 0.0063 0.8863
24.5583 0.0064 0.8866
24.5783 0.0064 0.8868
24.5982 0.0064 0.8871
24.6182 0.0064 0.8873
24.6381 0.0064 0.8875
24.6581 0.0064 0.8878
24.6780 0.0064 0.8880
24.6980 0.0064 0.8882
24.7179 0.0064 0.8885
24.7379 0.0064 0.8887
24.7578 0.0064 0.8889
24.7778 0.0064 0.8892
24.7977 0.0064 0.8894
24.8177 0.0064 0.8896
24.8376 0.0064 0.8898
24.8576 0.0064 0.8900
24.8775 0.0064 0.8903
24.8975 0.0064 0.8905
24.9174 0.0064 0.8907
24.9374 0.0064 0.8909
24.9573 0.0064 0.8911
24.9773 0.0064 0.8913
24.9972 0.0064 0.8915
25.0172 0.0064 0.8918
25.0371 0.0063 0.8920
25.0571 0.0063 0.8922
25.0770 0.0063 0.8924
25.0970 0.0063 0.8926
25.1169 0.0063 0.8928
25.1369 0.0063 0.8930
25.1568 0.0063 0.8932
25.1768 0.0063 0.8934
25.1967 0.0063 0.8936
25.2167 0.0063 0.8938
25.2366 0.0063 0.8940
25.2566 0.0063 0.8942
25.2765 0.0063 0.8944
25.2965 0.0063 0.8945
25.3164 0.0063 0.8947
25.3364 0.0063 0.8949
25.3563 0.0063 0.8951
25.3763 0.0062 0.8952
25.3962 0.0062 0.8954
25.4162 0.0062 0.8955
25.4361 0.0061 0.8957
25.4561 0.0061 0.8959
25.4760 0.0061 0.8960
25.4960 0.0060 0.8962
25.5159 0.0059 0.8963
25.5359 0.0059 0.8965
25.5558 0.0058 0.8967
25.5758 0.0057 0.8968
25.5957 0.0056 0.8970
25.6157 0.0056 0.8972
25.6356 0.0055 0.8974
25.6556 0.0054 0.8976
25.6755 0.0053 0.8978
25.6955 0.0053 0.8980
25.7154 0.0052 0.8982
25.7354 0.0051 0.8985
25.7553 0.0051 0.8987
25.7753 0.0050 0.8989
25.7952 0.0049 0.8991
25.8152 0.0049 0.8993
25.8351 0.0048 0.8996
25.8551 0.0048 0.8998
25.8750 0.0047 0.9000
25.8950 0.0047 0.9002
25.9149 0.0046 0.9005
25.9349 0.0046 0.9007
25.9548 0.0046 0.9009
25.9748 0.0045 0.9011
25.9947 0.0045 0.9014
26.0147 0.0045 0.9016
26.0346 0.0044 0.9018
26.0546 0.0044 0.9020
26.0745 0.0044 0.9023
26.0945 0.0044 0.9025
26.1144 0.0044 0.9027
26.1344 0.0043 0.9029
26.1543 0.0043 0.9031
26.1743 0.0043 0.9033
26.1942 0.0043 0.9036
26.2142 0.0043 0.9038
26.2341 0.0043 0.9040
26.2541 0.0043 0.9042
26.2740 0.0043 0.9044
26.2940 0.0043 0.9046
26.3139 0.0043 0.9048
26.3339 0.0043 0.9050
26.3538 0.0043 0.9052
26.3738 0.0043 0.9054
26.3937 0.0043 0.9056
26.4137 0.0044 0.9058
26.4336 0.0044 0.9060
26.4536 0.0044 0.9061
26.4735 0.0044 0.9063
26.4935 0.0044 0.9065
26.5134 0.0044 0.9066
26.5334 0.0044 0.9068
26.5533 0.0044 0.9069
26.5733 0.0044 0.9071
26.5932 0.0044 0.9072
26.6132 0.0044 0.9074
26.6331 0.0044 0.9075
26.6531 0.0044 0.9076
26.6730 0.0043 0.9078
26.6930 0.0043 0.9079
26.7129 0.0043 0.9081
26.7329 0.0043 0.9082
26.7528 0.0042 0.9084
26.7728 0.0042 0.9085
26.7927 0.0042 0.9087
26.8127 0.0041 0.9089
26.8326 0.0041 0.9090
26.8526 0.0040 0.9092
26.8725 0.0040 0.9093
26.8925 0.0040 0.9095
26.9124 0.0039 0.9097
26.9324 0.0039 0.9098
26.9523 0.0039 0.9100
26.9723 0.0038 0.9102
26.9922 0.0038 0.9103
27.0122 0.0038 0.9105
27.0321 0.0038 0.9107
27.0521 0.0037 0.9108
27.0720 0.0037 0.9110
27.0920 0.0037 0.9112
27.1119 0.0037 0.9113
27.1319 0.0036 0.9115
27.1518 0.0036 0.9117
27.1718 0.0036 0.9118
27.1917 0.0036 0.9120
27.2117 0.0035 0.9121
27.2316 0.0035 0.9123
27.2516 0.0035 0.9125
27.2715 0.0035 0.9126
27.2915 0.0034 0.9128
27.3114 0.0034 0.9129
27.3314 0.0034 0.9131
27.3513 0.0034 0.9133
27.3713 0.0033 0.9134
27.3912 0.0033 0.9136
27.4112 0.0033 0.9137
27.4311 0.0033 0.9139
27.4511 0.0033 0.9141
27.4710 0.0032 0.9142
27.4910 0.0032 0.9144
27.5109 0.0032 0.9145
27.5309 0.0032 0.9147
27.5508 0.0032 0.9149
27.5708 0.0031 0.9150
27.5907 0.0031 0.9152
27.6107 0.0031 0.9153
27.6306 0.0031 0.9155
27.6506 0.0031 0.9156
27.6705 0.0031 0.9158
27.6905 0.0030 0.9159
27.7104 0.0030 0.9161
27.7304 0.0030 0.9162
27.7503 0.0030 0.9164
27.7703 0.0030 0.9165
27.7902 0.0030 0.9167
27.8102 0.0029 0.9168
27.8301 0.0029 0.9170
27.8501 0.0029 0.9171
27.8700 0.0029 0.9172
27.8900 0.0029 0.9174
27.9099 0.0028 0.9175
27.9299 0.0028 0.9177
27.9498 0.0028 0.9178
27.9698 0.0028 0.9180
27.9897 0.0028 0.9181
28.0097 0.0027 0.9183
28.0296 0.0027 0.9184
28.0496 0.0027 0.9186
28.0695 0.0027 0.9187
28.0895 0.0027 0.9188
28.1094 0.0027 0.9190
28.1294 0.0026 0.9191
28.1493 0.0026 0.9193
28.1693 0.0026 0.9194
28.1892 0.0026 0.9195
28.2092 0.0026 0.9197
28.2291 0.0026 0.9198
28.2491 0.0026 0.9200
28.2690 0.0025 0.9201
28.2890 0.0025 0.9202
28.3089 0.0025 0.9204
28.3289 0.0025 0.9205
28.3488 0.0025 0.9206
28.3688 0.0025 0.9208
28.3887 0.0025 0.9209
28.4087 0.0024 0.9210
28.4286 0.0024 0.9212
28.4486 0.0024 0.9213
28.4685 0.0024 0.9214
28.4885 0.0024 0.9216
28.5084 0.0024 0.9217
28.5284 0.0023 0.9218
28.5483 0.0023 0.9220
28.5683 0.0023 0.9221
28.5882 0.0023 0.9222
28.6082 0.0023 0.9223
28.6281 0.0023 0.9225
28.6481 0.0022 0.9226
28.6680 0.0022 0.9227
28.6880 0.0022 0.9228
28.7079 0.0022 0.9230
28.7279 0.0022 0.9231
28.7478 0.0021 0.9232
28.7678 0.0021 0.9233
28.7877 0.0021 0.9235
28.8077 0.0021 0.9236
28.8276 0.0020 0.9237
28.8476 0.0020 0.9238
28.8675 0.0020 0.9239
28.8875 0.0020 0.9241
28.9074 0.0019 0.9242
28.9274 0.0019 0.9243
28.9473 0.0019 0.9244
28.9673 0.0019 0.9246
28.9872 0.0018 0.9247
29.0072 0.0018 0.9248
29.0271 0.0018 0.9250
29.0471 0.0017 0.9251
29.0670 0.0017 0.9252
29.0870 0.0017 0.9253
29.1069 0.0017 0.9255
29.1269 0.0016 0.9256
29.1468 0.0016 0.9257
29.1668 0.0016 0.9259
29.1867 0.0016 0.9260
29.2067 0.0015 0.9261
29.2266 0.0015 0.9262
29.2466 0.0015 0.9264
29.2665 0.0015 0.9265
29.2865 0.0014 0.9266
29.3064 0.0014 0.9268
29.3264 0.0014 0.9269
29.3463 0.0014 0.9270
29.3663 0.0013 0.9272
29.3862 0.0013 0.9273
29.4062 0.0013 0.9274
29.4261 0.0013 0.9275
29.4461 0.0013 0.9277
29.4660 0.0012 0.9278
29.4860 0.0012 0.9279
29.5059 0.0012 0.9281
29.5259 0.0012 0.9282
29.5458 0.0012 0.9283
29.5658 0.0011 0.9285
29.5857 0.0011 0.9286
29.6057 0.0011 0.9287
29.6256 0.0011 0.9289
29.6456 0.0011 0.9290
29.6655 0.0011 0.9291
29.6855 0.0011 0.9292
29.7054 0.0010 0.9294
29.7254 0.0010 0.9295
29.7453 0.0010 0.9296
29.7653 0.0010 0.9297
29.7852 0.0010 0.9299
29.8052 0.0010 0.9300
29.8251 0.0010 0.9301
29.8451 0.0009 0.9303
29.8650 0.0009 0.9304
29.8850 0.0009 0.9305
29.9049 0.0009 0.9306
29.9249 0.0009 0.9308
29.9448 0.0009 0.9309
29.9648 0.0009 0.9310
29.9847 0.0009 0.9311
30.0047 0.0009 0.9312
30.0246 0.0009 0.9314
30.0446 0.0009 0.9315
30.0645 0.0008 0.9316
30.0845 0.0008 0.9317
30.1044 0.0008 0.9319
30.1244 0.0008 0.9320
30.1443 0.0008 0.9321
30.1643 0.0008 0.9322
30.1842 0.0008 0.9323
30.2042 0.0008 0.9324
30.2241 0.0008 0.9326
30.2441 0.0008 0.9327
30.2640 0.0008 0.9328
30.2840 0.0008 0.9329
30.3039 0.0008 0.9330
30.3239 0.0008 0.9331
30.3438 0.0008 0.9333
30.3638 0.0008 0.9334
30.3837 0.0007 0.9335
30.4037 0.0007 0.9336
30.4236 0.0007 0.9337
30.4436 0.0007 0.9338
30.4635 0.0007 0.9339
30.4835 0.0007 0.9341
30.5034 0.0007 0.9342
30.5234 0.0007 0.9343
30.5433 0.0007 0.9344
30.5633 0.0007 0.9345
30.5832 0.0007 0.9346
30.6032 0.0007 0.9347
30.6231 0.0007 0.9348
30.6431 0.0007 0.9349
30.6630 0.0007 0.9350
30.6830 0.0007 0.9351
30.7029 0.0007 0.9353
30.7229 0.0007 0.9354
30.7428 0.0007 0.9355
30.7628 0.0007 0.9356
30.7827 0.0007 0.9357
30.8027 0.0007 0.9358
30.8226 0.0007 0.9359
30.8426 0.0007 0.9360
30.8625 0.0007 0.9361
30.8825 0.0006 0.9362
30.9024 0.0006 0.9363
30.9224 0.0006 0.9364
30.9423 0.0006 0.9365
30.9623 0.0006 0.9366
30.9822 0.0006 0.9367
31.0022 0.0006 0.9368
31.0221 0.0006 0.9369
31.0421 0.0006 0.9370
31.0620 0.0006 0.9371
31.0820 0.0006 0.9372
31.1019 0.0006 0.9373
31.1219 0.0006 0.9374
31.1418 0.0006 0.9375
31.1618 0.0006 0.9376
31.1817 0.0006 0.9377
31.2017 0.0006 0.9378
31.2216 0.0006 0.9379
31.2416 0.0006 0.9380
31.2615 0.0006 0.9381
31.2815 0.0006 0.9382
31.3014 0.0006 0.9383
31.3214 0.0006 0.9384
31.3413 0.0006 0.9385
31.3613 0.0006 0.9386
31.3812 0.0006 0.9387
31.4012 0.0006 0.9388
31.4211 0.0006 0.9389
31.4411 0.0005 0.9390
31.4610 0.0005 0.9391
31.4810 0.0005 0.9392
31.5009 0.0005 0.9393
31.5209 0.0005 0.9394
31.5408 0.0005 0.9395
31.5608 0.0005 0.9396
31.5807 0.0005 0.9397
31.6007 0.0005 0.9398
31.6206 0.0005 0.9399
31.6406 0.0005 0.9400
31.6605 0.0005 0.9401
31.6805 0.0005 0.9401
31.7004 0.0005 0.9402
31.7204 0.0005 0.9403
31.7403 0.0005 0.9404
31.7603 0.0005 0.9405
31.7802 0.0005 0.9406
31.8002 0.0005 0.9407
31.8201 0.0005 0.9408
31.8401 0.0005 0.9409
31.8600 0.0005 0.9410
31.8800 0.0005 0.9411
31.8999 0.0005 0.9412
31.9199 0.0005 0.9413
31.9398 0.0005 0.9413
31.9598 0.0005 0.9414
31.9797 0.0005 0.9415
31.9997 0.0005 0.9416
32.0196 0.0005 0.9417
32.0396 0.0005 0.9418
32.0595 0.0005 0.9419
32.0795 0.0005 0.9420
32.0994 0.0005 0.9421
32.1194 0.0005 0.9421
32.1393 0.0005 0.9422
32.1593 0.0005 0.9423
32.1792 0.0005 0.9424
32.1992 0.0005 0.9425
32.2191 0.0005 0.9426
32.2391 0.0004 0.9427
32.2590 0.0004 0.9428
32.2790 0.0004 0.9428
32.2989 0.0004 0.9429
32.3189 0.0004 0.9430
32.3388 0.0004 0.9431
32.3588 0.0004 0.9432
32.3787 0.0004 0.9433
32.3987 0.0004 0.9434
32.4186 0.0004 0.9434
32.4386 0.0004 0.9435
32.4585 0.0004 0.9436
32.4785 0.0004 0.9437
32.4984 0.0004 0.9438
32.5184 0.0004 0.9439
32.5383 0.0004 0.9440
32.5583 0.0004 0.9440
32.5782 0.0004 0.9441
32.5982 0.0004 0.9442
32.6181 0.0004 0.9443
32.6381 0.0004 0.9444
32.6580 0.0004 0.9445
32.6780 0.0004 0.9445
32.6979 0.0004 0.9446
32.7179 0.0004 0.9447
32.7378 0.0004 0.9448
32.7578 0.0004 0.9449
32.7777 0.0004 0.9449
32.7977 0.0004 0.9450
32.8176 0.0004 0.9451
32.8376 0.0004 0.9452
32.8575 0.0004 0.9453
32.8775 0.0004 0.9453
32.8974 0.0004 0.9454
32.9174 0.0004 0.9455
32.9373 0.0004 0.9456
32.9573 0.0004 0.9457
32.9772 0.0004 0.9457
32.9972 0.0004 0.9458
33.0171 0.0004 0.9459
33.0371 0.0004 0.9460
33.0570 0.0004 0.9461
33.0770 0.0004 0.9461
33.0969 0.0004 0.9462
33.1169 0.0004 0.9463
33.1368 0.0004 0.9464
33.1568 0.0004 0.9464
33.1767 0.0004 0.9465
33.1967 0.0004 0.9466
33.2166 0.0004 0.9467
33.2366 0.0004 0.9468
33.2565 0.0004 0.9468
33.2765 0.0004 0.9469
33.2964 0.0004 0.9470
33.3164 0.0004 0.9471
33.3363 0.0004 0.9471
33.3563 0.0004 0.9472
33.3762 0.0004 0.9473
33.3962 0.0004 0.9474
33.4161 0.0004 0.9474
33.4361 0.0004 0.9475
33.4560 0.0004 0.9476
33.4760 0.0004 0.9477
33.4959 0.0004 0.9477
33.5159 0.0004 0.9478
33.5358 0.0004 0.9479
33.5558 0.0004 0.9480
33.5757 0.0004 0.9480
33.5957 0.0004 0.9481
33.6156 0.0004 0.9482
33.6356 0.0004 0.9482
33.6555 0.0004 0.9483
33.6755 0.0004 0.9484
33.6954 0.0004 0.9485
33.7154 0.0004 0.9485
33.7353 0.0004 0.9486
33.7553 0.0004 0.9487
33.7752 0.0004 0.9488
33.7952 0.0004 0.9488
33.8151 0.0004 0.9489
33.8351 0.0004 0.9490
33.8550 0.0004 0.9490
33.8750 0.0004 0.9491
33.8949 0.0004 0.9492
33.9149 0.0004 0.9492
33.9348 0.0004 0.9493
33.9548 0.0004 0.9494
33.9747 0.0004 0.9495
33.9947 0.0003 0.9495
34.0146 0.0003 0.9496
34.0346 0.0003 0.9497
34.0545 0.0003 0.9497
34.0745 0.0003 0.9498
34.0944 0.0003 0.9499
34.1144 0.0003 0.9499
34.1343 0.0003 0.9500
34.1543 0.0003 0.9501
34.1742 0.0003 0.9501
34.1942 0.0003 0.9502
34.2141 0.0003 0.9503
34.2341 0.0003 0.9504
34.2540 0.0003 0.9504
34.2740 0.0003 0.9505
34.2939 0.0003 0.9506
34.3139 0.0003 0.9506
34.3338 0.0003 0.9507
34.3538 0.0003 0.9508
34.3737 0.0003 0.9508
34.3937 0.0003 0.9509
34.4136 0.0003 0.9510
34.4336 0.0003 0.9510
34.4535 0.0003 0.9511
34.4735 0.0003 0.9512
34.4934 0.0003 0.9512
34.5134 0.0003 0.9513
34.5333 0.0003 0.9514
34.5533 0.0003 0.9514
34.5732 0.0003 0.9515
34.5932 0.0003 0.9516
34.6131 0.0003 0.9516
34.6331 0.0003 0.9517
34.6530 0.0003 0.9517
34.6730 0.0003 0.9518
34.6929 0.0003 0.9519
34.7129 0.0003 0.9519
34.7328 0.0003 0.9520
34.7528 0.0003 0.9521
34.7727 0.0003 0.9521
34.7927 0.0003 0.9522
34.8126 0.0003 0.9523
34.8326 0.0003 0.9523
34.8525 0.0003 0.9524
34.8725 0.0003 0.9525
34.8924 0.0003 0.9525
34.9124 0.0003 0.9526
34.9323 0.0003 0.9526
34.9523 0.0003 0.9527
34.9722 0.0003 0.9528
34.9922 0.0003 0.9528
35.0121 0.0003 0.9529
35.0321 0.0003 0.9530
35.0520 0.0003 0.9530
35.0720 0.0003 0.9531
35.0919 0.0003 0.9531
35.1119 0.0003 0.9532
35.1318 0.0003 0.9533
35.1518 0.0003 0.9533
35.1717 0.0003 0.9534
35.1917 0.0003 0.9534
35.2116 0.0003 0.9535
35.2316 0.0003 0.9536
35.2515 0.0003 0.9536
35.2715 0.0003 0.9537
35.2914 0.0003 0.9537
35.3114 0.0003 0.9538
35.3313 0.0003 0.9539
35.3513 0.0003 0.9539
35.3712 0.0003 0.9540
35.3912 0.0003 0.9540
35.4111 0.0003 0.9541
35.4311 0.0003 0.9542
35.4510 0.0003 0.9542
35.4710 0.0003 0.9543
35.4909 0.0003 0.9543
35.5109 0.0003 0.9544
35.5308 0.0003 0.9545
35.5508 0.0003 0.9545
35.5707 0.0003 0.9546
35.5907 0.0003 0.9546
35.6106 0.0003 0.9547
35.6306 0.0003 0.9548
35.6505 0.0003 0.9548
35.6705 0.0003 0.9549
35.6904 0.0003 0.9549
35.7104 0.0003 0.9550
35.7303 0.0003 0.9550
35.7503 0.0003 0.9551
35.7702 0.0003 0.9552
35.7902 0.0003 0.9552
35.8101 0.0003 0.9553
35.8301 0.0003 0.9553
35.8500 0.0003 0.9554
35.8700 0.0003 0.9554
35.8899 0.0003 0.9555
35.9099 0.0003 0.9556
35.9298 0.0003 0.9556
35.9498 0.0003 0.9557
35.9697 0.0003 0.9557
35.9897 0.0003 0.9558
36.0096 0.0003 0.9558
36.0296 0.0003 0.9559
36.0495 0.0003 0.9560
36.0695 0.0003 0.9560
36.0894 0.0003 0.9561
36.1094 0.0003 0.9561
36.1293 0.0003 0.9562
36.1492 0.0003 0.9562
36.1692 0.0003 0.9563
36.1891 0.0003 0.9563
36.2091 0.0003 0.9564
36.2290 0.0003 0.9565
36.2490 0.0003 0.9565
36.2689 0.0003 0.9566
36.2889 0.0003 0.9566
36.3088 0.0003 0.9567
36.3288 0.0003 0.9567
36.3487 0.0003 0.9568
36.3687 0.0003 0.9568
36.3886 0.0003 0.9569
36.4086 0.0003 0.9569
36.4285 0.0003 0.9570
36.4485 0.0003 0.9570
36.4684 0.0003 0.9571
36.4884 0.0003 0.9572
36.5083 0.0003 0.9572
36.5283 0.0003 0.9573
36.5482 0.0003 0.9573
36.5682 0.0003 0.9574
36.5881 0.0003 0.9574
36.6081 0.0003 0.9575
36.6280 0.0003 0.9575
36.6480 0.0003 0.9576
36.6679 0.0003 0.9576
36.6879 0.0003 0.9577
36.7078 0.0003 0.9577
36.7278 0.0003 0.9578
36.7477 0.0003 0.9578
36.7677 0.0003 0.9579
36.7876 0.0003 0.9579
36.8076 0.0003 0.9580
36.8275 0.0003 0.9580
36.8475 0.0003 0.9581
36.8674 0.0003 0.9582
36.8874 0.0003 0.9582
36.9073 0.0003 0.9583
36.9273 0.0003 0.9583
36.9472 0.0003 0.9584
36.9672 0.0003 0.9584
36.9871 0.0003 0.9585
37.0071 0.0003 0.9585
37.0270 0.0003 0.9586
37.0470 0.0003 0.9586
37.0669 0.0003 0.9587
37.0869 0.0003 0.9587
37.1068 0.0003 0.9588
37.1268 0.0003 0.9588
37.1467 0.0003 0.9589
37.1667 0.0003 0.9589
37.1866 0.0002 0.9590
37.2066 0.0002 0.9590
37.2265 0.0002 0.9591
37.2465 0.0002 0.9591
37.2664 0.0002 0.9592
37.2864 0.0002 0.9592
37.3063 0.0002 0.9593
37.3263 0.0002 0.9593
37.3462 0.0002 0.9594
37.3662 0.0002 0.9594
37.3861 0.0002 0.9595
37.4061 0.0002 0.9595
37.4260 0.0002 0.9596
37.4460 0.0002 0.9596
37.4659 0.0002 0.9597
37.4859 0.0002 0.9597
37.5058 0.0002 0.9597
37.5258 0.0002 0.9598
37.5457 0.0002 0.9598
37.5657 0.0002 0.9599
37.5856 0.0002 0.9599
37.6056 0.0002 0.9600
37.6255 0.0002 0.9600
37.6455 0.0002 0.9601
37.6654 0.0002 0.9601
37.6854 0.0002 0.9602
37.7053 0.0002 0.9602
37.7253 0.0002 0.9603
37.7452 0.0002 0.9603
37.7652 0.0002 0.9604
37.7851 0.0002 0.9604
37.8051 0.0002 0.9605
37.8250 0.0002 0.9605
37.8450 0.0002 0.9606
37.8649 0.0002 0.9606
37.8849 0.0002 0.9606
37.9048 0.0002 0.9607
37.9248 0.0002 0.9607
37.9447 0.0002 0.9608
37.9647 0.0002 0.9608
37.9846 0.0002 0.9609
38.0046 0.0002 0.9609
38.0245 0.0002 0.9610
38.0445 0.0002 0.9610
38.0644 0.0002 0.9611
38.0844 0.0002 0.9611
38.1043 0.0002 0.9612
38.1243 0.0002 0.9612
38.1442 0.0002 0.9612
38.1642 0.0002 0.9613
38.1841 0.0002 0.9613
38.2041 0.0002 0.9614
38.2240 0.0002 0.9614
38.2440 0.0002 0.9615
38.2639 0.0002 0.9615
38.2839 0.0002 0.9616
38.3038 0.0002 0.9616
38.3238 0.0002 0.9617
38.3437 0.0002 0.9617
38.3637 0.0002 0.9617
38.3836 0.0002 0.9618
38.4036 0.0002 0.9618
38.4235 0.0002 0.9619
38.4435 0.0002 0.9619
38.4634 0.0002 0.9620
38.4834 0.0002 0.9620
38.5033 0.0002 0.9621
38.5233 0.0002 0.9621
38.5432 0.0002 0.9621
38.5632 0.0002 0.9622
38.5831 0.0002 0.9622
38.6031 0.0002 0.9623
38.6230 0.0002 0.9623
38.6430 0.0002 0.9624
38.6629 0.0002 0.9624
38.6829 0.0002 0.9624
38.7028 0.0002 0.9625
38.7228 0.0002 0.9625
38.7427 0.0002 0.9626
38.7627 0.0002 0.9626
38.7826 0.0002 0.9627
38.8026 0.0002 0.9627
38.8225 0.0002 0.9627
38.8425 0.0002 0.9628
38.8624 0.0002 0.9628
38.8824 0.0002 0.9629
38.9023 0.0002 0.9629
38.9223 0.0002 0.9630
38.9422 0.0002 0.9630
38.9622 0.0002 0.9630
38.9821 0.0002 0.9631
39.0021 0.0002 0.9631
39.0220 0.0002 0.9632
39.0420 0.0002 0.9632
39.0619 0.0002 0.9633
39.0819 0.0002 0.9633
39.1018 0.0002 0.9633
39.1218 0.0002 0.9634
39.1417 0.0002 0.9634
39.1617 0.0002 0.9635
39.1816 0.0002 0.9635
39.2016 0.0002 0.9635
39.2215 0.0002 0.9636
39.2415 0.0002 0.9636
39.2614 0.0002 0.9637
39.2814 0.0002 0.9637
39.3013 0.0002 0.9637
39.3213 0.0002 0.9638
39.3412 0.0002 0.9638
39.3612 0.0002 0.9639
39.3811 0.0002 0.9639
39.4011 0.0002 0.9640
39.4210 0.0002 0.9640
39.4410 0.0002 0.9640
39.4609 0.0002 0.9641
39.4809 0.0002 0.9641
39.5008 0.0002 0.9642
39.5208 0.0002 0.9642
39.5407 0.0002 0.9642
39.5607 0.0002 0.9643
39.5806 0.0002 0.9643
39.6006 0.0002 0.9644
39.6205 0.0002 0.9644
39.6405 0.0002 0.9644
39.6604 0.0002 0.9645
39.6804 0.0002 0.9645
39.7003 0.0002 0.9646
39.7203 0.0002 0.9646
39.7402 0.0002 0.9646
39.7602 0.0002 0.9647
39.7801 0.0002 0.9647
39.8001 0.0002 0.9648
39.8200 0.0002 0.9648
39.8400 0.0002 0.9648
39.8599 0.0002 0.9649
39.8799 0.0002 0.9649
