0.0000 0.0000 15.8416
0.0201 1.5195 15.7189
0.0401 3.0129 15.3393
0.0602 4.4282 14.6813
0.0802 5.6789 13.7425
0.1003 6.6635 12.5715
0.1203 7.3065 11.2760
0.1404 7.5983 9.9962
0.1604 7.6040 8.8547
0.1805 7.4341 7.9138
0.2006 7.1962 7.1676
0.2206 6.9590 6.5665
0.2407 6.7447 6.0521
0.2607 6.5429 5.5836
0.2808 6.3311 5.1458
0.3008 6.0926 4.7453
0.3209 5.8261 4.3997
0.3409 5.5477 4.1235
0.3610 5.2835 3.9168
0.3811 5.0556 3.7622
0.4011 4.8711 3.6324
0.4212 4.7197 3.5037
0.4412 4.5814 3.3659
0.4613 4.4380 3.2236
0.4813 4.2813 3.0907
0.5014 4.1149 2.9812
0.5215 3.9513 2.9022
0.5415 3.8049 2.8507
0.5616 3.6850 2.8147
0.5816 3.5914 2.7784
0.6017 3.5139 2.7302
0.6217 3.4377 2.6680
0.6418 3.3512 2.5996
0.6618 3.2519 2.5379
0.6819 3.1463 2.4933
0.7020 3.0461 2.4687
0.7220 2.9616 2.4582
0.7421 2.8966 2.4508
0.7621 2.8470 2.4361
0.7822 2.8029 2.4089
0.8022 2.7543 2.3715
0.8223 2.6952 2.3321
0.8423 2.6270 2.3002
0.8624 2.5567 2.2816
0.8825 2.4931 2.2759
0.9025 2.4423 2.2768
0.9226 2.4050 2.2758
0.9426 2.3757 2.2663
0.9627 2.3464 2.2471
0.9827 2.3108 2.2226
1.0028 2.2673 2.1998
1.0228 2.2195 2.1841
1.0429 2.1732 2.1773
1.0630 2.1332 2.1767
1.0830 2.1014 2.1777
1.1031 2.0764 2.1757
1.1231 2.0543 2.1684
1.1432 2.0310 2.1563
1.1632 2.0040 2.1425
1.1833 1.9734 2.1305
1.2033 1.9415 2.1227
1.2234 1.9112 2.1191
1.2435 1.8844 2.1179
1.2635 1.8613 2.1171
1.2836 1.8410 2.1154
1.3036 1.8225 2.1122
1.3237 1.8047 2.1072
1.3437 1.7867 2.1008
1.3638 1.7675 2.0936
1.3839 1.7467 2.0869
1.4039 1.7246 2.0821
1.4240 1.7028 2.0802
1.4440 1.6830 2.0811
1.4641 1.6668 2.0832
1.4841 1.6542 2.0843
1.5042 1.6438 2.0824
1.5242 1.6330 2.0772
1.5443 1.6195 2.0700
1.5644 1.6027 2.0637
1.5844 1.5839 2.0606
1.6045 1.5661 2.0618
1.6245 1.5519 2.0657
1.6446 1.5422 2.0694
1.6646 1.5357 2.0700
1.6847 1.5293 2.0666
1.7047 1.5202 2.0608
1.7248 1.5077 2.0554
1.7449 1.4932 2.0527
1.7649 1.4793 2.0534
1.7850 1.4679 2.0564
1.8050 1.4596 2.0594
1.8251 1.4536 2.0609
1.8451 1.4482 2.0601
1.8652 1.4419 2.0576
1.8852 1.4340 2.0545
1.9053 1.4246 2.0523
1.9254 1.4146 2.0517
1.9454 1.4051 2.0530
1.9655 1.3972 2.0555
1.9855 1.3913 2.0581
2.0056 1.3870 2.0598
2.0256 1.3834 2.0599
2.0457 1.3792 2.0585
2.0657 1.3733 2.0565
2.0858 1.3660 2.0556
2.1059 1.3584 2.0568
2.1259 1.3521 2.0598
2.1460 1.3482 2.0633
2.1660 1.3463 2.0656
2.1861 1.3448 2.0659
2.2061 1.3421 2.0647
2.2262 1.3378 2.0636
2.2463 1.3326 2.0638
2.2663 1.3276 2.0657
2.2864 1.3241 2.0686
2.3064 1.3222 2.0715
2.3265 1.3213 2.0733
2.3465 1.3206 2.0740
2.3666 1.3191 2.0739
2.3866 1.3166 2.0740
2.4067 1.3136 2.0750
2.4268 1.3110 2.0773
2.4468 1.3095 2.0802
2.4669 1.3093 2.0829
2.4869 1.3098 2.0847
2.5070 1.3102 2.0855
2.5270 1.3097 2.0861
2.5471 1.3086 2.0874
2.5671 1.3076 2.0897
2.5872 1.3076 2.0926
2.6073 1.3087 2.0954
2.6273 1.3104 2.0975
2.6474 1.3118 2.0989
2.6674 1.3128 2.1004
2.6875 1.3136 2.1023
2.7075 1.3148 2.1050
2.7276 1.3166 2.1079
2.7476 1.3192 2.1106
2.7677 1.3222 2.1129
2.7878 1.3250 2.1149
2.8078 1.3278 2.1171
2.8279 1.3307 2.1196
2.8479 1.3341 2.1225
2.8680 1.3382 2.1253
2.8880 1.3427 2.1277
2.9081 1.3474 2.1300
2.9281 1.3522 2.1322
2.9482 1.3572 2.1345
2.9683 1.3627 2.1368
2.9883 1.3686 2.1388
3.0084 1.3747 2.1404
3.0284 1.3808 2.1417
3.0485 1.3869 2.1427
3.0685 1.3927 2.1435
3.0886 1.3981 2.1442
3.1087 1.4028 2.1451
3.1287 1.4069 2.1468
3.1488 1.4105 2.1498
3.1688 1.4145 2.1545
3.1889 1.4195 2.1609
3.2089 1.4263 2.1686
3.2290 1.4352 2.1768
3.2490 1.4461 2.1849
3.2691 1.4588 2.1926
3.2892 1.4730 2.1997
3.3092 1.4886 2.2062
3.3293 1.5058 2.2120
3.3493 1.5244 2.2168
3.3694 1.5444 2.2203
3.3894 1.5654 2.2221
3.4095 1.5872 2.2224
3.4295 1.6093 2.2212
3.4496 1.6318 2.2186
3.4697 1.6547 2.2148
3.4897 1.6779 2.2097
3.5098 1.7016 2.2032
3.5298 1.7259 2.1952
3.5499 1.7507 2.1850
3.5699 1.7757 2.1723
3.5900 1.8003 2.1563
3.6100 1.8233 2.1366
3.6301 1.8429 2.1136
3.6502 1.8576 2.0882
3.6702 1.8660 2.0625
3.6903 1.8678 2.0395
3.7103 1.8640 2.0220
3.7304 1.8572 2.0127
3.7504 1.8507 2.0129
3.7705 1.8486 2.0226
3.7905 1.8546 2.0402
3.8106 1.8718 2.0626
3.8307 1.9022 2.0860
3.8507 1.9460 2.1056
3.8708 2.0018 2.1171
3.8908 2.0667 2.1171
3.9109 2.1370 2.1037
3.9309 2.2094 2.0763
3.9510 2.2809 2.0351
3.9711 2.3494 1.9805
3.9911 2.4128 1.9128
4.0112 2.4687 1.8318
4.0312 2.5136 1.7380
4.0513 2.5433 1.6331
4.0713 2.5541 1.5209
4.0914 2.5435 1.4072
4.1114 2.5118 1.2984
4.1315 2.4621 1.2003
4.1516 2.3990 1.1168
4.1716 2.3279 1.0490
4.1917 2.2531 0.9964
4.2117 2.1779 0.9575
4.2318 2.1044 0.9305
4.2518 2.0339 0.9137
4.2719 1.9674 0.9055
4.2919 1.9055 0.9044
4.3120 1.8484 0.9090
4.3321 1.7962 0.9180
4.3521 1.7484 0.9304
4.3722 1.7044 0.9458
4.3922 1.6638 0.9640
4.4123 1.6268 0.9850
4.4323 1.5934 1.0088
4.4524 1.5641 1.0350
4.4724 1.5388 1.0632
4.4925 1.5176 1.0930
4.5126 1.5003 1.1242
4.5326 1.4871 1.1569
4.5527 1.4781 1.1911
4.5727 1.4740 1.2266
4.5928 1.4754 1.2631
4.6128 1.4831 1.2998
4.6329 1.4977 1.3358
4.6529 1.5195 1.3695
4.6730 1.5485 1.3993
4.6931 1.5841 1.4233
4.7131 1.6250 1.4397
4.7332 1.6690 1.4471
4.7532 1.7135 1.4451
4.7733 1.7559 1.4344
4.7933 1.7944 1.4167
4.8134 1.8282 1.3938
4.8335 1.8574 1.3672
4.8535 1.8823 1.3378
4.8736 1.9029 1.3058
4.8936 1.9190 1.2713
4.9137 1.9296 1.2349
4.9337 1.9339 1.1978
4.9538 1.9314 1.1616
4.9738 1.9223 1.1285
4.9939 1.9078 1.1004
5.0140 1.8897 1.0790
5.0340 1.8704 1.0649
5.0541 1.8522 1.0580
5.0741 1.8372 1.0575
5.0942 1.8272 1.0620
5.1142 1.8233 1.0696
5.1343 1.8262 1.0784
5.1543 1.8357 1.0863
5.1744 1.8513 1.0913
5.1945 1.8717 1.0920
5.2145 1.8955 1.0875
5.2346 1.9213 1.0771
5.2546 1.9478 1.0606
5.2747 1.9735 1.0378
5.2947 1.9969 1.0085
5.3148 2.0158 0.9732
5.3348 2.0280 0.9333
5.3549 2.0318 0.8913
5.3750 2.0267 0.8505
5.3950 2.0137 0.8145
5.4151 1.9952 0.7858
5.4351 1.9745 0.7660
5.4552 1.9552 0.7552
5.4752 1.9402 0.7522
5.4953 1.9321 0.7553
5.5153 1.9328 0.7619
5.5354 1.9433 0.7694
5.5555 1.9641 0.7745
5.5755 1.9948 0.7739
5.5956 2.0339 0.7643
5.6156 2.0789 0.7430
5.6357 2.1265 0.7077
5.6557 2.1725 0.6574
5.6758 2.2124 0.5921
5.6959 2.2416 0.5134
5.7159 2.2559 0.4246
5.7360 2.2524 0.3307
5.7560 2.2306 0.2377
5.7761 2.1921 0.1510
5.7961 2.1409 0.0747
5.8162 2.0812 0.0105
5.8362 2.0173 -0.0413
5.8563 1.9523 -0.0820
5.8764 1.8884 -0.1132
5.8964 1.8270 -0.1368
5.9165 1.7685 -0.1545
5.9365 1.7130 -0.1677
5.9566 1.6601 -0.1772
5.9766 1.6098 -0.1834
5.9967 1.5619 -0.1868
6.0167 1.5167 -0.1878
6.0368 1.4741 -0.1868
6.0569 1.4339 -0.1844
6.0769 1.3962 -0.1808
6.0970 1.3606 -0.1765
6.1170 1.3271 -0.1717
6.1371 1.2953 -0.1666
6.1571 1.2648 -0.1616
6.1772 1.2353 -0.1564
6.1972 1.2065 -0.1508
6.2173 1.1788 -0.1446
6.2374 1.1522 -0.1377
6.2574 1.1269 -0.1306
6.2775 1.1030 -0.1235
6.2975 1.0799 -0.1166
6.3176 1.0573 -0.1100
6.3376 1.0352 -0.1032
6.3577 1.0136 -0.0961
6.3777 0.9927 -0.0887
6.3978 0.9726 -0.0812
6.4179 0.9532 -0.0738
6.4379 0.9343 -0.0664
6.4580 0.9157 -0.0589
6.4780 0.8975 -0.0512
6.4981 0.8799 -0.0431
6.5181 0.8632 -0.0349
6.5382 0.8473 -0.0267
6.5582 0.8320 -0.0189
6.5783 0.8170 -0.0115
6.5984 0.8022 -0.0042
6.6184 0.7874 0.0031
6.6385 0.7728 0.0108
6.6585 0.7587 0.0187
6.6786 0.7454 0.0267
6.6986 0.7326 0.0346
6.7187 0.7203 0.0421
6.7388 0.7082 0.0493
6.7588 0.6961 0.0563
6.7789 0.6839 0.0634
6.7989 0.6720 0.0709
6.8190 0.6605 0.0785
6.8390 0.6497 0.0861
6.8591 0.6393 0.0935
6.8791 0.6292 0.1005
6.8992 0.6190 0.1071
6.9193 0.6087 0.1138
6.9393 0.5983 0.1207
6.9594 0.5882 0.1280
6.9794 0.5786 0.1356
6.9995 0.5696 0.1431
7.0195 0.5612 0.1502
7.0396 0.5530 0.1568
7.0596 0.5446 0.1631
7.0797 0.5360 0.1693
7.0998 0.5272 0.1758
7.1198 0.5185 0.1827
7.1399 0.5104 0.1899
7.1599 0.5028 0.1971
7.1800 0.4958 0.2040
7.2000 0.4890 0.2104
7.2201 0.4822 0.2164
7.2401 0.4751 0.2223
7.2602 0.4678 0.2283
7.2803 0.4606 0.2347
7.3003 0.4537 0.2414
7.3204 0.4474 0.2480
7.3404 0.4415 0.2545
7.3605 0.4359 0.2604
7.3805 0.4303 0.2660
7.4006 0.4245 0.2713
7.4206 0.4183 0.2766
7.4407 0.4120 0.2821
7.4608 0.4058 0.2880
7.4808 0.3999 0.2941
7.5009 0.3944 0.3003
7.5209 0.3894 0.3062
7.5410 0.3846 0.3118
7.5610 0.3798 0.3170
7.5811 0.3747 0.3220
7.6012 0.3694 0.3270
7.6212 0.3640 0.3323
7.6413 0.3587 0.3378
7.6613 0.3537 0.3435
7.6814 0.3491 0.3492
7.7014 0.3448 0.3547
7.7215 0.3406 0.3599
7.7415 0.3363 0.3649
7.7616 0.3318 0.3698
7.7817 0.3273 0.3748
7.8017 0.3228 0.3799
7.8218 0.3185 0.3853
7.8418 0.3146 0.3906
7.8619 0.3108 0.3957
7.8819 0.3072 0.4006
7.9020 0.3034 0.4052
7.9220 0.2995 0.4098
7.9421 0.2954 0.4145
7.9622 0.2914 0.4194
7.9822 0.2875 0.4246
8.0023 0.2839 0.4299
8.0223 0.2807 0.4350
8.0424 0.2778 0.4399
8.0624 0.2749 0.4445
8.0825 0.2719 0.4488
8.1025 0.2686 0.4529
8.1226 0.2651 0.4572
8.1427 0.2614 0.4618
8.1627 0.2579 0.4668
8.1828 0.2548 0.4719
8.2028 0.2521 0.4771
8.2229 0.2497 0.4821
8.2429 0.2476 0.4867
8.2630 0.2455 0.4909
8.2830 0.2432 0.4949
8.3031 0.2406 0.4989
8.3232 0.2379 0.5030
8.3432 0.2352 0.5074
8.3633 0.2328 0.5120
8.3833 0.2306 0.5166
8.4034 0.2288 0.5210
8.4234 0.2272 0.5252
8.4435 0.2256 0.5291
8.4636 0.2240 0.5328
8.4836 0.2222 0.5363
8.5037 0.2204 0.5399
8.5237 0.2185 0.5434
8.5438 0.2167 0.5470
8.5638 0.2150 0.5505
8.5839 0.2134 0.5539
8.6039 0.2117 0.5572
8.6240 0.2100 0.5602
8.6441 0.2082 0.5632
8.6641 0.2062 0.5663
8.6842 0.2042 0.5694
8.7042 0.2022 0.5726
8.7243 0.2003 0.5759
8.7443 0.1985 0.5792
8.7644 0.1968 0.5823
8.7844 0.1952 0.5853
8.8045 0.1934 0.5881
8.8246 0.1915 0.5910
8.8446 0.1894 0.5939
8.8647 0.1873 0.5969
8.8847 0.1853 0.6002
8.9048 0.1834 0.6035
8.9248 0.1818 0.6068
8.9449 0.1803 0.6099
8.9649 0.1789 0.6129
8.9850 0.1774 0.6156
9.0051 0.1758 0.6182
9.0251 0.1739 0.6209
9.0452 0.1719 0.6237
9.0652 0.1699 0.6266
9.0853 0.1681 0.6298
9.1053 0.1664 0.6329
9.1254 0.1648 0.6361
9.1454 0.1634 0.6391
9.1655 0.1620 0.6419
9.1856 0.1605 0.6447
9.2056 0.1589 0.6475
9.2257 0.1573 0.6504
9.2457 0.1556 0.6533
9.2658 0.1541 0.6563
9.2858 0.1527 0.6592
9.3059 0.1513 0.6622
9.3260 0.1500 0.6650
9.3460 0.1486 0.6678
9.3661 0.1472 0.6706
9.3861 0.1458 0.6735
9.4062 0.1445 0.6763
9.4262 0.1432 0.6793
9.4463 0.1421 0.6821
9.4663 0.1410 0.6849
9.4864 0.1400 0.6876
9.5065 0.1388 0.6901
9.5265 0.1376 0.6926
9.5466 0.1362 0.6952
9.5666 0.1349 0.6979
9.5867 0.1336 0.7008
9.6067 0.1325 0.7036
9.6268 0.1316 0.7065
9.6468 0.1308 0.7092
9.6669 0.1300 0.7117
9.6870 0.1291 0.7140
9.7070 0.1281 0.7163
9.7271 0.1269 0.7187
9.7471 0.1258 0.7211
9.7672 0.1246 0.7236
9.7872 0.1236 0.7262
9.8073 0.1227 0.7288
9.8273 0.1218 0.7312
9.8474 0.1210 0.7336
9.8675 0.1201 0.7359
9.8875 0.1192 0.7381
9.9076 0.1182 0.7403
9.9276 0.1172 0.7425
9.9477 0.1161 0.7447
9.9677 0.1151 0.7469
9.9878 0.1140 0.7491
10.0078 0.1129 0.7512
10.0279 0.1117 0.7534
10.0480 0.1104 0.7555
10.0680 0.1091 0.7578
10.0881 0.1078 0.7601
10.1081 0.1065 0.7624
10.1282 0.1052 0.7647
10.1482 0.1039 0.7671
10.1683 0.1025 0.7695
10.1884 0.1010 0.7720
10.2084 0.0995 0.7746
10.2285 0.0981 0.7773
10.2485 0.0968 0.7802
10.2686 0.0955 0.7831
10.2886 0.0943 0.7860
10.3087 0.0932 0.7890
10.3287 0.0921 0.7920
10.3488 0.0911 0.7950
10.3689 0.0900 0.7981
10.3889 0.0891 0.8013
10.4090 0.0882 0.8047
10.4290 0.0875 0.8081
10.4491 0.0870 0.8116
10.4691 0.0868 0.8152
10.4892 0.0868 0.8187
10.5092 0.0872 0.8222
10.5293 0.0879 0.8254
10.5494 0.0888 0.8282
10.5694 0.0899 0.8307
10.5895 0.0909 0.8326
10.6095 0.0917 0.8341
10.6296 0.0922 0.8352
10.6496 0.0921 0.8361
10.6697 0.0915 0.8372
10.6897 0.0906 0.8385
10.7098 0.0895 0.8401
10.7299 0.0883 0.8421
10.7499 0.0873 0.8442
10.7700 0.0864 0.8465
10.7900 0.0856 0.8488
10.8101 0.0847 0.8511
10.8301 0.0839 0.8534
10.8502 0.0830 0.8557
10.8702 0.0821 0.8581
10.8903 0.0811 0.8607
10.9104 0.0802 0.8633
10.9304 0.0794 0.8661
10.9505 0.0786 0.8691
10.9705 0.0779 0.8721
10.9906 0.0774 0.8752
11.0106 0.0770 0.8783
11.0307 0.0768 0.8815
11.0508 0.0767 0.8846
11.0708 0.0767 0.8876
11.0909 0.0767 0.8906
11.1109 0.0769 0.8936
11.1310 0.0771 0.8965
11.1510 0.0774 0.8994
11.1711 0.0777 0.9023
11.1911 0.0782 0.9051
11.2112 0.0787 0.9078
11.2313 0.0793 0.9103
11.2513 0.0799 0.9128
11.2714 0.0805 0.9150
11.2914 0.0809 0.9172
11.3115 0.0812 0.9193
11.3315 0.0813 0.9215
11.3516 0.0813 0.9237
11.3716 0.0813 0.9261
11.3917 0.0813 0.9286
11.4118 0.0813 0.9312
11.4318 0.0814 0.9338
11.4519 0.0815 0.9366
11.4719 0.0817 0.9394
11.4920 0.0820 0.9422
11.5120 0.0824 0.9450
11.5321 0.0829 0.9479
11.5521 0.0834 0.9508
11.5722 0.0841 0.9536
11.5923 0.0848 0.9565
11.6123 0.0855 0.9594
11.6324 0.0864 0.9622
11.6524 0.0873 0.9650
11.6725 0.0883 0.9678
11.6925 0.0895 0.9706
11.7126 0.0906 0.9733
11.7326 0.0919 0.9760
11.7527 0.0932 0.9786
11.7728 0.0946 0.9811
11.7928 0.0960 0.9836
11.8129 0.0974 0.9859
11.8329 0.0989 0.9883
11.8530 0.1004 0.9905
11.8730 0.1019 0.9928
11.8931 0.1034 0.9949
11.9132 0.1049 0.9971
11.9332 0.1064 0.9992
11.9533 0.1080 1.0013
11.9733 0.1096 1.0034
11.9934 0.1112 1.0054
12.0134 0.1129 1.0074
12.0335 0.1147 1.0094
12.0535 0.1165 1.0112
12.0736 0.1184 1.0130
12.0937 0.1203 1.0148
12.1137 0.1224 1.0164
12.1338 0.1244 1.0178
12.1538 0.1266 1.0191
12.1739 0.1287 1.0202
12.1939 0.1307 1.0210
12.2140 0.1326 1.0216
12.2340 0.1342 1.0221
12.2541 0.1356 1.0224
12.2742 0.1368 1.0227
12.2942 0.1376 1.0229
12.3143 0.1382 1.0233
12.3343 0.1385 1.0239
12.3544 0.1386 1.0248
12.3744 0.1386 1.0259
12.3945 0.1386 1.0273
12.4145 0.1387 1.0290
12.4346 0.1388 1.0309
12.4547 0.1392 1.0330
12.4747 0.1398 1.0352
12.4948 0.1405 1.0375
12.5148 0.1414 1.0398
12.5349 0.1425 1.0422
12.5549 0.1437 1.0445
12.5750 0.1451 1.0467
12.5950 0.1466 1.0488
12.6151 0.1482 1.0509
12.6352 0.1498 1.0529
12.6552 0.1514 1.0549
12.6753 0.1531 1.0568
12.6953 0.1548 1.0587
12.7154 0.1566 1.0606
12.7354 0.1584 1.0624
12.7555 0.1603 1.0641
12.7756 0.1622 1.0658
12.7956 0.1642 1.0674
12.8157 0.1661 1.0690
12.8357 0.1680 1.0705
12.8558 0.1699 1.0720
12.8758 0.1718 1.0735
12.8959 0.1738 1.0749
12.9159 0.1757 1.0764
12.9360 0.1777 1.0778
12.9561 0.1796 1.0792
12.9761 0.1816 1.0806
12.9962 0.1837 1.0820
13.0162 0.1857 1.0834
13.0363 0.1878 1.0847
13.0563 0.1899 1.0861
13.0764 0.1920 1.0873
13.0964 0.1942 1.0886
13.1165 0.1964 1.0898
13.1366 0.1986 1.0910
13.1566 0.2008 1.0921
13.1767 0.2030 1.0931
13.1967 0.2052 1.0941
13.2168 0.2073 1.0951
13.2368 0.2094 1.0961
13.2569 0.2115 1.0971
13.2769 0.2135 1.0981
13.2970 0.2156 1.0992
13.3171 0.2176 1.1003
13.3371 0.2197 1.1015
13.3572 0.2219 1.1027
13.3772 0.2242 1.1040
13.3973 0.2265 1.1052
13.4173 0.2290 1.1064
13.4374 0.2315 1.1075
13.4574 0.2342 1.1086
13.4775 0.2368 1.1096
13.4976 0.2395 1.1104
13.5176 0.2421 1.1112
13.5377 0.2447 1.1119
13.5577 0.2473 1.1126
13.5778 0.2498 1.1133
13.5978 0.2522 1.1141
13.6179 0.2547 1.1149
13.6380 0.2573 1.1158
13.6580 0.2599 1.1167
13.6781 0.2626 1.1177
13.6981 0.2654 1.1186
13.7182 0.2682 1.1195
13.7382 0.2712 1.1203
13.7583 0.2742 1.1212
13.7783 0.2774 1.1219
13.7984 0.2806 1.1226
13.8185 0.2839 1.1232
13.8385 0.2872 1.1238
13.8586 0.2906 1.1242
13.8786 0.2941 1.1245
13.8987 0.2975 1.1247
13.9187 0.3009 1.1248
13.9388 0.3044 1.1249
13.9588 0.3078 1.1248
13.9789 0.3112 1.1247
13.9990 0.3146 1.1246
14.0190 0.3179 1.1244
14.0391 0.3212 1.1242
14.0591 0.3246 1.1240
14.0792 0.3280 1.1238
14.0992 0.3314 1.1236
14.1193 0.3349 1.1233
14.1393 0.3385 1.1229
14.1594 0.3421 1.1225
14.1795 0.3457 1.1220
14.1995 0.3494 1.1213
14.2196 0.3530 1.1206
14.2396 0.3566 1.1199
14.2597 0.3602 1.1191
14.2797 0.3639 1.1183
14.2998 0.3675 1.1174
14.3198 0.3713 1.1164
14.3399 0.3750 1.1153
14.3600 0.3787 1.1141
14.3800 0.3824 1.1129
14.4001 0.3861 1.1116
14.4201 0.3897 1.1102
14.4402 0.3934 1.1088
14.4602 0.3971 1.1073
14.4803 0.4008 1.1058
14.5004 0.4045 1.1042
14.5204 0.4082 1.1025
14.5405 0.4119 1.1007
14.5605 0.4156 1.0989
14.5806 0.4193 1.0971
14.6006 0.4230 1.0952
14.6207 0.4268 1.0933
14.6407 0.4307 1.0912
14.6608 0.4346 1.0891
14.6809 0.4386 1.0868
14.7009 0.4426 1.0844
14.7210 0.4466 1.0818
14.7410 0.4506 1.0790
14.7611 0.4547 1.0760
14.7811 0.4587 1.0729
14.8012 0.4626 1.0695
14.8212 0.4664 1.0658
14.8413 0.4701 1.0620
14.8614 0.4737 1.0580
14.8814 0.4770 1.0538
14.9015 0.4801 1.0495
14.9215 0.4830 1.0451
14.9416 0.4857 1.0406
14.9616 0.4881 1.0361
14.9817 0.4902 1.0317
15.0017 0.4922 1.0273
15.0218 0.4940 1.0230
15.0419 0.4956 1.0187
15.0619 0.4972 1.0146
15.0820 0.4986 1.0106
15.1020 0.5000 1.0066
15.1221 0.5013 1.0027
15.1421 0.5025 0.9989
15.1622 0.5036 0.9952
15.1822 0.5047 0.9916
15.2023 0.5058 0.9881
15.2224 0.5069 0.9848
15.2424 0.5080 0.9816
15.2625 0.5092 0.9785
15.2825 0.5105 0.9754
15.3026 0.5119 0.9725
15.3226 0.5135 0.9695
15.3427 0.5152 0.9665
15.3628 0.5170 0.9635
15.3828 0.5189 0.9604
15.4029 0.5210 0.9572
15.4229 0.5232 0.9539
15.4430 0.5254 0.9505
15.4630 0.5278 0.9469
15.4831 0.5301 0.9432
15.5031 0.5326 0.9394
15.5232 0.5350 0.9353
15.5433 0.5376 0.9311
15.5633 0.5401 0.9268
15.5834 0.5427 0.9222
15.6034 0.5454 0.9173
15.6235 0.5480 0.9122
15.6435 0.5506 0.9067
15.6636 0.5530 0.9009
15.6836 0.5553 0.8948
15.7037 0.5573 0.8884
15.7238 0.5590 0.8817
15.7438 0.5603 0.8749
15.7639 0.5614 0.8680
15.7839 0.5622 0.8610
15.8040 0.5627 0.8539
15.8240 0.5629 0.8467
15.8441 0.5629 0.8395
15.8641 0.5625 0.8322
15.8842 0.5619 0.8248
15.9043 0.5609 0.8174
15.9243 0.5595 0.8101
15.9444 0.5578 0.8029
15.9644 0.5558 0.7958
15.9845 0.5535 0.7888
16.0045 0.5510 0.7821
16.0246 0.5483 0.7755
16.0446 0.5454 0.7690
16.0647 0.5424 0.7627
16.0848 0.5391 0.7565
16.1048 0.5357 0.7505
16.1249 0.5321 0.7446
16.1449 0.5284 0.7389
16.1650 0.5245 0.7334
16.1850 0.5206 0.7281
16.2051 0.5165 0.7229
16.2252 0.5123 0.7179
16.2452 0.5081 0.7131
16.2653 0.5038 0.7084
16.2853 0.4993 0.7039
16.3054 0.4948 0.6995
16.3254 0.4902 0.6953
16.3455 0.4856 0.6913
16.3655 0.4808 0.6875
16.3856 0.4760 0.6838
16.4057 0.4712 0.6804
16.4257 0.4664 0.6772
16.4458 0.4616 0.6741
16.4658 0.4568 0.6713
16.4859 0.4521 0.6686
16.5059 0.4474 0.6660
16.5260 0.4428 0.6636
16.5460 0.4382 0.6612
16.5661 0.4337 0.6589
16.5862 0.4291 0.6567
16.6062 0.4246 0.6547
16.6263 0.4201 0.6527
16.6463 0.4156 0.6509
16.6664 0.4111 0.6491
16.6864 0.4067 0.6475
16.7065 0.4024 0.6460
16.7265 0.3981 0.6446
16.7466 0.3938 0.6432
16.7667 0.3896 0.6419
16.7867 0.3855 0.6406
16.8068 0.3814 0.6394
16.8268 0.3773 0.6382
16.8469 0.3732 0.6371
16.8669 0.3691 0.6360
16.8870 0.3651 0.6350
16.9070 0.3610 0.6341
16.9271 0.3570 0.6332
16.9472 0.3530 0.6325
16.9672 0.3490 0.6318
16.9873 0.3450 0.6312
17.0073 0.3411 0.6306
17.0274 0.3373 0.6302
17.0474 0.3335 0.6298
17.0675 0.3298 0.6294
17.0876 0.3261 0.6291
17.1076 0.3224 0.6287
17.1277 0.3188 0.6285
17.1477 0.3152 0.6282
17.1678 0.3115 0.6281
17.1878 0.3080 0.6280
17.2079 0.3044 0.6279
17.2279 0.3009 0.6280
17.2480 0.2975 0.6281
17.2681 0.2941 0.6282
17.2881 0.2909 0.6284
17.3082 0.2876 0.6286
17.3282 0.2844 0.6288
17.3483 0.2813 0.6290
17.3683 0.2782 0.6293
17.3884 0.2751 0.6295
17.4084 0.2721 0.6298
17.4285 0.2692 0.6301
17.4486 0.2663 0.6304
17.4686 0.2634 0.6307
17.4887 0.2605 0.6310
17.5087 0.2577 0.6313
17.5288 0.2549 0.6316
17.5488 0.2520 0.6319
17.5689 0.2492 0.6322
17.5889 0.2465 0.6326
17.6090 0.2437 0.6330
17.6291 0.2410 0.6334
17.6491 0.2383 0.6338
17.6692 0.2356 0.6342
17.6892 0.2330 0.6347
17.7093 0.2303 0.6351
17.7293 0.2276 0.6355
17.7494 0.2250 0.6360
17.7694 0.2223 0.6365
17.7895 0.2197 0.6371
17.8096 0.2171 0.6377
17.8296 0.2145 0.6384
17.8497 0.2120 0.6391
17.8697 0.2096 0.6398
17.8898 0.2072 0.6405
17.9098 0.2048 0.6412
17.9299 0.2024 0.6419
17.9500 0.2001 0.6426
17.9700 0.1978 0.6433
17.9901 0.1955 0.6440
18.0101 0.1932 0.6448
18.0302 0.1909 0.6456
18.0502 0.1887 0.6464
18.0703 0.1865 0.6471
18.0903 0.1844 0.6479
18.1104 0.1823 0.6487
18.1305 0.1802 0.6495
18.1505 0.1781 0.6503
18.1706 0.1760 0.6511
18.1906 0.1740 0.6519
18.2107 0.1720 0.6527
18.2307 0.1700 0.6535
18.2508 0.1680 0.6543
18.2708 0.1660 0.6551
18.2909 0.1640 0.6559
18.3110 0.1620 0.6567
18.3310 0.1600 0.6576
18.3511 0.1580 0.6585
18.3711 0.1561 0.6594
18.3912 0.1542 0.6603
18.4112 0.1523 0.6612
18.4313 0.1505 0.6622
18.4513 0.1487 0.6631
18.4714 0.1469 0.6641
18.4915 0.1451 0.6650
18.5115 0.1434 0.6659
18.5316 0.1417 0.6668
18.5516 0.1400 0.6678
18.5717 0.1383 0.6687
18.5917 0.1366 0.6696
18.6118 0.1349 0.6706
18.6318 0.1332 0.6715
18.6519 0.1316 0.6725
18.6720 0.1300 0.6735
18.6920 0.1283 0.6745
18.7121 0.1267 0.6755
18.7321 0.1252 0.6765
18.7522 0.1236 0.6775
18.7722 0.1221 0.6785
18.7923 0.1206 0.6795
18.8123 0.1191 0.6805
18.8324 0.1176 0.6815
18.8525 0.1162 0.6826
18.8725 0.1148 0.6836
18.8926 0.1134 0.6846
18.9126 0.1120 0.6856
18.9327 0.1106 0.6866
18.9527 0.1092 0.6877
18.9728 0.1079 0.6887
18.9929 0.1066 0.6897
19.0129 0.1053 0.6907
19.0330 0.1040 0.6917
19.0530 0.1027 0.6927
19.0731 0.1014 0.6937
19.0931 0.1002 0.6947
19.1132 0.0989 0.6957
19.1332 0.0977 0.6968
19.1533 0.0965 0.6978
19.1734 0.0953 0.6988
19.1934 0.0941 0.6998
19.2135 0.0929 0.7009
19.2335 0.0918 0.7019
19.2536 0.0907 0.7029
19.2736 0.0896 0.7040
19.2937 0.0885 0.7050
19.3137 0.0874 0.7060
19.3338 0.0864 0.7070
19.3539 0.0853 0.7080
19.3739 0.0843 0.7090
19.3940 0.0833 0.7099
19.4140 0.0823 0.7109
19.4341 0.0813 0.7118
19.4541 0.0803 0.7128
19.4742 0.0793 0.7137
19.4942 0.0783 0.7147
19.5143 0.0773 0.7156
19.5344 0.0763 0.7166
19.5544 0.0753 0.7175
19.5745 0.0743 0.7185
19.5945 0.0734 0.7195
19.6146 0.0724 0.7204
19.6346 0.0715 0.7214
19.6547 0.0706 0.7224
19.6747 0.0697 0.7234
19.6948 0.0688 0.7243
19.7149 0.0679 0.7253
19.7349 0.0671 0.7263
19.7550 0.0662 0.7272
19.7750 0.0654 0.7282
19.7951 0.0645 0.7291
19.8151 0.0637 0.7300
19.8352 0.0628 0.7310
19.8553 0.0620 0.7319
19.8753 0.0612 0.7329
19.8954 0.0604 0.7338
19.9154 0.0597 0.7347
19.9355 0.0589 0.7356
19.9555 0.0581 0.7365
19.9756 0.0573 0.7375
19.9956 0.0566 0.7384
20.0157 0.0558 0.7393
20.0358 0.0550 0.7402
20.0558 0.0542 0.7411
20.0759 0.0535 0.7420
20.0959 0.0527 0.7430
20.1160 0.0520 0.7439
20.1360 0.0513 0.7448
20.1561 0.0506 0.7458
20.1761 0.0499 0.7467
20.1962 0.0492 0.7476
20.2163 0.0485 0.7486
20.2363 0.0478 0.7495
20.2564 0.0472 0.7505
20.2764 0.0465 0.7514
20.2965 0.0459 0.7523
20.3165 0.0453 0.7532
20.3366 0.0447 0.7542
20.3566 0.0441 0.7551
20.3767 0.0435 0.7560
20.3968 0.0429 0.7568
20.4168 0.0423 0.7577
20.4369 0.0418 0.7586
20.4569 0.0412 0.7595
20.4770 0.0406 0.7604
20.4970 0.0401 0.7613
20.5171 0.0395 0.7622
20.5371 0.0390 0.7631
20.5572 0.0385 0.7640
20.5773 0.0379 0.7649
20.5973 0.0374 0.7657
20.6174 0.0369 0.7666
20.6374 0.0364 0.7675
20.6575 0.0359 0.7684
20.6775 0.0354 0.7692
20.6976 0.0350 0.7701
20.7177 0.0345 0.7710
20.7377 0.0341 0.7719
20.7578 0.0336 0.7727
20.7778 0.0332 0.7736
20.7979 0.0328 0.7744
20.8179 0.0324 0.7752
20.8380 0.0320 0.7760
20.8580 0.0315 0.7769
20.8781 0.0311 0.7777
20.8982 0.0307 0.7785
20.9182 0.0303 0.7793
20.9383 0.0299 0.7801
20.9583 0.0295 0.7809
20.9784 0.0292 0.7817
20.9984 0.0288 0.7825
21.0185 0.0284 0.7833
21.0385 0.0280 0.7841
21.0586 0.0277 0.7849
21.0787 0.0273 0.7856
21.0987 0.0270 0.7864
21.1188 0.0266 0.7872
21.1388 0.0263 0.7880
21.1589 0.0259 0.7887
21.1789 0.0256 0.7895
21.1990 0.0253 0.7902
21.2190 0.0250 0.7910
21.2391 0.0246 0.7918
21.2592 0.0243 0.7925
21.2792 0.0240 0.7932
21.2993 0.0237 0.7940
21.3193 0.0234 0.7947
21.3394 0.0231 0.7954
21.3594 0.0228 0.7962
21.3795 0.0226 0.7969
21.3995 0.0223 0.7976
21.4196 0.0220 0.7983
21.4397 0.0217 0.7990
21.4597 0.0215 0.7997
21.4798 0.0212 0.8004
21.4998 0.0209 0.8011
21.5199 0.0207 0.8018
21.5399 0.0204 0.8025
21.5600 0.0201 0.8032
21.5801 0.0199 0.8039
21.6001 0.0197 0.8046
21.6202 0.0194 0.8052
21.6402 0.0192 0.8059
21.6603 0.0189 0.8066
21.6803 0.0187 0.8072
21.7004 0.0184 0.8079
21.7204 0.0182 0.8085
21.7405 0.0180 0.8092
21.7606 0.0177 0.8098
21.7806 0.0175 0.8105
21.8007 0.0173 0.8111
21.8207 0.0171 0.8118
21.8408 0.0169 0.8124
21.8608 0.0166 0.8131
21.8809 0.0164 0.8137
21.9009 0.0162 0.8143
21.9210 0.0160 0.8150
21.9411 0.0158 0.8156
21.9611 0.0156 0.8162
21.9812 0.0154 0.8169
22.0012 0.0152 0.8175
22.0213 0.0150 0.8181
22.0413 0.0148 0.8187
22.0614 0.0146 0.8193
22.0814 0.0144 0.8199
22.1015 0.0143 0.8205
22.1216 0.0141 0.8211
22.1416 0.0139 0.8217
22.1617 0.0137 0.8223
22.1817 0.0136 0.8229
22.2018 0.0134 0.8235
22.2218 0.0132 0.8241
22.2419 0.0131 0.8247
22.2619 0.0129 0.8253
22.2820 0.0127 0.8258
22.3021 0.0126 0.8264
22.3221 0.0124 0.8270
22.3422 0.0122 0.8276
22.3622 0.0121 0.8281
22.3823 0.0119 0.8287
22.4023 0.0118 0.8293
22.4224 0.0116 0.8299
22.4425 0.0115 0.8304
22.4625 0.0113 0.8310
22.4826 0.0112 0.8316
22.5026 0.0110 0.8321
22.5227 0.0109 0.8327
22.5427 0.0108 0.8332
22.5628 0.0107 0.8338
22.5828 0.0105 0.8343
22.6029 0.0104 0.8349
22.6230 0.0103 0.8354
22.6430 0.0102 0.8360
22.6631 0.0100 0.8365
22.6831 0.0099 0.8371
22.7032 0.0098 0.8376
22.7232 0.0097 0.8381
22.7433 0.0096 0.8387
22.7633 0.0095 0.8392
22.7834 0.0094 0.8397
22.8035 0.0093 0.8403
22.8235 0.0092 0.8408
22.8436 0.0091 0.8413
22.8636 0.0090 0.8418
22.8837 0.0089 0.8423
22.9037 0.0088 0.8429
22.9238 0.0087 0.8434
22.9438 0.0086 0.8439
22.9639 0.0085 0.8444
22.9840 0.0085 0.8449
23.0040 0.0084 0.8454
23.0241 0.0083 0.8459
23.0441 0.0083 0.8464
23.0642 0.0082 0.8469
23.0842 0.0081 0.8474
23.1043 0.0081 0.8479
23.1243 0.0080 0.8484
23.1444 0.0080 0.8488
23.1645 0.0079 0.8493
23.1845 0.0078 0.8498
23.2046 0.0078 0.8503
23.2246 0.0077 0.8507
23.2447 0.0077 0.8512
23.2647 0.0076 0.8517
23.2848 0.0076 0.8521
23.3049 0.0076 0.8526
23.3249 0.0075 0.8530
23.3450 0.0075 0.8535
23.3650 0.0075 0.8539
23.3851 0.0074 0.8543
23.4051 0.0074 0.8548
23.4252 0.0073 0.8552
23.4452 0.0073 0.8556
23.4653 0.0072 0.8560
23.4854 0.0071 0.8564
23.5054 0.0071 0.8569
23.5255 0.0070 0.8573
23.5455 0.0069 0.8578
23.5656 0.0068 0.8582
23.5856 0.0068 0.8587
23.6057 0.0067 0.8592
23.6257 0.0067 0.8596
23.6458 0.0067 0.8601
23.6659 0.0067 0.8606
23.6859 0.0068 0.8610
23.7060 0.0068 0.8614
23.7260 0.0068 0.8618
23.7461 0.0068 0.8622
23.7661 0.0069 0.8626
23.7862 0.0069 0.8630
23.8062 0.0069 0.8634
23.8263 0.0069 0.8638
23.8464 0.0069 0.8641
23.8664 0.0069 0.8645
23.8865 0.0069 0.8649
23.9065 0.0069 0.8652
23.9266 0.0069 0.8656
23.9466 0.0069 0.8660
23.9667 0.0069 0.8663
23.9867 0.0069 0.8667
24.0068 0.0069 0.8670
24.0269 0.0069 0.8674
24.0469 0.0069 0.8677
24.0670 0.0069 0.8681
24.0870 0.0069 0.8684
24.1071 0.0069 0.8688
24.1271 0.0069 0.8691
24.1472 0.0069 0.8695
24.1673 0.0069 0.8698
24.1873 0.0069 0.8702
24.2074 0.0070 0.8705
24.2274 0.0070 0.8708
24.2475 0.0070 0.8711
24.2675 0.0070 0.8715
24.2876 0.0070 0.8718
24.3076 0.0070 0.8721
24.3277 0.0070 0.8724
24.3478 0.0070 0.8727
24.3678 0.0070 0.8730
24.3879 0.0070 0.8733
24.4079 0.0070 0.8736
24.4280 0.0070 0.8739
24.4480 0.0071 0.8742
24.4681 0.0071 0.8745
24.4881 0.0071 0.8748
24.5082 0.0071 0.8751
24.5283 0.0071 0.8754
24.5483 0.0071 0.8756
24.5684 0.0071 0.8759
24.5884 0.0071 0.8762
24.6085 0.0071 0.8765
24.6285 0.0071 0.8767
24.6486 0.0070 0.8770
24.6686 0.0070 0.8773
24.6887 0.0070 0.8776
24.7088 0.0070 0.8778
24.7288 0.0070 0.8781
24.7489 0.0070 0.8784
24.7689 0.0070 0.8787
24.7890 0.0070 0.8789
24.8090 0.0070 0.8792
24.8291 0.0070 0.8795
24.8491 0.0070 0.8797
24.8692 0.0070 0.8800
24.8893 0.0070 0.8803
24.9093 0.0070 0.8805
24.9294 0.0070 0.8808
24.9494 0.0070 0.8810
24.9695 0.0070 0.8813
24.9895 0.0070 0.8815
25.0096 0.0070 0.8818
25.0297 0.0070 0.8821
25.0497 0.0070 0.8823
25.0698 0.0070 0.8825
25.0898 0.0070 0.8828
25.1099 0.0070 0.8830
25.1299 0.0070 0.8832
25.1500 0.0070 0.8835
25.1700 0.0070 0.8837
25.1901 0.0070 0.8839
25.2102 0.0070 0.8841
25.2302 0.0070 0.8844
25.2503 0.0070 0.8846
25.2703 0.0070 0.8848
25.2904 0.0070 0.8850
25.3104 0.0070 0.8852
25.3305 0.0070 0.8853
25.3505 0.0070 0.8855
25.3706 0.0069 0.8857
25.3907 0.0069 0.8859
25.4107 0.0069 0.8860
25.4308 0.0068 0.8862
25.4508 0.0067 0.8864
25.4709 0.0067 0.8866
25.4909 0.0066 0.8868
25.5110 0.0065 0.8870
25.5310 0.0064 0.8872
25.5511 0.0063 0.8874
25.5712 0.0063 0.8876
25.5912 0.0062 0.8878
25.6113 0.0061 0.8881
25.6313 0.0060 0.8883
25.6514 0.0060 0.8885
25.6714 0.0059 0.8888
25.6915 0.0058 0.8890
25.7115 0.0058 0.8893
25.7316 0.0057 0.8895
25.7517 0.0056 0.8897
25.7717 0.0056 0.8900
25.7918 0.0055 0.8902
25.8118 0.0055 0.8905
25.8319 0.0054 0.8907
25.8519 0.0054 0.8910
25.8720 0.0053 0.8912
25.8921 0.0053 0.8915
25.9121 0.0052 0.8917
25.9322 0.0052 0.8920
25.9522 0.0051 0.8922
25.9723 0.0051 0.8925
25.9923 0.0051 0.8927
26.0124 0.0050 0.8930
26.0324 0.0050 0.8932
26.0525 0.0050 0.8935
26.0726 0.0050 0.8937
26.0926 0.0049 0.8940
26.1127 0.0049 0.8942
26.1327 0.0049 0.8944
26.1528 0.0049 0.8947
26.1728 0.0049 0.8949
26.1929 0.0049 0.8952
26.2129 0.0049 0.8954
26.2330 0.0049 0.8956
26.2531 0.0049 0.8959
26.2731 0.0049 0.8961
26.2932 0.0049 0.8963
26.3132 0.0049 0.8965
26.3333 0.0049 0.8967
26.3533 0.0049 0.8969
26.3734 0.0049 0.8971
26.3934 0.0049 0.8973
26.4135 0.0049 0.8975
26.4336 0.0049 0.8977
26.4536 0.0049 0.8979
26.4737 0.0049 0.8981
26.4937 0.0049 0.8982
26.5138 0.0049 0.8984
26.5338 0.0049 0.8986
26.5539 0.0049 0.8988
26.5739 0.0049 0.8990
26.5940 0.0049 0.8991
26.6141 0.0048 0.8993
26.6341 0.0048 0.8995
26.6542 0.0048 0.8997
26.6742 0.0048 0.8998
26.6943 0.0047 0.9000
26.7143 0.0047 0.9002
26.7344 0.0047 0.9004
26.7545 0.0046 0.9006
26.7745 0.0046 0.9007
26.7946 0.0046 0.9009
26.8146 0.0045 0.9011
26.8347 0.0045 0.9013
26.8547 0.0045 0.9015
26.8748 0.0045 0.9017
26.8948 0.0044 0.9018
26.9149 0.0044 0.9020
26.9350 0.0044 0.9022
26.9550 0.0043 0.9024
26.9751 0.0043 0.9026
26.9951 0.0043 0.9028
27.0152 0.0043 0.9030
27.0352 0.0042 0.9031
27.0553 0.0042 0.9033
27.0753 0.0042 0.9035
27.0954 0.0041 0.9037
27.1155 0.0041 0.9039
27.1355 0.0041 0.9041
27.1556 0.0041 0.9042
27.1756 0.0040 0.9044
27.1957 0.0040 0.9046
27.2157 0.0040 0.9048
27.2358 0.0040 0.9050
27.2558 0.0040 0.9051
27.2759 0.0039 0.9053
27.2960 0.0039 0.9055
27.3160 0.0039 0.9057
27.3361 0.0039 0.9059
27.3561 0.0039 0.9060
27.3762 0.0038 0.9062
27.3962 0.0038 0.9064
27.4163 0.0038 0.9066
27.4363 0.0038 0.9067
27.4564 0.0038 0.9069
27.4765 0.0037 0.9071
27.4965 0.0037 0.9073
27.5166 0.0037 0.9074
27.5366 0.0037 0.9076
27.5567 0.0037 0.9078
27.5767 0.0037 0.9079
27.5968 0.0037 0.9081
27.6169 0.0036 0.9083
27.6369 0.0036 0.9084
27.6570 0.0036 0.9086
27.6770 0.0036 0.9087
27.6971 0.0036 0.9089
27.7171 0.0035 0.9090
27.7372 0.0035 0.9092
27.7572 0.0035 0.9094
27.7773 0.0035 0.9095
27.7974 0.0034 0.9097
27.8174 0.0034 0.9098
27.8375 0.0034 0.9100
27.8575 0.0033 0.9102
27.8776 0.0033 0.9103
27.8976 0.0033 0.9105
27.9177 0.0033 0.9106
27.9377 0.0032 0.9108
27.9578 0.0032 0.9110
27.9779 0.0032 0.9111
27.9979 0.0032 0.9113
28.0180 0.0032 0.9115
28.0380 0.0031 0.9116
28.0581 0.0031 0.9118
28.0781 0.0031 0.9119
28.0982 0.0031 0.9121
28.1182 0.0031 0.9123
28.1383 0.0030 0.9124
28.1584 0.0030 0.9126
28.1784 0.0030 0.9127
28.1985 0.0030 0.9129
28.2185 0.0030 0.9131
28.2386 0.0030 0.9132
28.2586 0.0029 0.9134
28.2787 0.0029 0.9135
28.2987 0.0029 0.9137
28.3188 0.0029 0.9138
28.3389 0.0029 0.9140
28.3589 0.0029 0.9141
28.3790 0.0029 0.9143
28.3990 0.0028 0.9144
28.4191 0.0028 0.9146
28.4391 0.0028 0.9147
28.4592 0.0028 0.9149
28.4793 0.0028 0.9150
28.4993 0.0028 0.9152
28.5194 0.0027 0.9153
28.5394 0.0027 0.9154
28.5595 0.0027 0.9156
28.5795 0.0027 0.9157
28.5996 0.0027 0.9159
28.6196 0.0027 0.9160
28.6397 0.0026 0.9161
28.6598 0.0026 0.9163
28.6798 0.0026 0.9164
28.6999 0.0026 0.9165
28.7199 0.0026 0.9167
28.7400 0.0025 0.9168
28.7600 0.0025 0.9170
28.7801 0.0025 0.9171
28.8001 0.0025 0.9172
28.8202 0.0024 0.9174
28.8403 0.0024 0.9175
28.8603 0.0024 0.9176
28.8804 0.0024 0.9178
28.9004 0.0023 0.9179
28.9205 0.0023 0.9180
28.9405 0.0023 0.9182
28.9606 0.0023 0.9183
28.9806 0.0022 0.9185
29.0007 0.0022 0.9186
29.0208 0.0022 0.9187
29.0408 0.0022 0.9189
29.0609 0.0021 0.9190
29.0809 0.0021 0.9191
29.1010 0.0021 0.9193
29.1210 0.0021 0.9194
29.1411 0.0020 0.9196
29.1611 0.0020 0.9197
29.1812 0.0020 0.9198
29.2013 0.0020 0.9200
29.2213 0.0019 0.9201
29.2414 0.0019 0.9202
29.2614 0.0019 0.9204
29.2815 0.0019 0.9205
29.3015 0.0018 0.9207
29.3216 0.0018 0.9208
29.3417 0.0018 0.9209
29.3617 0.0017 0.9211
29.3818 0.0017 0.9212
29.4018 0.0017 0.9213
29.4219 0.0017 0.9215
29.4419 0.0016 0.9216
29.4620 0.0016 0.9218
29.4820 0.0016 0.9219
29.5021 0.0016 0.9220
29.5222 0.0015 0.9222
29.5422 0.0015 0.9223
29.5623 0.0015 0.9224
29.5823 0.0015 0.9226
29.6024 0.0014 0.9227
29.6224 0.0014 0.9229
29.6425 0.0014 0.9230
29.6625 0.0014 0.9231
29.6826 0.0014 0.9233
29.7027 0.0013 0.9234
29.7227 0.0013 0.9236
29.7428 0.0013 0.9237
29.7628 0.0013 0.9238
29.7829 0.0013 0.9240
29.8029 0.0012 0.9241
29.8230 0.0012 0.9243
29.8430 0.0012 0.9244
29.8631 0.0012 0.9245
29.8832 0.0012 0.9247
29.9032 0.0012 0.9248
29.9233 0.0011 0.9249
29.9433 0.0011 0.9251
29.9634 0.0011 0.9252
29.9834 0.0011 0.9253
30.0035 0.0011 0.9255
30.0235 0.0011 0.9256
30.0436 0.0010 0.9258
30.0637 0.0010 0.9259
30.0837 0.0010 0.9260
30.1038 0.0010 0.9262
30.1238 0.0010 0.9263
30.1439 0.0010 0.9264
30.1639 0.0010 0.9266
30.1840 0.0010 0.9267
30.2040 0.0010 0.9268
30.2241 0.0010 0.9270
30.2442 0.0009 0.9271
30.2642 0.0009 0.9272
30.2843 0.0009 0.9273
30.3043 0.0009 0.9275
30.3244 0.0009 0.9276
30.3444 0.0009 0.9277
30.3645 0.0009 0.9279
30.3846 0.0009 0.9280
30.4046 0.0009 0.9281
30.4247 0.0009 0.9282
30.4447 0.0009 0.9284
30.4648 0.0009 0.9285
30.4848 0.0009 0.9286
30.5049 0.0008 0.9287
30.5249 0.0008 0.9289
30.5450 0.0008 0.9290
30.5651 0.0008 0.9291
30.5851 0.0008 0.9292
30.6052 0.0008 0.9294
30.6252 0.0008 0.9295
30.6453 0.0008 0.9296
30.6653 0.0008 0.9297
30.6854 0.0008 0.9298
30.7054 0.0008 0.9300
30.7255 0.0008 0.9301
30.7456 0.0008 0.9302
30.7656 0.0008 0.9303
30.7857 0.0008 0.9304
30.8057 0.0008 0.9305
30.8258 0.0008 0.9307
30.8458 0.0008 0.9308
30.8659 0.0008 0.9309
30.8859 0.0008 0.9310
30.9060 0.0008 0.9311
30.9261 0.0007 0.9312
30.9461 0.0007 0.9313
30.9662 0.0007 0.9315
30.9862 0.0007 0.9316
31.0063 0.0007 0.9317
31.0263 0.0007 0.9318
31.0464 0.0007 0.9319
31.0664 0.0007 0.9320
31.0865 0.0007 0.9321
31.1066 0.0007 0.9322
31.1266 0.0007 0.9324
31.1467 0.0007 0.9325
31.1667 0.0007 0.9326
31.1868 0.0007 0.9327
31.2068 0.0007 0.9328
31.2269 0.0007 0.9329
31.2470 0.0007 0.9330
31.2670 0.0007 0.9331
31.2871 0.0007 0.9332
31.3071 0.0007 0.9333
31.3272 0.0007 0.9335
31.3472 0.0006 0.9336
31.3673 0.0006 0.9337
31.3873 0.0006 0.9338
31.4074 0.0006 0.9339
31.4275 0.0006 0.9340
31.4475 0.0006 0.9341
31.4676 0.0006 0.9342
31.4876 0.0006 0.9343
31.5077 0.0006 0.9344
31.5277 0.0006 0.9345
31.5478 0.0006 0.9346
31.5678 0.0006 0.9347
31.5879 0.0006 0.9348
31.6080 0.0006 0.9349
31.6280 0.0006 0.9350
31.6481 0.0006 0.9351
31.6681 0.0006 0.9352
31.6882 0.0006 0.9354
31.7082 0.0006 0.9355
31.7283 0.0006 0.9356
31.7483 0.0006 0.9357
31.7684 0.0006 0.9358
31.7885 0.0006 0.9359
31.8085 0.0006 0.9360
31.8286 0.0006 0.9361
31.8486 0.0006 0.9362
31.8687 0.0006 0.9363
31.8887 0.0005 0.9364
31.9088 0.0005 0.9365
31.9288 0.0005 0.9366
31.9489 0.0005 0.9367
31.9690 0.0005 0.9368
31.9890 0.0005 0.9369
32.0091 0.0005 0.9370
32.0291 0.0005 0.9371
32.0492 0.0005 0.9372
32.0692 0.0005 0.9373
32.0893 0.0005 0.9374
32.1094 0.0005 0.9375
32.1294 0.0005 0.9376
32.1495 0.0005 0.9377
32.1695 0.0005 0.9378
32.1896 0.0005 0.9378
32.2096 0.0005 0.9379
32.2297 0.0005 0.9380
32.2497 0.0005 0.9381
32.2698 0.0005 0.9382
32.2899 0.0005 0.9383
32.3099 0.0005 0.9384
32.3300 0.0005 0.9385
32.3500 0.0005 0.9386
32.3701 0.0005 0.9387
32.3901 0.0005 0.9388
32.4102 0.0005 0.9389
32.4302 0.0005 0.9390
32.4503 0.0005 0.9391
32.4704 0.0005 0.9392
32.4904 0.0005 0.9393
32.5105 0.0005 0.9394
32.5305 0.0005 0.9395
32.5506 0.0005 0.9395
32.5706 0.0005 0.9396
32.5907 0.0005 0.9397
32.6107 0.0005 0.9398
32.6308 0.0005 0.9399
32.6509 0.0005 0.9400
32.6709 0.0005 0.9401
32.6910 0.0005 0.9402
32.7110 0.0005 0.9403
32.7311 0.0005 0.9404
32.7511 0.0005 0.9405
32.7712 0.0005 0.9405
32.7912 0.0004 0.9406
32.8113 0.0004 0.9407
32.8314 0.0004 0.9408
32.8514 0.0004 0.9409
32.8715 0.0004 0.9410
32.8915 0.0004 0.9411
32.9116 0.0004 0.9412
32.9316 0.0004 0.9412
32.9517 0.0004 0.9413
32.9718 0.0004 0.9414
32.9918 0.0004 0.9415
33.0119 0.0004 0.9416
33.0319 0.0004 0.9417
33.0520 0.0004 0.9418
33.0720 0.0004 0.9419
33.0921 0.0004 0.9419
33.1121 0.0004 0.9420
33.1322 0.0004 0.9421
33.1523 0.0004 0.9422
33.1723 0.0004 0.9423
33.1924 0.0004 0.9424
33.2124 0.0004 0.9425
33.2325 0.0004 0.9425
33.2525 0.0004 0.9426
33.2726 0.0004 0.9427
33.2926 0.0004 0.9428
33.3127 0.0004 0.9429
33.3328 0.0004 0.9430
33.3528 0.0004 0.9430
33.3729 0.0004 0.9431
33.3929 0.0004 0.9432
33.4130 0.0004 0.9433
33.4330 0.0004 0.9434
33.4531 0.0004 0.9434
33.4731 0.0004 0.9435
33.4932 0.0004 0.9436
33.5133 0.0004 0.9437
33.5333 0.0004 0.9438
33.5534 0.0004 0.9439
33.5734 0.0004 0.9439
33.5935 0.0004 0.9440
33.6135 0.0004 0.9441
33.6336 0.0004 0.9442
33.6536 0.0004 0.9443
33.6737 0.0004 0.9443
33.6938 0.0004 0.9444
33.7138 0.0004 0.9445
33.7339 0.0004 0.9446
33.7539 0.0004 0.9447
33.7740 0.0004 0.9447
33.7940 0.0004 0.9448
33.8141 0.0004 0.9449
33.8342 0.0004 0.9450
33.8542 0.0004 0.9450
33.8743 0.0004 0.9451
33.8943 0.0004 0.9452
33.9144 0.0004 0.9453
33.9344 0.0004 0.9454
33.9545 0.0004 0.9454
33.9745 0.0004 0.9455
33.9946 0.0004 0.9456
34.0147 0.0004 0.9457
34.0347 0.0004 0.9457
34.0548 0.0004 0.9458
34.0748 0.0004 0.9459
34.0949 0.0004 0.9460
34.1149 0.0004 0.9460
34.1350 0.0004 0.9461
34.1550 0.0004 0.9462
34.1751 0.0004 0.9463
34.1952 0.0004 0.9463
34.2152 0.0004 0.9464
34.2353 0.0004 0.9465
34.2553 0.0004 0.9466
34.2754 0.0004 0.9466
34.2954 0.0004 0.9467
34.3155 0.0004 0.9468
34.3355 0.0004 0.9469
34.3556 0.0004 0.9469
34.3757 0.0004 0.9470
34.3957 0.0004 0.9471
34.4158 0.0004 0.9472
34.4358 0.0004 0.9472
34.4559 0.0004 0.9473
34.4759 0.0004 0.9474
34.4960 0.0004 0.9474
34.5160 0.0004 0.9475
34.5361 0.0004 0.9476
34.5562 0.0004 0.9477
34.5762 0.0004 0.9477
34.5963 0.0004 0.9478
34.6163 0.0004 0.9479
34.6364 0.0004 0.9479
34.6564 0.0004 0.9480
34.6765 0.0004 0.9481
34.6966 0.0004 0.9482
34.7166 0.0004 0.9482
34.7367 0.0004 0.9483
34.7567 0.0003 0.9484
34.7768 0.0003 0.9484
34.7968 0.0003 0.9485
34.8169 0.0003 0.9486
34.8369 0.0003 0.9486
34.8570 0.0003 0.9487
34.8771 0.0003 0.9488
34.8971 0.0003 0.9489
34.9172 0.0003 0.9489
34.9372 0.0003 0.9490
34.9573 0.0003 0.9491
34.9773 0.0003 0.9491
34.9974 0.0003 0.9492
35.0174 0.0003 0.9493
35.0375 0.0003 0.9493
35.0576 0.0003 0.9494
35.0776 0.0003 0.9495
35.0977 0.0003 0.9495
35.1177 0.0003 0.9496
35.1378 0.0003 0.9497
35.1578 0.0003 0.9497
35.1779 0.0003 0.9498
35.1979 0.0003 0.9499
35.2180 0.0003 0.9499
35.2381 0.0003 0.9500
35.2581 0.0003 0.9501
35.2782 0.0003 0.9501
35.2982 0.0003 0.9502
35.3183 0.0003 0.9503
35.3383 0.0003 0.9503
35.3584 0.0003 0.9504
35.3784 0.0003 0.9505
35.3985 0.0003 0.9505
35.4186 0.0003 0.9506
35.4386 0.0003 0.9507
35.4587 0.0003 0.9507
35.4787 0.0003 0.9508
35.4988 0.0003 0.9509
35.5188 0.0003 0.9509
35.5389 0.0003 0.9510
35.5590 0.0003 0.9511
35.5790 0.0003 0.9511
35.5991 0.0003 0.9512
35.6191 0.0003 0.9512
35.6392 0.0003 0.9513
35.6592 0.0003 0.9514
35.6793 0.0003 0.9514
35.6993 0.0003 0.9515
35.7194 0.0003 0.9516
35.7395 0.0003 0.9516
35.7595 0.0003 0.9517
35.7796 0.0003 0.9518
35.7996 0.0003 0.9518
35.8197 0.0003 0.9519
35.8397 0.0003 0.9519
35.8598 0.0003 0.9520
35.8798 0.0003 0.9521
35.8999 0.0003 0.9521
35.9200 0.0003 0.9522
35.9400 0.0003 0.9523
35.9601 0.0003 0.9523
35.9801 0.0003 0.9524
36.0002 0.0003 0.9524
36.0202 0.0003 0.9525
36.0403 0.0003 0.9526
36.0603 0.0003 0.9526
36.0804 0.0003 0.9527
36.1005 0.0003 0.9527
36.1205 0.0003 0.9528
36.1406 0.0003 0.9529
36.1606 0.0003 0.9529
36.1807 0.0003 0.9530
36.2007 0.0003 0.9530
36.2208 0.0003 0.9531
36.2408 0.0003 0.9532
36.2609 0.0003 0.9532
36.2810 0.0003 0.9533
36.3010 0.0003 0.9533
36.3211 0.0003 0.9534
36.3411 0.0003 0.9535
36.3612 0.0003 0.9535
36.3812 0.0003 0.9536
36.4013 0.0003 0.9536
36.4214 0.0003 0.9537
36.4414 0.0003 0.9538
36.4615 0.0003 0.9538
36.4815 0.0003 0.9539
36.5016 0.0003 0.9539
36.5216 0.0003 0.9540
36.5417 0.0003 0.9540
36.5617 0.0003 0.9541
36.5818 0.0003 0.9542
36.6019 0.0003 0.9542
36.6219 0.0003 0.9543
36.6420 0.0003 0.9543
36.6620 0.0003 0.9544
36.6821 0.0003 0.9544
36.7021 0.0003 0.9545
36.7222 0.0003 0.9546
36.7422 0.0003 0.9546
36.7623 0.0003 0.9547
36.7824 0.0003 0.9547
36.8024 0.0003 0.9548
36.8225 0.0003 0.9548
36.8425 0.0003 0.9549
36.8626 0.0003 0.9550
36.8826 0.0003 0.9550
36.9027 0.0003 0.9551
36.9227 0.0003 0.9551
36.9428 0.0003 0.9552
36.9629 0.0003 0.9552
36.9829 0.0003 0.9553
37.0030 0.0003 0.9553
37.0230 0.0003 0.9554
37.0431 0.0003 0.9555
37.0631 0.0003 0.9555
37.0832 0.0003 0.9556
37.1032 0.0003 0.9556
37.1233 0.0003 0.9557
37.1434 0.0003 0.9557
37.1634 0.0003 0.9558
37.1835 0.0003 0.9558
37.2035 0.0003 0.9559
37.2236 0.0003 0.9560
37.2436 0.0003 0.9560
37.2637 0.0003 0.9561
37.2838 0.0003 0.9561
37.3038 0.0003 0.9562
37.3239 0.0003 0.9562
37.3439 0.0003 0.9563
37.3640 0.0003 0.9563
37.3840 0.0003 0.9564
37.4041 0.0003 0.9564
37.4241 0.0003 0.9565
37.4442 0.0003 0.9565
37.4643 0.0003 0.9566
37.4843 0.0003 0.9566
37.5044 0.0003 0.9567
37.5244 0.0003 0.9568
37.5445 0.0003 0.9568
37.5645 0.0003 0.9569
37.5846 0.0003 0.9569
37.6046 0.0003 0.9570
37.6247 0.0003 0.9570
37.6448 0.0003 0.9571
37.6648 0.0003 0.9571
37.6849 0.0003 0.9572
37.7049 0.0003 0.9572
37.7250 0.0003 0.9573
37.7450 0.0003 0.9573
37.7651 0.0003 0.9574
37.7851 0.0003 0.9574
37.8052 0.0003 0.9575
37.8253 0.0003 0.9575
37.8453 0.0003 0.9576
37.8654 0.0003 0.9576
37.8854 0.0003 0.9577
37.9055 0.0003 0.9577
37.9255 0.0003 0.9578
37.9456 0.0003 0.9578
37.9656 0.0003 0.9579
37.9857 0.0003 0.9579
38.0058 0.0003 0.9580
38.0258 0.0002 0.9580
38.0459 0.0002 0.9581
38.0659 0.0002 0.9581
38.0860 0.0002 0.9582
38.1060 0.0002 0.9582
38.1261 0.0002 0.9583
38.1462 0.0002 0.9583
38.1662 0.0002 0.9584
38.1863 0.0002 0.9584
38.2063 0.0002 0.9585
38.2264 0.0002 0.9585
38.2464 0.0002 0.9586
38.2665 0.0002 0.9586
38.2865 0.0002 0.9587
38.3066 0.0002 0.9587
38.3267 0.0002 0.9588
38.3467 0.0002 0.9588
38.3668 0.0002 0.9589
38.3868 0.0002 0.9589
38.4069 0.0002 0.9590
38.4269 0.0002 0.9590
38.4470 0.0002 0.9591
38.4670 0.0002 0.9591
38.4871 0.0002 0.9592
38.5072 0.0002 0.9592
38.5272 0.0002 0.9593
38.5473 0.0002 0.9593
38.5673 0.0002 0.9594
38.5874 0.0002 0.9594
38.6074 0.0002 0.9594
38.6275 0.0002 0.9595
38.6475 0.0002 0.9595
38.6676 0.0002 0.9596
38.6877 0.0002 0.9596
38.7077 0.0002 0.9597
38.7278 0.0002 0.9597
38.7478 0.0002 0.9598
38.7679 0.0002 0.9598
38.7879 0.0002 0.9599
38.8080 0.0002 0.9599
38.8280 0.0002 0.9600
38.8481 0.0002 0.9600
38.8682 0.0002 0.9601
38.8882 0.0002 0.9601
38.9083 0.0002 0.9602
38.9283 0.0002 0.9602
38.9484 0.0002 0.9602
38.9684 0.0002 0.9603
38.9885 0.0002 0.9603
39.0086 0.0002 0.9604
39.0286 0.0002 0.9604
39.0487 0.0002 0.9605
39.0687 0.0002 0.9605
39.0888 0.0002 0.9606
39.1088 0.0002 0.9606
39.1289 0.0002 0.9607
39.1489 0.0002 0.9607
39.1690 0.0002 0.9607
39.1891 0.0002 0.9608
39.2091 0.0002 0.9608
39.2292 0.0002 0.9609
39.2492 0.0002 0.9609
39.2693 0.0002 0.9610
39.2893 0.0002 0.9610
39.3094 0.0002 0.9611
39.3294 0.0002 0.9611
39.3495 0.0002 0.9611
39.3696 0.0002 0.9612
39.3896 0.0002 0.9612
39.4097 0.0002 0.9613
39.4297 0.0002 0.9613
39.4498 0.0002 0.9614
39.4698 0.0002 0.9614
39.4899 0.0002 0.9615
39.5099 0.0002 0.9615
39.5300 0.0002 0.9615
39.5501 0.0002 0.9616
39.5701 0.0002 0.9616
39.5902 0.0002 0.9617
39.6102 0.0002 0.9617
39.6303 0.0002 0.9618
39.6503 0.0002 0.9618
39.6704 0.0002 0.9618
39.6904 0.0002 0.9619
39.7105 0.0002 0.9619
39.7306 0.0002 0.9620
39.7506 0.0002 0.9620
39.7707 0.0002 0.9621
39.7907 0.0002 0.9621
39.8108 0.0002 0.9621
39.8308 0.0002 0.9622
39.8509 0.0002 0.9622
39.8710 0.0002 0.9623
39.8910 0.0002 0.9623
39.9111 0.0002 0.9624
39.9311 0.0002 0.9624
39.9512 0.0002 0.9624
39.9712 0.0002 0.9625
39.9913 0.0002 0.9625
40.0113 0.0002 0.9626
40.0314 0.0002 0.9626
40.0515 0.0002 0.9627
40.0715 0.0002 0.9627
40.0916 0.0002 0.9627
