0.0000 0.0000 5.9231
0.0191 0.0565 5.9272
0.0383 0.1142 5.9395
0.0574 0.1745 5.9602
0.0766 0.2389 5.9894
0.0957 0.3090 6.0270
0.1149 0.3869 6.0733
0.1340 0.4749 6.1281
0.1531 0.5761 6.1908
0.1723 0.6938 6.2604
0.1914 0.8320 6.3350
0.2106 0.9951 6.4113
0.2297 1.1876 6.4841
0.2489 1.4132 6.5463
0.2680 1.6742 6.5879
0.2872 1.9699 6.5973
0.3063 2.2957 6.5610
0.3254 2.6417 6.4662
0.3446 2.9925 6.3022
0.3637 3.3276 6.0634
0.3829 3.6239 5.7515
0.4020 3.8585 5.3772
0.4212 4.0122 4.9591
0.4403 4.0735 4.5230
0.4594 4.0405 4.0975
0.4786 3.9218 3.7100
0.4977 3.7350 3.3832
0.5169 3.5036 3.1313
0.5360 3.2535 2.9595
0.5552 3.0095 2.8639
0.5743 2.7919 2.8336
0.5935 2.6153 2.8527
0.6126 2.4880 2.9031
0.6317 2.4119 2.9666
0.6509 2.3834 3.0265
0.6700 2.3948 3.0690
0.6892 2.4350 3.0843
0.7083 2.4912 3.0665
0.7275 2.5502 3.0146
0.7466 2.5998 2.9316
0.7657 2.6301 2.8244
0.7849 2.6344 2.7019
0.8040 2.6099 2.5746
0.8232 2.5571 2.4525
0.8423 2.4800 2.3442
0.8615 2.3846 2.2562
0.8806 2.2783 2.1925
0.8998 2.1687 2.1544
0.9189 2.0631 2.1411
0.9380 1.9682 2.1498
0.9572 1.8892 2.1759
0.9763 1.8298 2.2139
0.9955 1.7918 2.2573
1.0146 1.7753 2.2996
1.0338 1.7781 2.3343
1.0529 1.7964 2.3561
1.0720 1.8246 2.3612
1.0912 1.8563 2.3476
1.1103 1.8850 2.3159
1.1295 1.9045 2.2686
1.1486 1.9099 2.2101
1.1678 1.8984 2.1462
1.1869 1.8691 2.0835
1.2061 1.8237 2.0282
1.2252 1.7657 1.9856
1.2443 1.7004 1.9591
1.2635 1.6340 1.9504
1.2826 1.5725 1.9584
1.3018 1.5213 1.9802
1.3209 1.4841 2.0110
1.3401 1.4626 2.0454
1.3592 1.4565 2.0777
1.3783 1.4633 2.1030
1.3975 1.4793 2.1179
1.4166 1.4997 2.1203
1.4358 1.5199 2.1102
1.4549 1.5355 2.0892
1.4741 1.5432 2.0602
1.4932 1.5412 2.0268
1.5124 1.5288 1.9931
1.5315 1.5071 1.9626
1.5506 1.4781 1.9383
1.5698 1.4445 1.9221
1.5889 1.4096 1.9148
1.6081 1.3765 1.9161
1.6272 1.3477 1.9245
1.6464 1.3252 1.9379
1.6655 1.3098 1.9540
1.6846 1.3017 1.9701
1.7038 1.3000 1.9839
1.7229 1.3034 1.9938
1.7421 1.3100 1.9985
1.7612 1.3178 1.9977
1.7804 1.3249 1.9916
1.7995 1.3295 1.9810
1.8187 1.3305 1.9671
1.8378 1.3269 1.9515
1.8569 1.3186 1.9360
1.8761 1.3058 1.9223
1.8952 1.2895 1.9119
1.9144 1.2713 1.9060
1.9335 1.2527 1.9049
1.9527 1.2357 1.9084
1.9718 1.2217 1.9157
1.9909 1.2119 1.9252
2.0101 1.2066 1.9354
2.0292 1.2056 1.9446
2.0484 1.2080 1.9514
2.0675 1.2127 1.9548
2.0867 1.2181 1.9545
2.1058 1.2229 1.9507
2.1250 1.2256 1.9439
2.1441 1.2254 1.9354
2.1632 1.2219 1.9265
2.1824 1.2153 1.9187
2.2015 1.2063 1.9131
2.2207 1.1960 1.9105
2.2398 1.1859 1.9112
2.2590 1.1773 1.9147
2.2781 1.1710 1.9202
2.2972 1.1675 1.9264
2.3164 1.1668 1.9324
2.3355 1.1683 1.9370
2.3547 1.1711 1.9397
2.3738 1.1743 1.9403
2.3930 1.1772 1.9391
2.4121 1.1789 1.9366
2.4313 1.1791 1.9333
2.4504 1.1779 1.9302
2.4695 1.1754 1.9279
2.4887 1.1721 1.9267
2.5078 1.1687 1.9270
2.5270 1.1657 1.9286
2.5461 1.1637 1.9312
2.5653 1.1628 1.9344
2.5844 1.1632 1.9377
2.6035 1.1646 1.9406
2.6227 1.1668 1.9428
2.6418 1.1694 1.9443
2.6610 1.1720 1.9450
2.6801 1.1744 1.9453
2.6993 1.1764 1.9452
2.7184 1.1779 1.9453
2.7376 1.1791 1.9456
2.7567 1.1802 1.9463
2.7758 1.1814 1.9476
2.7950 1.1829 1.9494
2.8141 1.1849 1.9515
2.8333 1.1876 1.9537
2.8524 1.1909 1.9558
2.8716 1.1946 1.9576
2.8907 1.1985 1.9590
2.9098 1.2024 1.9601
2.9290 1.2061 1.9611
2.9481 1.2096 1.9621
2.9673 1.2130 1.9635
2.9864 1.2164 1.9654
3.0056 1.2201 1.9679
3.0247 1.2244 1.9709
3.0439 1.2294 1.9742
3.0630 1.2352 1.9776
3.0821 1.2419 1.9808
3.1013 1.2492 1.9838
3.1204 1.2572 1.9865
3.1396 1.2656 1.9886
3.1587 1.2743 1.9904
3.1779 1.2832 1.9917
3.1970 1.2922 1.9928
3.2161 1.3013 1.9936
3.2353 1.3105 1.9944
3.2544 1.3199 1.9952
3.2736 1.3295 1.9960
3.2927 1.3395 1.9970
3.3119 1.3500 1.9980
3.3310 1.3611 1.9990
3.3502 1.3729 1.9999
3.3693 1.3854 2.0007
3.3884 1.3986 2.0011
3.4076 1.4127 2.0012
3.4267 1.4276 2.0008
3.4459 1.4434 1.9997
3.4650 1.4602 1.9977
3.4842 1.4777 1.9944
3.5033 1.4958 1.9895
3.5224 1.5141 1.9828
3.5416 1.5319 1.9742
3.5607 1.5485 1.9638
3.5799 1.5635 1.9521
3.5990 1.5764 1.9399
3.6182 1.5870 1.9279
3.6373 1.5956 1.9172
3.6565 1.6028 1.9086
3.6756 1.6094 1.9027
3.6947 1.6167 1.8999
3.7139 1.6257 1.8999
3.7330 1.6376 1.9023
3.7522 1.6533 1.9063
3.7713 1.6734 1.9109
3.7905 1.6983 1.9147
3.8096 1.7280 1.9167
3.8287 1.7621 1.9157
3.8479 1.8003 1.9106
3.8670 1.8420 1.9006
3.8862 1.8863 1.8847
3.9053 1.9323 1.8622
3.9245 1.9790 1.8324
3.9436 2.0251 1.7949
3.9627 2.0689 1.7493
3.9819 2.1088 1.6956
4.0010 2.1431 1.6344
4.0202 2.1700 1.5667
4.0393 2.1880 1.4937
4.0585 2.1958 1.4175
4.0776 2.1929 1.3402
4.0968 2.1793 1.2641
4.1159 2.1557 1.1914
4.1350 2.1231 1.1240
4.1542 2.0835 1.0633
4.1733 2.0384 1.0100
4.1925 1.9897 0.9641
4.2116 1.9387 0.9255
4.2308 1.8864 0.8934
4.2499 1.8335 0.8676
4.2690 1.7801 0.8476
4.2882 1.7267 0.8335
4.3073 1.6736 0.8253
4.3265 1.6217 0.8232
4.3456 1.5719 0.8273
4.3648 1.5253 0.8371
4.3839 1.4829 0.8519
4.4031 1.4455 0.8706
4.4222 1.4134 0.8918
4.4413 1.3866 0.9141
4.4605 1.3643 0.9365
4.4796 1.3458 0.9582
4.4988 1.3299 0.9788
4.5179 1.3157 0.9985
4.5371 1.3026 1.0179
4.5562 1.2900 1.0377
4.5753 1.2783 1.0588
4.5945 1.2678 1.0819
4.6136 1.2595 1.1074
4.6328 1.2543 1.1354
4.6519 1.2535 1.1654
4.6711 1.2580 1.1967
4.6902 1.2686 1.2281
4.7094 1.2855 1.2580
4.7285 1.3085 1.2849
4.7476 1.3370 1.3071
4.7668 1.3698 1.3234
4.7859 1.4052 1.3331
4.8051 1.4414 1.3356
4.8242 1.4767 1.3315
4.8434 1.5096 1.3214
4.8625 1.5390 1.3067
4.8816 1.5644 1.2887
4.9008 1.5856 1.2688
4.9199 1.6032 1.2480
4.9391 1.6176 1.2273
4.9582 1.6296 1.2068
4.9774 1.6398 1.1867
4.9965 1.6485 1.1669
5.0157 1.6559 1.1473
5.0348 1.6619 1.1277
5.0539 1.6666 1.1083
5.0731 1.6697 1.0892
5.0922 1.6714 1.0707
5.1114 1.6717 1.0531
5.1305 1.6710 1.0367
5.1497 1.6694 1.0216
5.1688 1.6675 1.0081
5.1879 1.6657 0.9961
5.2071 1.6643 0.9854
5.2262 1.6637 0.9760
5.2454 1.6645 0.9675
5.2645 1.6668 0.9593
5.2837 1.6706 0.9507
5.3028 1.6758 0.9413
5.3220 1.6818 0.9304
5.3411 1.6880 0.9179
5.3602 1.6935 0.9038
5.3794 1.6978 0.8885
5.3985 1.7003 0.8730
5.4177 1.7011 0.8579
5.4368 1.7006 0.8444
5.4560 1.6994 0.8330
5.4751 1.6987 0.8240
5.4942 1.6996 0.8174
5.5134 1.7030 0.8127
5.5325 1.7099 0.8090
5.5517 1.7207 0.8055
5.5708 1.7358 0.8007
5.5900 1.7551 0.7937
5.6091 1.7783 0.7830
5.6283 1.8047 0.7675
5.6474 1.8335 0.7462
5.6665 1.8634 0.7181
5.6857 1.8929 0.6826
5.7048 1.9201 0.6395
5.7240 1.9431 0.5888
5.7431 1.9601 0.5315
5.7623 1.9692 0.4690
5.7814 1.9693 0.4032
5.8005 1.9596 0.3363
5.8197 1.9402 0.2707
5.8388 1.9119 0.2086
5.8580 1.8762 0.1519
5.8771 1.8347 0.1018
5.8963 1.7896 0.0588
5.9154 1.7426 0.0229
5.9346 1.6953 -0.0066
5.9537 1.6489 -0.0306
5.9728 1.6041 -0.0501
5.9920 1.5611 -0.0663
6.0111 1.5199 -0.0799
6.0303 1.4801 -0.0917
6.0494 1.4412 -0.1018
6.0686 1.4030 -0.1104
6.0877 1.3652 -0.1172
6.1068 1.3279 -0.1222
6.1260 1.2913 -0.1250
6.1451 1.2556 -0.1257
6.1643 1.2212 -0.1244
6.1834 1.1884 -0.1212
6.2026 1.1575 -0.1167
6.2217 1.1285 -0.1111
6.2409 1.1013 -0.1049
6.2600 1.0758 -0.0982
6.2791 1.0518 -0.0914
6.2983 1.0292 -0.0847
6.3174 1.0077 -0.0779
6.3366 0.9872 -0.0714
6.3557 0.9675 -0.0649
6.3749 0.9486 -0.0586
6.3940 0.9302 -0.0522
6.4131 0.9126 -0.0459
6.4323 0.8955 -0.0396
6.4514 0.8792 -0.0333
6.4706 0.8636 -0.0271
6.4897 0.8486 -0.0212
6.5089 0.8342 -0.0156
6.5280 0.8202 -0.0106
6.5472 0.8063 -0.0060
6.5663 0.7923 -0.0018
6.5854 0.7780 0.0022
6.6046 0.7634 0.0063
6.6237 0.7486 0.0107
6.6429 0.7336 0.0156
6.6620 0.7186 0.0211
6.6812 0.7040 0.0273
6.7003 0.6898 0.0341
6.7194 0.6762 0.0413
6.7386 0.6634 0.0489
6.7577 0.6512 0.0566
6.7769 0.6397 0.0644
6.7960 0.6289 0.0721
6.8152 0.6186 0.0797
6.8343 0.6089 0.0873
6.8535 0.5997 0.0946
6.8726 0.5909 0.1017
6.8917 0.5827 0.1086
6.9109 0.5748 0.1152
6.9300 0.5674 0.1213
6.9492 0.5602 0.1270
6.9683 0.5531 0.1322
6.9875 0.5460 0.1369
7.0066 0.5387 0.1412
7.0257 0.5312 0.1452
7.0449 0.5233 0.1490
7.0640 0.5151 0.1529
7.0832 0.5065 0.1570
7.1023 0.4978 0.1614
7.1215 0.4890 0.1661
7.1406 0.4802 0.1713
7.1598 0.4716 0.1768
7.1789 0.4633 0.1826
7.1980 0.4552 0.1887
7.2172 0.4475 0.1950
7.2363 0.4402 0.2015
7.2555 0.4334 0.2082
7.2746 0.4270 0.2149
7.2938 0.4212 0.2216
7.3129 0.4159 0.2282
7.3320 0.4112 0.2345
7.3512 0.4069 0.2403
7.3703 0.4029 0.2455
7.3895 0.3989 0.2502
7.4086 0.3949 0.2544
7.4278 0.3905 0.2581
7.4469 0.3858 0.2615
7.4660 0.3806 0.2649
7.4852 0.3751 0.2685
7.5043 0.3693 0.2723
7.5235 0.3634 0.2764
7.5426 0.3576 0.2810
7.5618 0.3520 0.2859
7.5809 0.3468 0.2910
7.6001 0.3419 0.2961
7.6192 0.3374 0.3012
7.6383 0.3332 0.3062
7.6575 0.3291 0.3109
7.6766 0.3252 0.3154
7.6958 0.3213 0.3197
7.7149 0.3173 0.3239
7.7341 0.3133 0.3281
7.7532 0.3092 0.3322
7.7723 0.3051 0.3363
7.7915 0.3011 0.3406
7.8106 0.2971 0.3448
7.8298 0.2932 0.3491
7.8489 0.2894 0.3535
7.8681 0.2857 0.3578
7.8872 0.2820 0.3622
7.9064 0.2784 0.3667
7.9255 0.2750 0.3712
7.9446 0.2718 0.3758
7.9638 0.2688 0.3804
7.9829 0.2661 0.3849
8.0021 0.2638 0.3894
8.0212 0.2617 0.3936
8.0404 0.2598 0.3974
8.0595 0.2580 0.4009
8.0786 0.2561 0.4040
8.0978 0.2540 0.4067
8.1169 0.2517 0.4092
8.1361 0.2490 0.4116
8.1552 0.2459 0.4141
8.1744 0.2426 0.4168
8.1935 0.2391 0.4197
8.2127 0.2356 0.4230
8.2318 0.2323 0.4267
8.2509 0.2292 0.4305
8.2701 0.2264 0.4345
8.2892 0.2240 0.4385
8.3084 0.2219 0.4423
8.3275 0.2200 0.4459
8.3467 0.2183 0.4492
8.3658 0.2165 0.4524
8.3849 0.2147 0.4553
8.4041 0.2128 0.4581
8.4232 0.2108 0.4608
8.4424 0.2088 0.4635
8.4615 0.2067 0.4662
8.4807 0.2046 0.4690
8.4998 0.2026 0.4717
8.5190 0.2006 0.4743
8.5381 0.1987 0.4769
8.5572 0.1967 0.4793
8.5764 0.1947 0.4817
8.5955 0.1926 0.4841
8.6147 0.1903 0.4864
8.6338 0.1880 0.4888
8.6530 0.1856 0.4914
8.6721 0.1832 0.4940
8.6912 0.1809 0.4968
8.7104 0.1787 0.4998
8.7295 0.1767 0.5027
8.7487 0.1749 0.5057
8.7678 0.1732 0.5085
8.7870 0.1717 0.5111
8.8061 0.1703 0.5136
8.8253 0.1688 0.5159
8.8444 0.1672 0.5180
8.8635 0.1655 0.5200
8.8827 0.1636 0.5219
8.9018 0.1616 0.5239
8.9210 0.1595 0.5260
8.9401 0.1573 0.5283
8.9593 0.1550 0.5306
8.9784 0.1528 0.5331
8.9975 0.1507 0.5357
9.0167 0.1487 0.5384
9.0358 0.1469 0.5412
9.0550 0.1452 0.5440
9.0741 0.1436 0.5467
9.0933 0.1422 0.5494
9.1124 0.1409 0.5521
9.1316 0.1397 0.5546
9.1507 0.1387 0.5570
9.1698 0.1377 0.5593
9.1890 0.1368 0.5613
9.2081 0.1359 0.5630
9.2273 0.1349 0.5645
9.2464 0.1336 0.5659
9.2656 0.1322 0.5671
9.2847 0.1304 0.5683
9.3038 0.1284 0.5695
9.3230 0.1261 0.5709
9.3421 0.1236 0.5725
9.3613 0.1210 0.5744
9.3804 0.1185 0.5765
9.3996 0.1159 0.5789
9.4187 0.1136 0.5816
9.4379 0.1114 0.5844
9.4570 0.1095 0.5873
9.4761 0.1078 0.5903
9.4953 0.1064 0.5933
9.5144 0.1052 0.5961
9.5336 0.1041 0.5988
9.5527 0.1032 0.6013
9.5719 0.1023 0.6036
9.5910 0.1013 0.6058
9.6101 0.1004 0.6078
9.6293 0.0994 0.6097
9.6484 0.0982 0.6115
9.6676 0.0970 0.6133
9.6867 0.0956 0.6151
9.7059 0.0942 0.6169
9.7250 0.0926 0.6187
9.7442 0.0911 0.6207
9.7633 0.0895 0.6227
9.7824 0.0879 0.6248
9.8016 0.0863 0.6270
9.8207 0.0848 0.6293
9.8399 0.0834 0.6315
9.8590 0.0820 0.6338
9.8782 0.0806 0.6361
9.8973 0.0793 0.6384
9.9164 0.0780 0.6408
9.9356 0.0767 0.6431
9.9547 0.0754 0.6455
9.9739 0.0742 0.6479
9.9930 0.0731 0.6504
10.0122 0.0720 0.6529
10.0313 0.0711 0.6554
10.0505 0.0703 0.6579
10.0696 0.0696 0.6604
10.0887 0.0690 0.6627
10.1079 0.0685 0.6649
10.1270 0.0681 0.6669
10.1462 0.0675 0.6688
10.1653 0.0669 0.6706
10.1845 0.0662 0.6723
10.2036 0.0654 0.6739
10.2227 0.0643 0.6755
10.2419 0.0632 0.6772
10.2610 0.0619 0.6790
10.2802 0.0606 0.6810
10.2993 0.0592 0.6832
10.3185 0.0580 0.6855
10.3376 0.0568 0.6880
10.3568 0.0558 0.6905
10.3759 0.0549 0.6931
10.3950 0.0541 0.6958
10.4142 0.0535 0.6984
10.4333 0.0531 0.7010
10.4525 0.0527 0.7036
10.4716 0.0525 0.7061
10.4908 0.0523 0.7085
10.5099 0.0523 0.7108
10.5290 0.0523 0.7131
10.5482 0.0524 0.7152
10.5673 0.0525 0.7172
10.5865 0.0526 0.7191
10.6056 0.0528 0.7209
10.6248 0.0529 0.7226
10.6439 0.0530 0.7242
10.6631 0.0530 0.7257
10.6822 0.0529 0.7271
10.7013 0.0527 0.7285
10.7205 0.0524 0.7299
10.7396 0.0521 0.7313
10.7588 0.0517 0.7327
10.7779 0.0512 0.7342
10.7971 0.0508 0.7358
10.8162 0.0503 0.7374
10.8353 0.0499 0.7391
10.8545 0.0496 0.7409
10.8736 0.0493 0.7426
10.8928 0.0491 0.7444
10.9119 0.0490 0.7461
10.9311 0.0489 0.7477
10.9502 0.0489 0.7493
10.9694 0.0489 0.7507
10.9885 0.0489 0.7521
11.0076 0.0489 0.7534
11.0268 0.0487 0.7546
11.0459 0.0485 0.7557
11.0651 0.0482 0.7569
11.0842 0.0478 0.7580
11.1034 0.0474 0.7592
11.1225 0.0468 0.7604
11.1416 0.0462 0.7618
11.1608 0.0455 0.7632
11.1799 0.0449 0.7647
11.1991 0.0442 0.7663
11.2182 0.0437 0.7680
11.2374 0.0432 0.7697
11.2565 0.0427 0.7715
11.2756 0.0424 0.7733
11.2948 0.0421 0.7752
11.3139 0.0419 0.7770
11.3331 0.0418 0.7787
11.3522 0.0417 0.7805
11.3714 0.0416 0.7822
11.3905 0.0416 0.7839
11.4097 0.0415 0.7855
11.4288 0.0415 0.7871
11.4479 0.0415 0.7887
11.4671 0.0415 0.7903
11.4862 0.0415 0.7919
11.5054 0.0415 0.7936
11.5245 0.0415 0.7952
11.5437 0.0416 0.7968
11.5628 0.0417 0.7984
11.5819 0.0418 0.8001
11.6011 0.0420 0.8017
11.6202 0.0422 0.8032
11.6394 0.0425 0.8048
11.6585 0.0428 0.8063
11.6777 0.0431 0.8078
11.6968 0.0434 0.8092
11.7160 0.0437 0.8107
11.7351 0.0440 0.8121
11.7542 0.0444 0.8134
11.7734 0.0447 0.8148
11.7925 0.0451 0.8161
11.8117 0.0454 0.8174
11.8308 0.0457 0.8187
11.8500 0.0461 0.8200
11.8691 0.0464 0.8213
11.8882 0.0468 0.8226
11.9074 0.0471 0.8239
11.9265 0.0476 0.8253
11.9457 0.0480 0.8266
11.9648 0.0485 0.8279
11.9840 0.0490 0.8292
12.0031 0.0496 0.8305
12.0223 0.0503 0.8317
12.0414 0.0509 0.8329
12.0605 0.0517 0.8341
12.0797 0.0524 0.8351
12.0988 0.0532 0.8362
12.1180 0.0541 0.8371
12.1371 0.0549 0.8380
12.1563 0.0558 0.8388
12.1754 0.0566 0.8395
12.1945 0.0574 0.8402
12.2137 0.0582 0.8407
12.2328 0.0590 0.8412
12.2520 0.0598 0.8416
12.2711 0.0604 0.8420
12.2903 0.0611 0.8423
12.3094 0.0616 0.8425
12.3286 0.0621 0.8427
12.3477 0.0625 0.8429
12.3668 0.0628 0.8431
12.3860 0.0630 0.8433
12.4051 0.0632 0.8435
12.4243 0.0633 0.8437
12.4434 0.0633 0.8439
12.4626 0.0633 0.8442
12.4817 0.0632 0.8446
12.5008 0.0631 0.8450
12.5200 0.0630 0.8454
12.5391 0.0629 0.8459
12.5583 0.0628 0.8464
12.5774 0.0628 0.8470
12.5966 0.0627 0.8476
12.6157 0.0626 0.8482
12.6349 0.0626 0.8489
12.6540 0.0625 0.8495
12.6731 0.0625 0.8502
12.6923 0.0625 0.8509
12.7114 0.0625 0.8516
12.7306 0.0625 0.8523
12.7497 0.0625 0.8530
12.7689 0.0625 0.8537
12.7880 0.0626 0.8545
12.8071 0.0626 0.8553
12.8263 0.0627 0.8560
12.8454 0.0628 0.8568
12.8646 0.0630 0.8577
12.8837 0.0632 0.8585
12.9029 0.0634 0.8592
12.9220 0.0637 0.8600
12.9412 0.0639 0.8608
12.9603 0.0642 0.8615
12.9794 0.0645 0.8622
12.9986 0.0648 0.8629
13.0177 0.0652 0.8635
13.0369 0.0655 0.8641
13.0560 0.0658 0.8648
13.0752 0.0661 0.8654
13.0943 0.0664 0.8661
13.1134 0.0667 0.8667
13.1326 0.0671 0.8673
13.1517 0.0674 0.8680
13.1709 0.0678 0.8686
13.1900 0.0683 0.8692
13.2092 0.0687 0.8698
13.2283 0.0692 0.8704
13.2475 0.0698 0.8709
13.2666 0.0703 0.8714
13.2857 0.0709 0.8718
13.3049 0.0715 0.8721
13.3240 0.0721 0.8724
13.3432 0.0727 0.8727
13.3623 0.0732 0.8728
13.3815 0.0737 0.8729
13.4006 0.0742 0.8729
13.4197 0.0746 0.8729
13.4389 0.0750 0.8728
13.4580 0.0752 0.8727
13.4772 0.0754 0.8726
13.4963 0.0756 0.8725
13.5155 0.0756 0.8724
13.5346 0.0755 0.8723
13.5538 0.0754 0.8723
13.5729 0.0753 0.8723
13.5920 0.0750 0.8723
13.6112 0.0748 0.8724
13.6303 0.0745 0.8726
13.6495 0.0742 0.8729
13.6686 0.0738 0.8732
13.6878 0.0735 0.8735
13.7069 0.0732 0.8739
13.7260 0.0729 0.8744
13.7452 0.0726 0.8750
13.7643 0.0724 0.8755
13.7835 0.0722 0.8762
13.8026 0.0720 0.8768
13.8218 0.0718 0.8775
13.8409 0.0717 0.8782
13.8601 0.0717 0.8790
13.8792 0.0717 0.8798
13.8983 0.0717 0.8805
13.9175 0.0718 0.8813
13.9366 0.0719 0.8821
13.9558 0.0721 0.8829
13.9749 0.0723 0.8836
13.9941 0.0726 0.8844
14.0132 0.0729 0.8851
14.0323 0.0732 0.8858
14.0515 0.0735 0.8865
14.0706 0.0739 0.8872
14.0898 0.0743 0.8879
14.1089 0.0747 0.8885
14.1281 0.0751 0.8891
14.1472 0.0755 0.8897
14.1664 0.0760 0.8903
14.1855 0.0764 0.8909
14.2046 0.0769 0.8914
14.2238 0.0774 0.8920
14.2429 0.0779 0.8925
14.2621 0.0785 0.8931
14.2812 0.0790 0.8936
14.3004 0.0796 0.8941
14.3195 0.0803 0.8945
14.3386 0.0809 0.8949
14.3578 0.0816 0.8953
14.3769 0.0822 0.8957
14.3961 0.0829 0.8960
14.4152 0.0836 0.8963
14.4344 0.0842 0.8965
14.4535 0.0849 0.8967
14.4727 0.0856 0.8969
14.4918 0.0862 0.8971
14.5109 0.0869 0.8972
14.5301 0.0876 0.8972
14.5492 0.0882 0.8973
14.5684 0.0888 0.8973
14.5875 0.0894 0.8973
14.6067 0.0899 0.8972
14.6258 0.0904 0.8972
14.6449 0.0909 0.8971
14.6641 0.0914 0.8971
14.6832 0.0918 0.8971
14.7024 0.0922 0.8970
14.7215 0.0926 0.8971
14.7407 0.0930 0.8971
14.7598 0.0934 0.8972
14.7790 0.0938 0.8972
14.7981 0.0943 0.8973
14.8172 0.0948 0.8974
14.8364 0.0953 0.8974
14.8555 0.0959 0.8974
14.8747 0.0964 0.8974
14.8938 0.0970 0.8973
14.9130 0.0976 0.8973
14.9321 0.0981 0.8972
14.9512 0.0987 0.8970
14.9704 0.0992 0.8969
14.9895 0.0997 0.8967
15.0087 0.1002 0.8965
15.0278 0.1007 0.8963
15.0470 0.1012 0.8961
15.0661 0.1017 0.8959
15.0852 0.1022 0.8956
15.1044 0.1027 0.8954
15.1235 0.1032 0.8951
15.1427 0.1036 0.8948
15.1618 0.1041 0.8945
15.1810 0.1045 0.8942
15.2001 0.1049 0.8938
15.2193 0.1053 0.8935
15.2384 0.1057 0.8931
15.2575 0.1061 0.8927
15.2767 0.1065 0.8923
15.2958 0.1069 0.8920
15.3150 0.1072 0.8916
15.3341 0.1076 0.8911
15.3533 0.1079 0.8907
15.3724 0.1083 0.8903
15.3915 0.1086 0.8898
15.4107 0.1090 0.8893
15.4298 0.1093 0.8888
15.4490 0.1096 0.8883
15.4681 0.1098 0.8877
15.4873 0.1100 0.8871
15.5064 0.1102 0.8866
15.5256 0.1104 0.8860
15.5447 0.1105 0.8854
15.5638 0.1106 0.8848
15.5830 0.1106 0.8843
15.6021 0.1107 0.8837
15.6213 0.1107 0.8832
15.6404 0.1107 0.8827
15.6596 0.1107 0.8822
15.6787 0.1107 0.8817
15.6978 0.1107 0.8812
15.7170 0.1107 0.8807
15.7361 0.1107 0.8802
15.7553 0.1106 0.8797
15.7744 0.1105 0.8792
15.7936 0.1104 0.8788
15.8127 0.1103 0.8783
15.8319 0.1102 0.8779
15.8510 0.1101 0.8775
15.8701 0.1100 0.8772
15.8893 0.1099 0.8768
15.9084 0.1098 0.8765
15.9276 0.1097 0.8762
15.9467 0.1097 0.8759
15.9659 0.1097 0.8756
15.9850 0.1097 0.8753
16.0041 0.1098 0.8750
16.0233 0.1099 0.8746
16.0424 0.1100 0.8742
16.0616 0.1101 0.8738
16.0807 0.1102 0.8733
16.0999 0.1103 0.8728
16.1190 0.1104 0.8722
16.1382 0.1104 0.8716
16.1573 0.1104 0.8710
16.1764 0.1103 0.8703
16.1956 0.1102 0.8697
16.2147 0.1101 0.8691
16.2339 0.1099 0.8685
16.2530 0.1097 0.8680
16.2722 0.1096 0.8674
16.2913 0.1094 0.8669
16.3104 0.1092 0.8664
16.3296 0.1090 0.8659
16.3487 0.1089 0.8654
16.3679 0.1088 0.8649
16.3870 0.1086 0.8644
16.4062 0.1085 0.8638
16.4253 0.1084 0.8633
16.4445 0.1082 0.8627
16.4636 0.1081 0.8621
16.4827 0.1079 0.8615
16.5019 0.1078 0.8608
16.5210 0.1076 0.8601
16.5402 0.1073 0.8595
16.5593 0.1071 0.8588
16.5785 0.1068 0.8581
16.5976 0.1065 0.8574
16.6167 0.1062 0.8567
16.6359 0.1058 0.8560
16.6550 0.1055 0.8553
16.6742 0.1051 0.8545
16.6933 0.1046 0.8538
16.7125 0.1042 0.8531
16.7316 0.1037 0.8524
16.7508 0.1032 0.8517
16.7699 0.1026 0.8510
16.7890 0.1021 0.8503
16.8082 0.1014 0.8497
16.8273 0.1008 0.8490
16.8465 0.1002 0.8484
16.8656 0.0995 0.8479
16.8848 0.0988 0.8473
16.9039 0.0982 0.8468
16.9230 0.0975 0.8463
16.9422 0.0969 0.8458
16.9613 0.0962 0.8453
16.9805 0.0955 0.8448
16.9996 0.0949 0.8443
17.0188 0.0943 0.8438
17.0379 0.0936 0.8433
17.0571 0.0930 0.8428
17.0762 0.0924 0.8423
17.0953 0.0917 0.8418
17.1145 0.0910 0.8412
17.1336 0.0903 0.8406
17.1528 0.0895 0.8400
17.1719 0.0887 0.8394
17.1911 0.0879 0.8388
17.2102 0.0869 0.8382
17.2293 0.0860 0.8377
17.2485 0.0850 0.8372
17.2676 0.0839 0.8367
17.2868 0.0828 0.8363
17.3059 0.0817 0.8360
17.3251 0.0806 0.8357
17.3442 0.0795 0.8355
17.3634 0.0784 0.8353
17.3825 0.0773 0.8351
17.4016 0.0763 0.8350
17.4208 0.0753 0.8350
17.4399 0.0743 0.8349
17.4591 0.0733 0.8349
17.4782 0.0723 0.8349
17.4974 0.0714 0.8348
17.5165 0.0705 0.8348
17.5356 0.0696 0.8348
17.5548 0.0687 0.8347
17.5739 0.0677 0.8347
17.5931 0.0668 0.8346
17.6122 0.0659 0.8346
17.6314 0.0649 0.8346
17.6505 0.0639 0.8346
17.6697 0.0630 0.8346
17.6888 0.0620 0.8346
17.7079 0.0610 0.8346
17.7271 0.0600 0.8347
17.7462 0.0590 0.8348
17.7654 0.0580 0.8349
17.7845 0.0569 0.8350
17.8037 0.0559 0.8352
17.8228 0.0549 0.8354
17.8419 0.0539 0.8357
17.8611 0.0529 0.8359
17.8802 0.0519 0.8362
17.8994 0.0509 0.8366
17.9185 0.0500 0.8369
17.9377 0.0491 0.8373
17.9568 0.0482 0.8377
17.9760 0.0473 0.8381
17.9951 0.0465 0.8385
18.0142 0.0457 0.8389
18.0334 0.0449 0.8393
18.0525 0.0442 0.8397
18.0717 0.0434 0.8401
18.0908 0.0427 0.8405
18.1100 0.0420 0.8409
18.1291 0.0413 0.8413
18.1482 0.0406 0.8416
18.1674 0.0398 0.8420
18.1865 0.0391 0.8424
18.2057 0.0384 0.8427
18.2248 0.0376 0.8431
18.2440 0.0369 0.8435
18.2631 0.0361 0.8439
18.2823 0.0354 0.8444
18.3014 0.0347 0.8448
18.3205 0.0339 0.8453
18.3397 0.0332 0.8458
18.3588 0.0325 0.8463
18.3780 0.0319 0.8468
18.3971 0.0312 0.8473
18.4163 0.0306 0.8478
18.4354 0.0299 0.8483
18.4545 0.0293 0.8488
18.4737 0.0287 0.8494
18.4928 0.0281 0.8499
18.5120 0.0275 0.8504
18.5311 0.0269 0.8510
18.5503 0.0264 0.8515
18.5694 0.0258 0.8520
18.5885 0.0253 0.8526
18.6077 0.0247 0.8531
18.6268 0.0242 0.8537
18.6460 0.0236 0.8542
18.6651 0.0231 0.8548
18.6843 0.0226 0.8553
18.7034 0.0221 0.8559
18.7226 0.0216 0.8565
18.7417 0.0212 0.8571
18.7608 0.0207 0.8577
18.7800 0.0203 0.8583
18.7991 0.0199 0.8589
18.8183 0.0194 0.8594
18.8374 0.0191 0.8600
18.8566 0.0187 0.8606
18.8757 0.0183 0.8612
18.8948 0.0180 0.8618
18.9140 0.0176 0.8623
18.9331 0.0173 0.8629
18.9523 0.0169 0.8634
18.9714 0.0166 0.8640
18.9906 0.0163 0.8645
19.0097 0.0160 0.8651
19.0289 0.0157 0.8656
19.0480 0.0154 0.8662
19.0671 0.0151 0.8667
19.0863 0.0148 0.8672
19.1054 0.0145 0.8678
19.1246 0.0142 0.8683
19.1437 0.0139 0.8688
19.1629 0.0137 0.8694
19.1820 0.0134 0.8699
19.2011 0.0132 0.8704
19.2203 0.0129 0.8710
19.2394 0.0127 0.8715
19.2586 0.0124 0.8720
19.2777 0.0122 0.8725
19.2969 0.0120 0.8731
19.3160 0.0118 0.8736
19.3352 0.0116 0.8741
19.3543 0.0114 0.8746
19.3734 0.0113 0.8751
19.3926 0.0111 0.8756
19.4117 0.0109 0.8761
19.4309 0.0107 0.8765
19.4500 0.0106 0.8770
19.4692 0.0104 0.8775
19.4883 0.0102 0.8780
19.5074 0.0101 0.8784
19.5266 0.0099 0.8789
19.5457 0.0098 0.8794
19.5649 0.0096 0.8798
19.5840 0.0095 0.8803
19.6032 0.0093 0.8808
19.6223 0.0092 0.8812
19.6415 0.0091 0.8817
19.6606 0.0090 0.8821
19.6797 0.0089 0.8826
19.6989 0.0088 0.8830
19.7180 0.0087 0.8834
19.7372 0.0086 0.8838
19.7563 0.0085 0.8843
19.7755 0.0084 0.8847
19.7946 0.0083 0.8851
19.8137 0.0082 0.8855
19.8329 0.0081 0.8859
19.8520 0.0080 0.8863
19.8712 0.0079 0.8867
19.8903 0.0078 0.8871
19.9095 0.0077 0.8875
19.9286 0.0076 0.8879
19.9478 0.0075 0.8882
19.9669 0.0074 0.8886
19.9860 0.0074 0.8890
20.0052 0.0073 0.8894
20.0243 0.0072 0.8898
20.0435 0.0071 0.8901
20.0626 0.0071 0.8905
20.0818 0.0070 0.8909
20.1009 0.0069 0.8912
20.1200 0.0069 0.8916
20.1392 0.0068 0.8919
20.1583 0.0067 0.8923
20.1775 0.0067 0.8926
20.1966 0.0066 0.8930
20.2158 0.0066 0.8933
20.2349 0.0065 0.8937
20.2541 0.0065 0.8940
20.2732 0.0064 0.8943
20.2923 0.0063 0.8946
20.3115 0.0063 0.8949
20.3306 0.0062 0.8953
20.3498 0.0062 0.8956
20.3689 0.0061 0.8959
20.3881 0.0061 0.8962
20.4072 0.0060 0.8965
20.4263 0.0059 0.8968
20.4455 0.0059 0.8971
20.4646 0.0058 0.8974
20.4838 0.0058 0.8977
20.5029 0.0057 0.8980
20.5221 0.0056 0.8983
20.5412 0.0056 0.8986
20.5604 0.0055 0.8989
20.5795 0.0055 0.8992
20.5986 0.0054 0.8995
20.6178 0.0054 0.8998
20.6369 0.0053 0.9001
20.6561 0.0053 0.9004
20.6752 0.0052 0.9007
20.6944 0.0052 0.9010
20.7135 0.0051 0.9013
20.7326 0.0051 0.9016
20.7518 0.0051 0.9018
20.7709 0.0050 0.9021
20.7901 0.0050 0.9024
20.8092 0.0049 0.9027
20.8284 0.0049 0.9029
20.8475 0.0048 0.9032
20.8667 0.0048 0.9035
20.8858 0.0048 0.9037
20.9049 0.0047 0.9040
20.9241 0.0047 0.9043
20.9432 0.0046 0.9045
20.9624 0.0046 0.9048
20.9815 0.0045 0.9050
21.0007 0.0045 0.9053
21.0198 0.0045 0.9055
21.0389 0.0044 0.9058
21.0581 0.0044 0.9061
21.0772 0.0043 0.9063
21.0964 0.0043 0.9066
21.1155 0.0043 0.9068
21.1347 0.0042 0.9071
21.1538 0.0042 0.9073
21.1730 0.0041 0.9075
21.1921 0.0041 0.9078
21.2112 0.0040 0.9080
21.2304 0.0040 0.9083
21.2495 0.0040 0.9085
21.2687 0.0039 0.9088
21.2878 0.0039 0.9090
21.3070 0.0038 0.9092
21.3261 0.0038 0.9095
21.3452 0.0038 0.9097
21.3644 0.0037 0.9099
21.3835 0.0037 0.9102
21.4027 0.0037 0.9104
21.4218 0.0036 0.9106
21.4410 0.0036 0.9109
21.4601 0.0035 0.9111
21.4793 0.0035 0.9113
21.4984 0.0035 0.9116
21.5175 0.0034 0.9118
21.5367 0.0034 0.9120
21.5558 0.0034 0.9122
21.5750 0.0033 0.9125
21.5941 0.0033 0.9127
21.6133 0.0032 0.9129
21.6324 0.0032 0.9131
21.6515 0.0032 0.9134
21.6707 0.0031 0.9136
21.6898 0.0031 0.9138
21.7090 0.0031 0.9140
21.7281 0.0030 0.9142
21.7473 0.0030 0.9145
21.7664 0.0029 0.9147
21.7856 0.0029 0.9149
21.8047 0.0029 0.9151
21.8238 0.0028 0.9153
21.8430 0.0028 0.9156
21.8621 0.0028 0.9158
21.8813 0.0027 0.9160
21.9004 0.0027 0.9162
21.9196 0.0027 0.9164
21.9387 0.0026 0.9166
21.9578 0.0026 0.9169
21.9770 0.0026 0.9171
21.9961 0.0025 0.9173
22.0153 0.0025 0.9175
22.0344 0.0025 0.9177
22.0536 0.0024 0.9179
22.0727 0.0024 0.9181
22.0919 0.0024 0.9184
22.1110 0.0023 0.9186
22.1301 0.0023 0.9188
22.1493 0.0023 0.9190
22.1684 0.0023 0.9192
22.1876 0.0022 0.9194
22.2067 0.0022 0.9196
22.2259 0.0022 0.9198
22.2450 0.0022 0.9200
22.2641 0.0021 0.9203
22.2833 0.0021 0.9205
22.3024 0.0021 0.9207
22.3216 0.0021 0.9209
22.3407 0.0020 0.9211
22.3599 0.0020 0.9213
22.3790 0.0020 0.9215
22.3981 0.0020 0.9217
22.4173 0.0020 0.9219
22.4364 0.0020 0.9221
22.4556 0.0019 0.9223
22.4747 0.0019 0.9225
22.4939 0.0019 0.9227
22.5130 0.0019 0.9229
22.5322 0.0019 0.9231
22.5513 0.0019 0.9234
22.5704 0.0019 0.9236
22.5896 0.0018 0.9238
22.6087 0.0018 0.9240
22.6279 0.0018 0.9242
22.6470 0.0018 0.9244
22.6662 0.0018 0.9246
22.6853 0.0018 0.9248
22.7044 0.0018 0.9250
22.7236 0.0018 0.9252
22.7427 0.0018 0.9254
22.7619 0.0018 0.9255
22.7810 0.0018 0.9257
22.8002 0.0018 0.9259
22.8193 0.0018 0.9261
22.8385 0.0018 0.9263
22.8576 0.0019 0.9265
22.8767 0.0019 0.9267
22.8959 0.0019 0.9269
22.9150 0.0019 0.9271
22.9342 0.0019 0.9273
22.9533 0.0019 0.9274
22.9725 0.0019 0.9276
22.9916 0.0020 0.9278
23.0107 0.0020 0.9280
23.0299 0.0020 0.9282
23.0490 0.0020 0.9283
23.0682 0.0021 0.9285
23.0873 0.0021 0.9287
23.1065 0.0021 0.9288
23.1256 0.0021 0.9290
23.1448 0.0022 0.9291
23.1639 0.0022 0.9293
23.1830 0.0022 0.9294
23.2022 0.0022 0.9296
23.2213 0.0022 0.9297
23.2405 0.0023 0.9299
23.2596 0.0023 0.9300
23.2788 0.0023 0.9302
23.2979 0.0023 0.9303
23.3170 0.0023 0.9304
23.3362 0.0024 0.9306
23.3553 0.0024 0.9307
23.3745 0.0024 0.9308
23.3936 0.0024 0.9310
23.4128 0.0024 0.9311
23.4319 0.0024 0.9312
23.4511 0.0024 0.9313
23.4702 0.0024 0.9315
23.4893 0.0024 0.9316
23.5085 0.0023 0.9317
23.5276 0.0023 0.9319
23.5468 0.0023 0.9320
23.5659 0.0023 0.9322
23.5851 0.0023 0.9323
23.6042 0.0023 0.9325
23.6233 0.0023 0.9326
23.6425 0.0023 0.9328
23.6616 0.0023 0.9329
23.6808 0.0023 0.9331
23.6999 0.0023 0.9332
23.7191 0.0023 0.9334
23.7382 0.0023 0.9335
23.7574 0.0023 0.9337
23.7765 0.0024 0.9338
23.7956 0.0024 0.9340
23.8148 0.0024 0.9341
23.8339 0.0024 0.9342
23.8531 0.0024 0.9344
23.8722 0.0025 0.9345
23.8914 0.0025 0.9346
23.9105 0.0025 0.9348
23.9296 0.0025 0.9349
23.9488 0.0025 0.9350
23.9679 0.0026 0.9351
23.9871 0.0026 0.9353
24.0062 0.0026 0.9354
24.0254 0.0026 0.9355
24.0445 0.0026 0.9356
24.0637 0.0026 0.9357
24.0828 0.0026 0.9358
24.1019 0.0027 0.9359
24.1211 0.0027 0.9360
24.1402 0.0027 0.9361
24.1594 0.0027 0.9362
24.1785 0.0027 0.9364
24.1977 0.0027 0.9365
24.2168 0.0027 0.9366
24.2359 0.0027 0.9367
24.2551 0.0027 0.9368
24.2742 0.0026 0.9369
24.2934 0.0026 0.9370
24.3125 0.0026 0.9372
24.3317 0.0026 0.9373
24.3508 0.0026 0.9374
24.3700 0.0027 0.9375
24.3891 0.0027 0.9376
24.4082 0.0027 0.9378
24.4274 0.0027 0.9379
24.4465 0.0027 0.9380
24.4657 0.0027 0.9381
24.4848 0.0027 0.9382
24.5040 0.0027 0.9383
24.5231 0.0027 0.9384
24.5422 0.0028 0.9385
24.5614 0.0028 0.9386
24.5805 0.0028 0.9387
24.5997 0.0028 0.9388
24.6188 0.0028 0.9389
24.6380 0.0028 0.9390
24.6571 0.0028 0.9391
24.6763 0.0028 0.9392
24.6954 0.0028 0.9393
24.7145 0.0028 0.9394
24.7337 0.0028 0.9395
24.7528 0.0028 0.9396
24.7720 0.0028 0.9397
24.7911 0.0028 0.9398
24.8103 0.0028 0.9399
24.8294 0.0028 0.9400
24.8485 0.0028 0.9401
24.8677 0.0028 0.9402
24.8868 0.0028 0.9403
24.9060 0.0028 0.9404
24.9251 0.0028 0.9405
24.9443 0.0028 0.9405
24.9634 0.0028 0.9406
24.9826 0.0028 0.9407
25.0017 0.0028 0.9408
25.0208 0.0028 0.9409
25.0400 0.0028 0.9410
25.0591 0.0028 0.9411
25.0783 0.0028 0.9412
25.0974 0.0028 0.9413
25.1166 0.0028 0.9414
25.1357 0.0029 0.9415
25.1548 0.0029 0.9415
25.1740 0.0029 0.9416
25.1931 0.0029 0.9417
25.2123 0.0029 0.9418
25.2314 0.0029 0.9419
25.2506 0.0029 0.9420
25.2697 0.0029 0.9420
25.2889 0.0029 0.9421
25.3080 0.0029 0.9422
25.3271 0.0028 0.9423
25.3463 0.0028 0.9423
25.3654 0.0028 0.9424
25.3846 0.0028 0.9425
25.4037 0.0028 0.9425
25.4229 0.0028 0.9426
25.4420 0.0028 0.9427
25.4611 0.0027 0.9428
25.4803 0.0027 0.9428
25.4994 0.0027 0.9429
25.5186 0.0027 0.9430
25.5377 0.0027 0.9431
25.5569 0.0026 0.9432
25.5760 0.0026 0.9432
25.5952 0.0026 0.9433
25.6143 0.0026 0.9434
25.6334 0.0025 0.9435
25.6526 0.0025 0.9436
25.6717 0.0025 0.9436
25.6909 0.0025 0.9437
25.7100 0.0024 0.9438
25.7292 0.0024 0.9439
25.7483 0.0024 0.9440
25.7674 0.0023 0.9441
25.7866 0.0023 0.9442
25.8057 0.0023 0.9443
25.8249 0.0023 0.9444
25.8440 0.0022 0.9445
25.8632 0.0022 0.9446
25.8823 0.0022 0.9447
25.9015 0.0022 0.9448
25.9206 0.0022 0.9449
25.9397 0.0022 0.9450
25.9589 0.0021 0.9451
25.9780 0.0021 0.9452
25.9972 0.0021 0.9453
26.0163 0.0021 0.9454
26.0355 0.0021 0.9455
26.0546 0.0021 0.9455
26.0737 0.0021 0.9456
26.0929 0.0021 0.9457
26.1120 0.0021 0.9458
26.1312 0.0021 0.9459
26.1503 0.0020 0.9460
26.1695 0.0020 0.9461
26.1886 0.0020 0.9462
26.2077 0.0020 0.9463
26.2269 0.0020 0.9464
26.2460 0.0020 0.9465
26.2652 0.0020 0.9465
26.2843 0.0020 0.9466
26.3035 0.0020 0.9467
26.3226 0.0020 0.9468
26.3418 0.0020 0.9469
26.3609 0.0020 0.9469
26.3800 0.0020 0.9470
26.3992 0.0020 0.9471
26.4183 0.0020 0.9472
26.4375 0.0020 0.9473
26.4566 0.0019 0.9473
26.4758 0.0019 0.9474
26.4949 0.0019 0.9475
26.5140 0.0019 0.9476
26.5332 0.0019 0.9477
26.5523 0.0019 0.9477
26.5715 0.0019 0.9478
26.5906 0.0019 0.9479
26.6098 0.0019 0.9480
26.6289 0.0018 0.9480
26.6481 0.0018 0.9481
26.6672 0.0018 0.9482
26.6863 0.0018 0.9483
26.7055 0.0018 0.9484
26.7246 0.0018 0.9484
26.7438 0.0018 0.9485
26.7629 0.0017 0.9486
26.7821 0.0017 0.9487
26.8012 0.0017 0.9487
26.8203 0.0017 0.9488
26.8395 0.0017 0.9489
26.8586 0.0017 0.9490
26.8778 0.0016 0.9491
26.8969 0.0016 0.9491
26.9161 0.0016 0.9492
26.9352 0.0016 0.9493
26.9544 0.0016 0.9494
26.9735 0.0016 0.9495
26.9926 0.0016 0.9495
27.0118 0.0015 0.9496
27.0309 0.0015 0.9497
27.0501 0.0015 0.9498
27.0692 0.0015 0.9499
27.0884 0.0015 0.9500
27.1075 0.0015 0.9500
27.1266 0.0015 0.9501
27.1458 0.0015 0.9502
27.1649 0.0014 0.9503
27.1841 0.0014 0.9504
27.2032 0.0014 0.9504
27.2224 0.0014 0.9505
27.2415 0.0014 0.9506
27.2607 0.0014 0.9507
27.2798 0.0014 0.9508
27.2989 0.0014 0.9508
27.3181 0.0014 0.9509
27.3372 0.0014 0.9510
27.3564 0.0014 0.9511
27.3755 0.0014 0.9511
27.3947 0.0013 0.9512
27.4138 0.0013 0.9513
27.4329 0.0013 0.9514
27.4521 0.0013 0.9514
27.4712 0.0013 0.9515
27.4904 0.0013 0.9516
27.5095 0.0013 0.9517
27.5287 0.0013 0.9517
27.5478 0.0013 0.9518
27.5670 0.0013 0.9519
27.5861 0.0013 0.9519
27.6052 0.0012 0.9520
27.6244 0.0012 0.9521
27.6435 0.0012 0.9522
27.6627 0.0012 0.9522
27.6818 0.0012 0.9523
27.7010 0.0012 0.9524
27.7201 0.0012 0.9524
27.7392 0.0012 0.9525
27.7584 0.0012 0.9526
27.7775 0.0011 0.9526
27.7967 0.0011 0.9527
27.8158 0.0011 0.9528
27.8350 0.0011 0.9529
27.8541 0.0011 0.9529
27.8733 0.0011 0.9530
27.8924 0.0011 0.9531
27.9115 0.0011 0.9531
27.9307 0.0010 0.9532
27.9498 0.0010 0.9533
27.9690 0.0010 0.9533
27.9881 0.0010 0.9534
28.0073 0.0010 0.9535
28.0264 0.0010 0.9536
28.0455 0.0009 0.9536
28.0647 0.0009 0.9537
28.0838 0.0009 0.9538
28.1030 0.0009 0.9538
28.1221 0.0009 0.9539
28.1413 0.0009 0.9540
28.1604 0.0009 0.9541
28.1796 0.0008 0.9541
28.1987 0.0008 0.9542
28.2178 0.0008 0.9543
28.2370 0.0008 0.9544
28.2561 0.0008 0.9544
28.2753 0.0008 0.9545
28.2944 0.0008 0.9546
28.3136 0.0007 0.9547
28.3327 0.0007 0.9547
28.3518 0.0007 0.9548
28.3710 0.0007 0.9549
28.3901 0.0007 0.9550
28.4093 0.0007 0.9550
28.4284 0.0007 0.9551
28.4476 0.0007 0.9552
28.4667 0.0006 0.9553
28.4859 0.0006 0.9553
28.5050 0.0006 0.9554
28.5241 0.0006 0.9555
28.5433 0.0006 0.9556
28.5624 0.0006 0.9556
28.5816 0.0006 0.9557
28.6007 0.0006 0.9558
28.6199 0.0006 0.9559
28.6390 0.0006 0.9559
28.6581 0.0006 0.9560
28.6773 0.0006 0.9561
28.6964 0.0005 0.9562
28.7156 0.0005 0.9562
28.7347 0.0005 0.9563
28.7539 0.0005 0.9564
28.7730 0.0005 0.9564
28.7922 0.0005 0.9565
28.8113 0.0005 0.9566
28.8304 0.0005 0.9567
28.8496 0.0005 0.9567
28.8687 0.0005 0.9568
28.8879 0.0005 0.9569
28.9070 0.0005 0.9569
28.9262 0.0005 0.9570
28.9453 0.0005 0.9571
28.9644 0.0005 0.9572
28.9836 0.0005 0.9572
29.0027 0.0005 0.9573
29.0219 0.0005 0.9574
29.0410 0.0005 0.9574
29.0602 0.0005 0.9575
29.0793 0.0005 0.9576
29.0985 0.0005 0.9576
29.1176 0.0005 0.9577
29.1367 0.0005 0.9578
29.1559 0.0005 0.9578
29.1750 0.0005 0.9579
29.1942 0.0005 0.9580
29.2133 0.0004 0.9580
29.2325 0.0004 0.9581
29.2516 0.0004 0.9582
29.2707 0.0004 0.9582
29.2899 0.0004 0.9583
29.3090 0.0004 0.9584
29.3282 0.0004 0.9584
29.3473 0.0004 0.9585
29.3665 0.0004 0.9585
29.3856 0.0004 0.9586
29.4048 0.0004 0.9587
29.4239 0.0004 0.9587
29.4430 0.0004 0.9588
29.4622 0.0004 0.9589
29.4813 0.0004 0.9589
29.5005 0.0004 0.9590
29.5196 0.0004 0.9590
29.5388 0.0004 0.9591
29.5579 0.0004 0.9592
29.5770 0.0004 0.9592
29.5962 0.0004 0.9593
29.6153 0.0004 0.9594
29.6345 0.0004 0.9594
29.6536 0.0004 0.9595
29.6728 0.0004 0.9595
29.6919 0.0004 0.9596
29.7110 0.0004 0.9597
29.7302 0.0004 0.9597
29.7493 0.0004 0.9598
29.7685 0.0004 0.9598
29.7876 0.0004 0.9599
29.8068 0.0004 0.9600
29.8259 0.0004 0.9600
29.8451 0.0004 0.9601
29.8642 0.0004 0.9601
29.8833 0.0004 0.9602
29.9025 0.0004 0.9603
29.9216 0.0004 0.9603
29.9408 0.0004 0.9604
29.9599 0.0004 0.9604
29.9791 0.0004 0.9605
29.9982 0.0004 0.9606
30.0173 0.0003 0.9606
30.0365 0.0003 0.9607
30.0556 0.0003 0.9607
30.0748 0.0003 0.9608
30.0939 0.0003 0.9608
30.1131 0.0003 0.9609
30.1322 0.0003 0.9610
30.1514 0.0003 0.9610
30.1705 0.0003 0.9611
30.1896 0.0003 0.9611
30.2088 0.0003 0.9612
30.2279 0.0003 0.9613
30.2471 0.0003 0.9613
30.2662 0.0003 0.9614
30.2854 0.0003 0.9614
30.3045 0.0003 0.9615
30.3236 0.0003 0.9615
30.3428 0.0003 0.9616
30.3619 0.0003 0.9616
30.3811 0.0003 0.9617
30.4002 0.0003 0.9618
30.4194 0.0003 0.9618
30.4385 0.0003 0.9619
30.4577 0.0003 0.9619
30.4768 0.0003 0.9620
30.4959 0.0003 0.9620
30.5151 0.0003 0.9621
30.5342 0.0003 0.9621
30.5534 0.0003 0.9622
30.5725 0.0003 0.9623
30.5917 0.0003 0.9623
30.6108 0.0003 0.9624
30.6299 0.0003 0.9624
30.6491 0.0003 0.9625
30.6682 0.0003 0.9625
30.6874 0.0003 0.9626
30.7065 0.0003 0.9626
30.7257 0.0003 0.9627
30.7448 0.0003 0.9627
30.7640 0.0003 0.9628
30.7831 0.0003 0.9628
30.8022 0.0003 0.9629
30.8214 0.0003 0.9630
30.8405 0.0003 0.9630
30.8597 0.0003 0.9631
30.8788 0.0003 0.9631
30.8980 0.0003 0.9632
30.9171 0.0003 0.9632
30.9362 0.0003 0.9633
30.9554 0.0003 0.9633
30.9745 0.0003 0.9634
30.9937 0.0003 0.9634
31.0128 0.0003 0.9635
31.0320 0.0003 0.9635
31.0511 0.0003 0.9636
31.0703 0.0003 0.9636
31.0894 0.0003 0.9637
31.1085 0.0003 0.9637
31.1277 0.0003 0.9638
31.1468 0.0003 0.9638
31.1660 0.0003 0.9639
31.1851 0.0003 0.9639
31.2043 0.0003 0.9640
31.2234 0.0003 0.9640
31.2425 0.0003 0.9641
31.2617 0.0003 0.9641
31.2808 0.0003 0.9642
31.3000 0.0003 0.9642
31.3191 0.0003 0.9643
31.3383 0.0003 0.9643
31.3574 0.0003 0.9644
31.3766 0.0003 0.9644
31.3957 0.0003 0.9645
31.4148 0.0003 0.9645
31.4340 0.0003 0.9646
31.4531 0.0003 0.9646
31.4723 0.0003 0.9647
31.4914 0.0003 0.9647
31.5106 0.0003 0.9648
31.5297 0.0003 0.9648
31.5488 0.0003 0.9649
31.5680 0.0003 0.9649
31.5871 0.0003 0.9650
31.6063 0.0003 0.9650
31.6254 0.0003 0.9651
31.6446 0.0002 0.9651
31.6637 0.0002 0.9652
31.6829 0.0002 0.9652
31.7020 0.0002 0.9652
31.7211 0.0002 0.9653
31.7403 0.0002 0.9653
31.7594 0.0002 0.9654
31.7786 0.0002 0.9654
31.7977 0.0002 0.9655
31.8169 0.0002 0.9655
31.8360 0.0002 0.9656
31.8551 0.0002 0.9656
31.8743 0.0002 0.9657
31.8934 0.0002 0.9657
31.9126 0.0002 0.9658
31.9317 0.0002 0.9658
31.9509 0.0002 0.9659
31.9700 0.0002 0.9659
31.9892 0.0002 0.9659
32.0083 0.0002 0.9660
32.0274 0.0002 0.9660
32.0466 0.0002 0.9661
32.0657 0.0002 0.9661
32.0849 0.0002 0.9662
32.1040 0.0002 0.9662
32.1232 0.0002 0.9663
32.1423 0.0002 0.9663
32.1614 0.0002 0.9664
32.1806 0.0002 0.9664
32.1997 0.0002 0.9664
32.2189 0.0002 0.9665
32.2380 0.0002 0.9665
32.2572 0.0002 0.9666
32.2763 0.0002 0.9666
32.2955 0.0002 0.9667
32.3146 0.0002 0.9667
32.3337 0.0002 0.9668
32.3529 0.0002 0.9668
32.3720 0.0002 0.9668
32.3912 0.0002 0.9669
32.4103 0.0002 0.9669
32.4295 0.0002 0.9670
32.4486 0.0002 0.9670
32.4677 0.0002 0.9671
32.4869 0.0002 0.9671
32.5060 0.0002 0.9671
32.5252 0.0002 0.9672
32.5443 0.0002 0.9672
32.5635 0.0002 0.9673
32.5826 0.0002 0.9673
32.6018 0.0002 0.9674
32.6209 0.0002 0.9674
32.6400 0.0002 0.9674
32.6592 0.0002 0.9675
32.6783 0.0002 0.9675
32.6975 0.0002 0.9676
32.7166 0.0002 0.9676
32.7358 0.0002 0.9677
32.7549 0.0002 0.9677
32.7740 0.0002 0.9677
32.7932 0.0002 0.9678
32.8123 0.0002 0.9678
32.8315 0.0002 0.9679
32.8506 0.0002 0.9679
32.8698 0.0002 0.9679
32.8889 0.0002 0.9680
32.9081 0.0002 0.9680
32.9272 0.0002 0.9681
32.9463 0.0002 0.9681
32.9655 0.0002 0.9682
32.9846 0.0002 0.9682
33.0038 0.0002 0.9682
33.0229 0.0002 0.9683
33.0421 0.0002 0.9683
33.0612 0.0002 0.9684
33.0803 0.0002 0.9684
33.0995 0.0002 0.9684
33.1186 0.0002 0.9685
33.1378 0.0002 0.9685
33.1569 0.0002 0.9686
33.1761 0.0002 0.9686
33.1952 0.0002 0.9686
33.2144 0.0002 0.9687
33.2335 0.0002 0.9687
33.2526 0.0002 0.9688
33.2718 0.0002 0.9688
33.2909 0.0002 0.9688
33.3101 0.0002 0.9689
33.3292 0.0002 0.9689
33.3484 0.0002 0.9690
33.3675 0.0002 0.9690
33.3866 0.0002 0.9690
33.4058 0.0002 0.9691
33.4249 0.0002 0.9691
33.4441 0.0002 0.9691
33.4632 0.0002 0.9692
33.4824 0.0002 0.9692
33.5015 0.0002 0.9693
33.5206 0.0002 0.9693
33.5398 0.0002 0.9693
33.5589 0.0002 0.9694
33.5781 0.0002 0.9694
33.5972 0.0002 0.9695
33.6164 0.0002 0.9695
33.6355 0.0002 0.9695
33.6547 0.0002 0.9696
33.6738 0.0002 0.9696
33.6929 0.0002 0.9696
33.7121 0.0002 0.9697
33.7312 0.0002 0.9697
33.7504 0.0002 0.9698
33.7695 0.0002 0.9698
33.7887 0.0002 0.9698
33.8078 0.0002 0.9699
33.8269 0.0002 0.9699
33.8461 0.0002 0.9699
33.8652 0.0002 0.9700
33.8844 0.0002 0.9700
33.9035 0.0002 0.9701
33.9227 0.0002 0.9701
33.9418 0.0002 0.9701
33.9610 0.0002 0.9702
33.9801 0.0002 0.9702
33.9992 0.0002 0.9702
34.0184 0.0002 0.9703
34.0375 0.0002 0.9703
34.0567 0.0002 0.9703
34.0758 0.0002 0.9704
34.0950 0.0002 0.9704
34.1141 0.0002 0.9705
34.1332 0.0002 0.9705
34.1524 0.0002 0.9705
34.1715 0.0002 0.9706
34.1907 0.0002 0.9706
34.2098 0.0002 0.9706
34.2290 0.0002 0.9707
34.2481 0.0002 0.9707
34.2673 0.0002 0.9707
34.2864 0.0002 0.9708
34.3055 0.0002 0.9708
34.3247 0.0002 0.9709
34.3438 0.0002 0.9709
34.3630 0.0002 0.9709
34.3821 0.0002 0.9710
34.4013 0.0002 0.9710
34.4204 0.0002 0.9710
34.4395 0.0002 0.9711
34.4587 0.0002 0.9711
34.4778 0.0002 0.9711
34.4970 0.0002 0.9712
34.5161 0.0002 0.9712
34.5353 0.0002 0.9712
34.5544 0.0002 0.9713
34.5736 0.0002 0.9713
34.5927 0.0002 0.9713
34.6118 0.0002 0.9714
34.6310 0.0002 0.9714
34.6501 0.0002 0.9714
34.6693 0.0002 0.9715
34.6884 0.0002 0.9715
34.7076 0.0002 0.9715
34.7267 0.0002 0.9716
34.7458 0.0002 0.9716
34.7650 0.0002 0.9717
34.7841 0.0002 0.9717
34.8033 0.0002 0.9717
34.8224 0.0002 0.9718
34.8416 0.0002 0.9718
34.8607 0.0002 0.9718
34.8799 0.0002 0.9719
34.8990 0.0002 0.9719
34.9181 0.0002 0.9719
34.9373 0.0002 0.9720
34.9564 0.0002 0.9720
34.9756 0.0002 0.9720
34.9947 0.0002 0.9721
35.0139 0.0002 0.9721
35.0330 0.0002 0.9721
35.0521 0.0002 0.9722
35.0713 0.0002 0.9722
35.0904 0.0002 0.9722
35.1096 0.0002 0.9723
35.1287 0.0002 0.9723
35.1479 0.0002 0.9723
35.1670 0.0002 0.9723
35.1862 0.0002 0.9724
35.2053 0.0002 0.9724
35.2244 0.0002 0.9724
35.2436 0.0002 0.9725
35.2627 0.0002 0.9725
35.2819 0.0002 0.9725
35.3010 0.0002 0.9726
35.3202 0.0002 0.9726
35.3393 0.0002 0.9726
35.3584 0.0002 0.9727
35.3776 0.0002 0.9727
35.3967 0.0002 0.9727
35.4159 0.0002 0.9728
35.4350 0.0002 0.9728
35.4542 0.0002 0.9728
35.4733 0.0002 0.9729
35.4925 0.0002 0.9729
35.5116 0.0002 0.9729
35.5307 0.0002 0.9730
35.5499 0.0002 0.9730
35.5690 0.0002 0.9730
35.5882 0.0002 0.9731
35.6073 0.0002 0.9731
35.6265 0.0002 0.9731
35.6456 0.0002 0.9731
35.6647 0.0002 0.9732
35.6839 0.0002 0.9732
35.7030 0.0002 0.9732
35.7222 0.0002 0.9733
35.7413 0.0002 0.9733
35.7605 0.0002 0.9733
35.7796 0.0002 0.9734
35.7988 0.0002 0.9734
35.8179 0.0002 0.9734
35.8370 0.0002 0.9735
35.8562 0.0002 0.9735
35.8753 0.0002 0.9735
35.8945 0.0002 0.9735
35.9136 0.0002 0.9736
35.9328 0.0002 0.9736
35.9519 0.0002 0.9736
35.9710 0.0002 0.9737
35.9902 0.0002 0.9737
36.0093 0.0002 0.9737
36.0285 0.0002 0.9738
36.0476 0.0002 0.9738
36.0668 0.0002 0.9738
36.0859 0.0002 0.9738
36.1051 0.0002 0.9739
36.1242 0.0002 0.9739
36.1433 0.0002 0.9739
36.1625 0.0002 0.9740
36.1816 0.0002 0.9740
36.2008 0.0002 0.9740
36.2199 0.0002 0.9741
36.2391 0.0002 0.9741
36.2582 0.0002 0.9741
36.2773 0.0002 0.9741
36.2965 0.0002 0.9742
36.3156 0.0002 0.9742
36.3348 0.0002 0.9742
36.3539 0.0002 0.9743
36.3731 0.0002 0.9743
36.3922 0.0002 0.9743
36.4114 0.0002 0.9743
36.4305 0.0002 0.9744
36.4496 0.0002 0.9744
36.4688 0.0002 0.9744
36.4879 0.0002 0.9745
36.5071 0.0002 0.9745
36.5262 0.0001 0.9745
36.5454 0.0001 0.9745
36.5645 0.0001 0.9746
36.5836 0.0001 0.9746
36.6028 0.0001 0.9746
36.6219 0.0001 0.9747
36.6411 0.0001 0.9747
36.6602 0.0001 0.9747
36.6794 0.0001 0.9747
36.6985 0.0001 0.9748
36.7177 0.0001 0.9748
36.7368 0.0001 0.9748
36.7559 0.0001 0.9749
36.7751 0.0001 0.9749
36.7942 0.0001 0.9749
36.8134 0.0001 0.9749
36.8325 0.0001 0.9750
36.8517 0.0001 0.9750
36.8708 0.0001 0.9750
36.8899 0.0001 0.9751
36.9091 0.0001 0.9751
36.9282 0.0001 0.9751
36.9474 0.0001 0.9751
36.9665 0.0001 0.9752
36.9857 0.0001 0.9752
37.0048 0.0001 0.9752
37.0239 0.0001 0.9752
37.0431 0.0001 0.9753
37.0622 0.0001 0.9753
37.0814 0.0001 0.9753
37.1005 0.0001 0.9754
37.1197 0.0001 0.9754
37.1388 0.0001 0.9754
37.1580 0.0001 0.9754
37.1771 0.0001 0.9755
37.1962 0.0001 0.9755
37.2154 0.0001 0.9755
37.2345 0.0001 0.9755
37.2537 0.0001 0.9756
37.2728 0.0001 0.9756
37.2920 0.0001 0.9756
37.3111 0.0001 0.9757
37.3302 0.0001 0.9757
37.3494 0.0001 0.9757
37.3685 0.0001 0.9757
37.3877 0.0001 0.9758
37.4068 0.0001 0.9758
37.4260 0.0001 0.9758
37.4451 0.0001 0.9758
37.4643 0.0001 0.9759
37.4834 0.0001 0.9759
37.5025 0.0001 0.9759
37.5217 0.0001 0.9759
37.5408 0.0001 0.9760
37.5600 0.0001 0.9760
37.5791 0.0001 0.9760
37.5983 0.0001 0.9761
37.6174 0.0001 0.9761
37.6365 0.0001 0.9761
37.6557 0.0001 0.9761
37.6748 0.0001 0.9762
37.6940 0.0001 0.9762
37.7131 0.0001 0.9762
37.7323 0.0001 0.9762
37.7514 0.0001 0.9763
37.7706 0.0001 0.9763
37.7897 0.0001 0.9763
37.8088 0.0001 0.9763
37.8280 0.0001 0.9764
37.8471 0.0001 0.9764
37.8663 0.0001 0.9764
37.8854 0.0001 0.9764
37.9046 0.0001 0.9765
37.9237 0.0001 0.9765
37.9428 0.0001 0.9765
37.9620 0.0001 0.9765
37.9811 0.0001 0.9766
38.0003 0.0001 0.9766
38.0194 0.0001 0.9766
38.0386 0.0001 0.9766
38.0577 0.0001 0.9767
38.0769 0.0001 0.9767
38.0960 0.0001 0.9767
38.1151 0.0001 0.9767
38.1343 0.0001 0.9768
38.1534 0.0001 0.9768
38.1726 0.0001 0.9768
38.1917 0.0001 0.9768
38.2109 0.0001 0.9769
38.2300 0.0001 0.9769
38.2491 0.0001 0.9769
38.2683 0.0001 0.9769
