0.0000 0.0000 15.5127
0.0199 1.3693 15.4257
0.0398 2.7433 15.1485
0.0597 4.1007 14.6413
0.0796 5.3776 13.8664
0.0995 6.4720 12.8223
0.1194 7.2749 11.5718
0.1393 7.7172 10.2397
0.1592 7.8073 8.9761
0.1792 7.6310 7.9011
0.1991 7.3148 7.0655
0.2190 6.9743 6.4473
0.2389 6.6798 5.9809
0.2588 6.4503 5.5940
0.2787 6.2688 5.2334
0.2986 6.1026 4.8738
0.3185 5.9203 4.5145
0.3384 5.7013 4.1732
0.3583 5.4430 3.8765
0.3782 5.1628 3.6475
0.3981 4.8917 3.4938
0.4180 4.6604 3.4012
0.4379 4.4855 3.3399
0.4578 4.3626 3.2770
0.4777 4.2703 3.1908
0.4977 4.1817 3.0773
0.5176 4.0759 2.9479
0.5375 3.9444 2.8221
0.5574 3.7917 2.7184
0.5773 3.6315 2.6486
0.5972 3.4816 2.6147
0.6171 3.3584 2.6079
0.6370 3.2704 2.6108
0.6569 3.2143 2.6040
0.6768 3.1753 2.5738
0.6967 3.1341 2.5188
0.7166 3.0754 2.4497
0.7365 2.9947 2.3829
0.7564 2.8984 2.3330
0.7763 2.7992 2.3064
0.7962 2.7098 2.3012
0.8162 2.6390 2.3093
0.8361 2.5895 2.3194
0.8560 2.5578 2.3210
0.8759 2.5347 2.3075
0.8958 2.5093 2.2786
0.9157 2.4728 2.2410
0.9356 2.4231 2.2048
0.9555 2.3644 2.1783
0.9754 2.3045 2.1648
0.9953 2.2507 2.1622
1.0152 2.2065 2.1652
1.0351 2.1718 2.1686
1.0550 2.1442 2.1690
1.0749 2.1208 2.1648
1.0948 2.0988 2.1559
1.1147 2.0758 2.1431
1.1347 2.0503 2.1283
1.1546 2.0219 2.1135
1.1745 1.9912 2.1002
1.1944 1.9591 2.0893
1.2143 1.9261 2.0815
1.2342 1.8932 2.0777
1.2541 1.8622 2.0788
1.2740 1.8361 2.0842
1.2939 1.8173 2.0909
1.3138 1.8057 2.0944
1.3337 1.7981 2.0911
1.3536 1.7894 2.0802
1.3735 1.7752 2.0642
1.3934 1.7536 2.0478
1.4133 1.7256 2.0357
1.4332 1.6951 2.0311
1.4531 1.6667 2.0345
1.4731 1.6445 2.0434
1.4930 1.6304 2.0535
1.5129 1.6234 2.0603
1.5328 1.6199 2.0609
1.5527 1.6157 2.0552
1.5726 1.6078 2.0455
1.5925 1.5951 2.0350
1.6124 1.5787 2.0264
1.6323 1.5604 2.0209
1.6522 1.5418 2.0188
1.6721 1.5242 2.0198
1.6920 1.5085 2.0233
1.7119 1.4958 2.0287
1.7318 1.4867 2.0348
1.7517 1.4817 2.0397
1.7716 1.4797 2.0414
1.7916 1.4785 2.0385
1.8115 1.4753 2.0312
1.8314 1.4677 2.0217
1.8513 1.4550 2.0132
1.8712 1.4388 2.0087
1.8911 1.4223 2.0094
1.9110 1.4082 2.0145
1.9309 1.3984 2.0220
1.9508 1.3930 2.0294
1.9707 1.3912 2.0347
1.9906 1.3912 2.0368
2.0105 1.3913 2.0356
2.0304 1.3900 2.0317
2.0503 1.3863 2.0263
2.0702 1.3798 2.0206
2.0901 1.3705 2.0162
2.1101 1.3592 2.0146
2.1300 1.3477 2.0167
2.1499 1.3380 2.0224
2.1698 1.3319 2.0303
2.1897 1.3302 2.0383
2.2096 1.3322 2.0440
2.2295 1.3360 2.0460
2.2494 1.3392 2.0442
2.2693 1.3402 2.0396
2.2892 1.3379 2.0341
2.3091 1.3326 2.0294
2.3290 1.3251 2.0268
2.3489 1.3166 2.0272
2.3688 1.3086 2.0309
2.3887 1.3028 2.0375
2.4086 1.3004 2.0457
2.4286 1.3019 2.0534
2.4485 1.3066 2.0587
2.4684 1.3126 2.0603
2.4883 1.3177 2.0585
2.5082 1.3204 2.0541
2.5281 1.3198 2.0491
2.5480 1.3161 2.0452
2.5679 1.3103 2.0439
2.5878 1.3038 2.0461
2.6077 1.2986 2.0516
2.6276 1.2962 2.0597
2.6475 1.2975 2.0687
2.6674 1.3027 2.0766
2.6873 1.3106 2.0816
2.7072 1.3193 2.0829
2.7271 1.3267 2.0807
2.7470 1.3312 2.0763
2.7670 1.3321 2.0717
2.7869 1.3299 2.0689
2.8068 1.3259 2.0695
2.8267 1.3223 2.0738
2.8466 1.3209 2.0814
2.8665 1.3228 2.0908
2.8864 1.3286 2.1001
2.9063 1.3378 2.1078
2.9262 1.3491 2.1126
2.9461 1.3609 2.1139
2.9660 1.3715 2.1122
2.9859 1.3797 2.1084
3.0058 1.3845 2.1041
3.0257 1.3862 2.1013
3.0456 1.3857 2.1018
3.0655 1.3852 2.1066
3.0855 1.3870 2.1158
3.1054 1.3935 2.1279
3.1253 1.4062 2.1401
3.1452 1.4246 2.1492
3.1651 1.4465 2.1523
3.1850 1.4680 2.1485
3.2049 1.4853 2.1394
3.2248 1.4963 2.1287
3.2447 1.5019 2.1208
3.2646 1.5055 2.1186
3.2845 1.5117 2.1219
3.3044 1.5240 2.1275
3.3243 1.5431 2.1307
3.3442 1.5664 2.1271
3.3641 1.5887 2.1148
3.3840 1.6049 2.0956
3.4040 1.6116 2.0741
3.4239 1.6092 2.0559
3.4438 1.6006 2.0452
3.4637 1.5906 2.0436
3.4836 1.5832 2.0503
3.5035 1.5811 2.0629
3.5234 1.5854 2.0787
3.5433 1.5960 2.0956
3.5632 1.6124 2.1118
3.5831 1.6341 2.1263
3.6030 1.6601 2.1378
3.6229 1.6895 2.1457
3.6428 1.7211 2.1496
3.6627 1.7536 2.1495
3.6826 1.7861 2.1462
3.7025 1.8182 2.1404
3.7224 1.8501 2.1330
3.7424 1.8821 2.1244
3.7623 1.9147 2.1146
3.7822 1.9485 2.1035
3.8021 1.9837 2.0906
3.8220 2.0202 2.0755
3.8419 2.0582 2.0579
3.8618 2.0973 2.0374
3.8817 2.1378 2.0139
3.9016 2.1796 1.9870
3.9215 2.2230 1.9561
3.9414 2.2683 1.9205
3.9613 2.3155 1.8785
3.9812 2.3639 1.8282
4.0011 2.4119 1.7676
4.0210 2.4565 1.6948
4.0409 2.4935 1.6090
4.0609 2.5181 1.5115
4.0808 2.5256 1.4056
4.1007 2.5132 1.2969
4.1206 2.4806 1.1918
4.1405 2.4300 1.0962
4.1604 2.3658 1.0144
4.1803 2.2932 0.9481
4.2002 2.2170 0.8974
4.2201 2.1409 0.8605
4.2400 2.0674 0.8353
4.2599 1.9979 0.8194
4.2798 1.9327 0.8108
4.2997 1.8720 0.8080
4.3196 1.8154 0.8098
4.3395 1.7626 0.8152
4.3594 1.7131 0.8239
4.3794 1.6668 0.8355
4.3993 1.6234 0.8500
4.4192 1.5832 0.8673
4.4391 1.5462 0.8871
4.4590 1.5126 0.9090
4.4789 1.4824 0.9327
4.4988 1.4555 0.9578
4.5187 1.4318 0.9841
4.5386 1.4111 1.0113
4.5585 1.3933 1.0393
4.5784 1.3782 1.0683
4.5983 1.3659 1.0983
4.6182 1.3564 1.1295
4.6381 1.3502 1.1620
4.6580 1.3479 1.1957
4.6779 1.3501 1.2302
4.6979 1.3571 1.2651
4.7178 1.3694 1.2995
4.7377 1.3874 1.3327
4.7576 1.4112 1.3635
4.7775 1.4408 1.3905
4.7974 1.4754 1.4122
4.8173 1.5135 1.4274
4.8372 1.5535 1.4355
4.8571 1.5933 1.4366
4.8770 1.6314 1.4314
4.8969 1.6666 1.4213
4.9168 1.6984 1.4077
4.9367 1.7270 1.3919
4.9566 1.7529 1.3749
4.9765 1.7769 1.3572
4.9964 1.7997 1.3388
5.0163 1.8218 1.3193
5.0363 1.8432 1.2985
5.0562 1.8640 1.2759
5.0761 1.8840 1.2512
5.0960 1.9028 1.2239
5.1159 1.9196 1.1938
5.1358 1.9336 1.1609
5.1557 1.9437 1.1257
5.1756 1.9490 1.0892
5.1955 1.9491 1.0529
5.2154 1.9445 1.0182
5.2353 1.9358 0.9862
5.2552 1.9242 0.9575
5.2751 1.9107 0.9321
5.2950 1.8957 0.9101
5.3149 1.8797 0.8914
5.3348 1.8633 0.8763
5.3548 1.8470 0.8649
5.3747 1.8319 0.8570
5.3946 1.8184 0.8522
5.4145 1.8070 0.8498
5.4344 1.7976 0.8494
5.4543 1.7900 0.8509
5.4742 1.7843 0.8547
5.4941 1.7811 0.8614
5.5140 1.7818 0.8713
5.5339 1.7882 0.8839
5.5538 1.8019 0.8977
5.5737 1.8238 0.9103
5.5936 1.8537 0.9194
5.6135 1.8907 0.9228
5.6334 1.9333 0.9191
5.6533 1.9805 0.9075
5.6733 2.0311 0.8868
5.6932 2.0841 0.8560
5.7131 2.1381 0.8133
5.7330 2.1901 0.7570
5.7529 2.2364 0.6864
5.7728 2.2722 0.6025
5.7927 2.2931 0.5080
5.8126 2.2961 0.4079
5.8325 2.2804 0.3078
5.8524 2.2474 0.2131
5.8723 2.2005 0.1279
5.8922 2.1437 0.0544
5.9121 2.0808 -0.0070
5.9320 2.0152 -0.0567
5.9519 1.9491 -0.0959
5.9718 1.8843 -0.1260
5.9918 1.8220 -0.1482
6.0117 1.7632 -0.1643
6.0316 1.7083 -0.1757
6.0515 1.6569 -0.1838
6.0714 1.6086 -0.1896
6.0913 1.5629 -0.1935
6.1112 1.5194 -0.1958
6.1311 1.4778 -0.1965
6.1510 1.4380 -0.1958
6.1709 1.4002 -0.1936
6.1908 1.3645 -0.1902
6.2107 1.3310 -0.1861
6.2306 1.2996 -0.1818
6.2505 1.2697 -0.1778
6.2704 1.2405 -0.1744
6.2903 1.2112 -0.1708
6.3102 1.1818 -0.1661
6.3302 1.1532 -0.1597
6.3501 1.1264 -0.1516
6.3700 1.1022 -0.1430
6.3899 1.0801 -0.1350
6.4098 1.0594 -0.1285
6.4297 1.0385 -0.1233
6.4496 1.0169 -0.1184
6.4695 0.9945 -0.1126
6.4894 0.9724 -0.1052
6.5093 0.9515 -0.0963
6.5292 0.9327 -0.0869
6.5491 0.9159 -0.0780
6.5690 0.9002 -0.0704
6.5889 0.8847 -0.0642
6.6088 0.8685 -0.0587
6.6287 0.8514 -0.0530
6.6487 0.8337 -0.0463
6.6686 0.8165 -0.0382
6.6885 0.8006 -0.0290
6.7084 0.7865 -0.0195
6.7283 0.7741 -0.0108
6.7482 0.7626 -0.0035
6.7681 0.7509 0.0023
6.7880 0.7382 0.0073
6.8079 0.7243 0.0125
6.8278 0.7097 0.0189
6.8477 0.6953 0.0268
6.8676 0.6822 0.0359
6.8875 0.6708 0.0454
6.9074 0.6611 0.0542
6.9273 0.6522 0.0616
6.9472 0.6435 0.0677
6.9672 0.6339 0.0727
6.9871 0.6232 0.0776
7.0070 0.6116 0.0832
7.0269 0.5997 0.0900
7.0468 0.5885 0.0979
7.0667 0.5785 0.1067
7.0866 0.5700 0.1153
7.1065 0.5627 0.1232
7.1264 0.5560 0.1297
7.1463 0.5489 0.1351
7.1662 0.5410 0.1398
7.1861 0.5321 0.1447
7.2060 0.5226 0.1503
7.2259 0.5131 0.1570
7.2458 0.5043 0.1645
7.2657 0.4966 0.1725
7.2857 0.4902 0.1803
7.3056 0.4846 0.1871
7.3255 0.4794 0.1929
7.3454 0.4738 0.1976
7.3653 0.4672 0.2017
7.3852 0.4598 0.2060
7.4051 0.4516 0.2110
7.4250 0.4434 0.2170
7.4449 0.4358 0.2240
7.4648 0.4292 0.2315
7.4847 0.4238 0.2388
7.5046 0.4192 0.2455
7.5245 0.4151 0.2511
7.5444 0.4109 0.2557
7.5643 0.4060 0.2596
7.5842 0.4001 0.2633
7.6041 0.3933 0.2674
7.6241 0.3861 0.2726
7.6440 0.3792 0.2787
7.6639 0.3732 0.2856
7.6838 0.3682 0.2927
7.7037 0.3643 0.2993
7.7236 0.3609 0.3051
7.7435 0.3577 0.3099
7.7634 0.3541 0.3139
7.7833 0.3498 0.3174
7.8032 0.3446 0.3211
7.8231 0.3388 0.3253
7.8430 0.3329 0.3304
7.8629 0.3274 0.3362
7.8828 0.3226 0.3425
7.9027 0.3187 0.3489
7.9226 0.3156 0.3548
7.9426 0.3129 0.3599
7.9625 0.3103 0.3643
7.9824 0.3072 0.3680
8.0023 0.3035 0.3714
8.0222 0.2990 0.3751
8.0421 0.2942 0.3793
8.0620 0.2894 0.3843
8.0819 0.2851 0.3899
8.1018 0.2815 0.3957
8.1217 0.2786 0.4013
8.1416 0.2763 0.4064
8.1615 0.2741 0.4109
8.1814 0.2718 0.4148
8.2013 0.2690 0.4184
8.2212 0.2658 0.4220
8.2411 0.2623 0.4259
8.2611 0.2587 0.4302
8.2810 0.2553 0.4349
8.3009 0.2523 0.4399
8.3208 0.2499 0.4448
8.3407 0.2479 0.4495
8.3606 0.2461 0.4537
8.3805 0.2444 0.4575
8.4004 0.2425 0.4609
8.4203 0.2404 0.4641
8.4402 0.2379 0.4673
8.4601 0.2351 0.4707
8.4800 0.2323 0.4743
8.4999 0.2297 0.4783
8.5198 0.2275 0.4824
8.5397 0.2256 0.4864
8.5596 0.2241 0.4900
8.5796 0.2226 0.4932
8.5995 0.2210 0.4960
8.6194 0.2190 0.4985
8.6393 0.2166 0.5010
8.6592 0.2139 0.5037
8.6791 0.2110 0.5068
8.6990 0.2082 0.5102
8.7189 0.2056 0.5139
8.7388 0.2034 0.5177
8.7587 0.2015 0.5213
8.7786 0.1999 0.5247
8.7985 0.1983 0.5278
8.8184 0.1967 0.5306
8.8383 0.1948 0.5333
8.8582 0.1927 0.5359
8.8781 0.1903 0.5387
8.8980 0.1879 0.5416
8.9180 0.1856 0.5448
8.9379 0.1835 0.5482
8.9578 0.1815 0.5515
8.9777 0.1798 0.5548
8.9976 0.1783 0.5579
9.0175 0.1768 0.5608
9.0374 0.1753 0.5635
9.0573 0.1735 0.5661
9.0772 0.1716 0.5688
9.0971 0.1697 0.5715
9.1170 0.1677 0.5744
9.1369 0.1659 0.5774
9.1568 0.1643 0.5804
9.1767 0.1627 0.5833
9.1966 0.1613 0.5860
9.2165 0.1599 0.5886
9.2365 0.1584 0.5910
9.2564 0.1567 0.5934
9.2763 0.1549 0.5958
9.2962 0.1530 0.5984
9.3161 0.1512 0.6011
9.3360 0.1495 0.6038
9.3559 0.1479 0.6066
9.3758 0.1465 0.6092
9.3957 0.1451 0.6117
9.4156 0.1436 0.6140
9.4355 0.1420 0.6162
9.4554 0.1402 0.6184
9.4753 0.1383 0.6208
9.4952 0.1363 0.6233
9.5151 0.1343 0.6259
9.5350 0.1325 0.6288
9.5550 0.1308 0.6316
9.5749 0.1293 0.6345
9.5948 0.1280 0.6372
9.6147 0.1267 0.6398
9.6346 0.1254 0.6422
9.6545 0.1239 0.6445
9.6744 0.1224 0.6467
9.6943 0.1207 0.6491
9.7142 0.1189 0.6516
9.7341 0.1173 0.6542
9.7540 0.1157 0.6569
9.7739 0.1143 0.6596
9.7938 0.1131 0.6621
9.8137 0.1119 0.6644
9.8336 0.1106 0.6665
9.8535 0.1090 0.6684
9.8734 0.1071 0.6704
9.8934 0.1048 0.6726
9.9133 0.1025 0.6753
9.9332 0.1003 0.6783
9.9531 0.0984 0.6815
9.9730 0.0969 0.6849
9.9929 0.0956 0.6881
10.0128 0.0945 0.6911
10.0327 0.0934 0.6938
10.0526 0.0922 0.6964
10.0725 0.0908 0.6990
10.0924 0.0893 0.7016
10.1123 0.0877 0.7045
10.1322 0.0861 0.7075
10.1521 0.0847 0.7106
10.1720 0.0833 0.7138
10.1919 0.0821 0.7171
10.2119 0.0811 0.7204
10.2318 0.0801 0.7236
10.2517 0.0793 0.7268
10.2716 0.0786 0.7299
10.2915 0.0779 0.7329
10.3114 0.0772 0.7359
10.3313 0.0764 0.7388
10.3512 0.0756 0.7418
10.3711 0.0748 0.7448
10.3910 0.0741 0.7479
10.4109 0.0735 0.7510
10.4308 0.0730 0.7542
10.4507 0.0726 0.7573
10.4706 0.0724 0.7604
10.4905 0.0721 0.7634
10.5104 0.0720 0.7664
10.5304 0.0718 0.7693
10.5503 0.0717 0.7722
10.5702 0.0717 0.7751
10.5901 0.0717 0.7780
10.6100 0.0719 0.7808
10.6299 0.0721 0.7835
10.6498 0.0724 0.7861
10.6697 0.0727 0.7886
10.6896 0.0730 0.7909
10.7095 0.0733 0.7931
10.7294 0.0735 0.7952
10.7493 0.0735 0.7973
10.7692 0.0734 0.7994
10.7891 0.0733 0.8016
10.8090 0.0732 0.8040
10.8289 0.0731 0.8065
10.8489 0.0733 0.8091
10.8688 0.0738 0.8116
10.8887 0.0744 0.8140
10.9086 0.0752 0.8161
10.9285 0.0760 0.8179
10.9484 0.0769 0.8195
10.9683 0.0776 0.8207
10.9882 0.0780 0.8216
11.0081 0.0782 0.8224
11.0280 0.0780 0.8230
11.0479 0.0773 0.8237
11.0678 0.0763 0.8246
11.0877 0.0750 0.8258
11.1076 0.0736 0.8273
11.1275 0.0721 0.8292
11.1474 0.0707 0.8315
11.1673 0.0694 0.8340
11.1873 0.0684 0.8367
11.2072 0.0675 0.8396
11.2271 0.0669 0.8425
11.2470 0.0664 0.8454
11.2669 0.0660 0.8484
11.2868 0.0658 0.8513
11.3067 0.0657 0.8543
11.3266 0.0658 0.8572
11.3465 0.0660 0.8601
11.3664 0.0664 0.8629
11.3863 0.0668 0.8656
11.4062 0.0673 0.8683
11.4261 0.0678 0.8708
11.4460 0.0684 0.8733
11.4659 0.0689 0.8757
11.4858 0.0695 0.8780
11.5058 0.0700 0.8803
11.5257 0.0706 0.8826
11.5456 0.0712 0.8848
11.5655 0.0718 0.8871
11.5854 0.0723 0.8893
11.6053 0.0729 0.8915
11.6252 0.0734 0.8937
11.6451 0.0740 0.8959
11.6650 0.0746 0.8982
11.6849 0.0753 0.9004
11.7048 0.0760 0.9026
11.7247 0.0768 0.9049
11.7446 0.0776 0.9071
11.7645 0.0785 0.9092
11.7844 0.0794 0.9114
11.8043 0.0804 0.9135
11.8243 0.0814 0.9155
11.8442 0.0824 0.9174
11.8641 0.0834 0.9193
11.8840 0.0844 0.9211
11.9039 0.0853 0.9229
11.9238 0.0861 0.9247
11.9437 0.0870 0.9266
11.9636 0.0878 0.9285
11.9835 0.0887 0.9306
12.0034 0.0897 0.9326
12.0233 0.0908 0.9347
12.0432 0.0919 0.9367
12.0631 0.0932 0.9387
12.0830 0.0945 0.9407
12.1029 0.0959 0.9426
12.1228 0.0974 0.9445
12.1428 0.0989 0.9464
12.1627 0.1004 0.9482
12.1826 0.1021 0.9500
12.2025 0.1039 0.9518
12.2224 0.1059 0.9534
12.2423 0.1079 0.9549
12.2622 0.1101 0.9562
12.2821 0.1124 0.9573
12.3020 0.1146 0.9582
12.3219 0.1168 0.9588
12.3418 0.1190 0.9592
12.3617 0.1210 0.9594
12.3816 0.1229 0.9594
12.4015 0.1246 0.9592
12.4214 0.1261 0.9588
12.4413 0.1273 0.9584
12.4612 0.1282 0.9579
12.4812 0.1288 0.9575
12.5011 0.1292 0.9572
12.5210 0.1294 0.9571
12.5409 0.1295 0.9571
12.5608 0.1295 0.9573
12.5807 0.1294 0.9576
12.6006 0.1293 0.9581
12.6205 0.1292 0.9587
12.6404 0.1290 0.9595
12.6603 0.1289 0.9605
12.6802 0.1289 0.9616
12.7001 0.1289 0.9627
12.7200 0.1290 0.9640
12.7399 0.1292 0.9653
12.7598 0.1295 0.9666
12.7797 0.1299 0.9680
12.7997 0.1303 0.9693
12.8196 0.1308 0.9706
12.8395 0.1313 0.9720
12.8594 0.1318 0.9734
12.8793 0.1323 0.9748
12.8992 0.1329 0.9762
12.9191 0.1336 0.9776
12.9390 0.1342 0.9790
12.9589 0.1349 0.9804
12.9788 0.1357 0.9819
12.9987 0.1365 0.9834
13.0186 0.1373 0.9849
13.0385 0.1383 0.9864
13.0584 0.1393 0.9879
13.0783 0.1403 0.9893
13.0982 0.1414 0.9907
13.1182 0.1425 0.9921
13.1381 0.1436 0.9934
13.1580 0.1447 0.9948
13.1779 0.1458 0.9961
13.1978 0.1469 0.9975
13.2177 0.1481 0.9989
13.2376 0.1494 1.0003
13.2575 0.1508 1.0017
13.2774 0.1522 1.0031
13.2973 0.1536 1.0044
13.3172 0.1551 1.0057
13.3371 0.1566 1.0069
13.3570 0.1581 1.0081
13.3769 0.1597 1.0093
13.3968 0.1613 1.0105
13.4167 0.1629 1.0117
13.4367 0.1646 1.0128
13.4566 0.1663 1.0139
13.4765 0.1681 1.0149
13.4964 0.1699 1.0159
13.5163 0.1718 1.0168
13.5362 0.1736 1.0176
13.5561 0.1754 1.0184
13.5760 0.1772 1.0191
13.5959 0.1790 1.0198
13.6158 0.1809 1.0205
13.6357 0.1827 1.0211
13.6556 0.1845 1.0217
13.6755 0.1863 1.0223
13.6954 0.1881 1.0227
13.7153 0.1899 1.0232
13.7352 0.1916 1.0236
13.7551 0.1933 1.0239
13.7751 0.1950 1.0243
13.7950 0.1966 1.0247
13.8149 0.1981 1.0252
13.8348 0.1997 1.0257
13.8547 0.2013 1.0262
13.8746 0.2029 1.0267
13.8945 0.2046 1.0273
13.9144 0.2063 1.0278
13.9343 0.2080 1.0284
13.9542 0.2097 1.0289
13.9741 0.2115 1.0295
13.9940 0.2133 1.0300
14.0139 0.2152 1.0306
14.0338 0.2171 1.0311
14.0537 0.2190 1.0316
14.0736 0.2210 1.0321
14.0936 0.2231 1.0326
14.1135 0.2251 1.0330
14.1334 0.2272 1.0334
14.1533 0.2294 1.0337
14.1732 0.2316 1.0340
14.1931 0.2338 1.0342
14.2130 0.2361 1.0344
14.2329 0.2383 1.0345
14.2528 0.2406 1.0346
14.2727 0.2429 1.0346
14.2926 0.2451 1.0346
14.3125 0.2473 1.0345
14.3324 0.2495 1.0344
14.3523 0.2517 1.0343
14.3722 0.2540 1.0342
14.3921 0.2562 1.0342
14.4121 0.2585 1.0341
14.4320 0.2609 1.0339
14.4519 0.2634 1.0337
14.4718 0.2658 1.0334
14.4917 0.2683 1.0330
14.5116 0.2708 1.0326
14.5315 0.2732 1.0320
14.5514 0.2757 1.0315
14.5713 0.2781 1.0308
14.5912 0.2805 1.0301
14.6111 0.2828 1.0294
14.6310 0.2851 1.0286
14.6509 0.2873 1.0278
14.6708 0.2895 1.0271
14.6907 0.2917 1.0264
14.7106 0.2940 1.0257
14.7306 0.2963 1.0250
14.7505 0.2987 1.0244
14.7704 0.3011 1.0236
14.7903 0.3037 1.0228
14.8102 0.3063 1.0219
14.8301 0.3088 1.0209
14.8500 0.3114 1.0197
14.8699 0.3139 1.0186
14.8898 0.3163 1.0173
14.9097 0.3188 1.0161
14.9296 0.3212 1.0149
14.9495 0.3236 1.0136
14.9694 0.3261 1.0124
14.9893 0.3286 1.0111
15.0092 0.3312 1.0097
15.0291 0.3339 1.0083
15.0490 0.3367 1.0068
15.0690 0.3395 1.0051
15.0889 0.3423 1.0033
15.1088 0.3451 1.0012
15.1287 0.3478 0.9990
15.1486 0.3503 0.9966
15.1685 0.3527 0.9941
15.1884 0.3549 0.9917
15.2083 0.3570 0.9893
15.2282 0.3590 0.9869
15.2481 0.3610 0.9846
15.2680 0.3630 0.9823
15.2879 0.3650 0.9800
15.3078 0.3671 0.9777
15.3277 0.3692 0.9753
15.3476 0.3713 0.9727
15.3675 0.3733 0.9701
15.3875 0.3753 0.9675
15.4074 0.3772 0.9648
15.4273 0.3790 0.9621
15.4472 0.3809 0.9594
15.4671 0.3827 0.9567
15.4870 0.3845 0.9539
15.5069 0.3863 0.9511
15.5268 0.3881 0.9482
15.5467 0.3898 0.9452
15.5666 0.3914 0.9422
15.5865 0.3930 0.9392
15.6064 0.3945 0.9363
15.6263 0.3961 0.9333
15.6462 0.3977 0.9304
15.6661 0.3993 0.9274
15.6860 0.4010 0.9245
15.7060 0.4029 0.9214
15.7259 0.4049 0.9182
15.7458 0.4069 0.9148
15.7657 0.4090 0.9110
15.7856 0.4110 0.9070
15.8055 0.4128 0.9028
15.8254 0.4143 0.8983
15.8453 0.4157 0.8938
15.8652 0.4168 0.8891
15.8851 0.4177 0.8845
15.9050 0.4185 0.8798
15.9249 0.4191 0.8751
15.9448 0.4196 0.8704
15.9647 0.4200 0.8656
15.9846 0.4202 0.8609
16.0045 0.4202 0.8561
16.0244 0.4202 0.8512
16.0444 0.4200 0.8464
16.0643 0.4196 0.8416
16.0842 0.4191 0.8367
16.1041 0.4185 0.8319
16.1240 0.4177 0.8271
16.1439 0.4168 0.8223
16.1638 0.4158 0.8175
16.1837 0.4147 0.8127
16.2036 0.4134 0.8079
16.2235 0.4119 0.8031
16.2434 0.4103 0.7983
16.2633 0.4085 0.7935
16.2832 0.4065 0.7888
16.3031 0.4043 0.7842
16.3230 0.4020 0.7797
16.3429 0.3994 0.7753
16.3629 0.3968 0.7711
16.3828 0.3940 0.7670
16.4027 0.3911 0.7631
16.4226 0.3882 0.7593
16.4425 0.3852 0.7557
16.4624 0.3822 0.7522
16.4823 0.3791 0.7487
16.5022 0.3760 0.7454
16.5221 0.3729 0.7421
16.5420 0.3697 0.7390
16.5619 0.3665 0.7359
16.5818 0.3631 0.7329
16.6017 0.3598 0.7300
16.6216 0.3563 0.7273
16.6415 0.3528 0.7246
16.6614 0.3493 0.7221
16.6814 0.3457 0.7197
16.7013 0.3421 0.7174
16.7212 0.3385 0.7152
16.7411 0.3349 0.7133
16.7610 0.3312 0.7114
16.7809 0.3276 0.7097
16.8008 0.3241 0.7081
16.8207 0.3207 0.7066
16.8406 0.3173 0.7052
16.8605 0.3139 0.7038
16.8804 0.3105 0.7024
16.9003 0.3071 0.7011
16.9202 0.3037 0.6999
16.9401 0.3003 0.6989
16.9600 0.2969 0.6979
16.9799 0.2936 0.6971
16.9999 0.2904 0.6963
17.0198 0.2873 0.6957
17.0397 0.2843 0.6950
17.0596 0.2814 0.6943
17.0795 0.2785 0.6937
17.0994 0.2757 0.6930
17.1193 0.2729 0.6922
17.1392 0.2701 0.6915
17.1591 0.2672 0.6908
17.1790 0.2643 0.6901
17.1989 0.2615 0.6895
17.2188 0.2586 0.6889
17.2387 0.2557 0.6884
17.2586 0.2529 0.6879
17.2785 0.2501 0.6874
17.2984 0.2473 0.6869
17.3183 0.2445 0.6865
17.3383 0.2417 0.6861
17.3582 0.2388 0.6857
17.3781 0.2360 0.6853
17.3980 0.2331 0.6850
17.4179 0.2302 0.6848
17.4378 0.2274 0.6847
17.4577 0.2246 0.6846
17.4776 0.2218 0.6846
17.4975 0.2190 0.6846
17.5174 0.2163 0.6847
17.5373 0.2136 0.6848
17.5572 0.2109 0.6850
17.5771 0.2083 0.6851
17.5970 0.2057 0.6854
17.6169 0.2031 0.6856
17.6368 0.2006 0.6859
17.6568 0.1981 0.6863
17.6767 0.1957 0.6867
17.6966 0.1933 0.6871
17.7165 0.1910 0.6875
17.7364 0.1887 0.6879
17.7563 0.1864 0.6883
17.7762 0.1842 0.6887
17.7961 0.1820 0.6891
17.8160 0.1799 0.6895
17.8359 0.1777 0.6899
17.8558 0.1755 0.6903
17.8757 0.1734 0.6908
17.8956 0.1713 0.6912
17.9155 0.1691 0.6917
17.9354 0.1670 0.6921
17.9553 0.1649 0.6926
17.9753 0.1629 0.6931
17.9952 0.1608 0.6936
18.0151 0.1587 0.6941
18.0350 0.1566 0.6947
18.0549 0.1546 0.6954
18.0748 0.1526 0.6960
18.0947 0.1506 0.6967
18.1146 0.1487 0.6974
18.1345 0.1469 0.6981
18.1544 0.1450 0.6987
18.1743 0.1432 0.6994
18.1942 0.1414 0.7001
18.2141 0.1396 0.7008
18.2340 0.1379 0.7014
18.2539 0.1361 0.7021
18.2738 0.1344 0.7028
18.2938 0.1327 0.7035
18.3137 0.1309 0.7042
18.3336 0.1292 0.7049
18.3535 0.1275 0.7056
18.3734 0.1258 0.7064
18.3933 0.1242 0.7071
18.4132 0.1226 0.7079
18.4331 0.1209 0.7087
18.4530 0.1194 0.7095
18.4729 0.1178 0.7102
18.4928 0.1163 0.7110
18.5127 0.1148 0.7118
18.5326 0.1133 0.7125
18.5525 0.1118 0.7133
18.5724 0.1103 0.7141
18.5923 0.1088 0.7149
18.6122 0.1073 0.7156
18.6322 0.1059 0.7164
18.6521 0.1044 0.7172
18.6720 0.1029 0.7180
18.6919 0.1015 0.7188
18.7118 0.1001 0.7197
18.7317 0.0987 0.7205
18.7516 0.0973 0.7214
18.7715 0.0960 0.7222
18.7914 0.0946 0.7231
18.8113 0.0933 0.7239
18.8312 0.0920 0.7248
18.8511 0.0908 0.7256
18.8710 0.0895 0.7264
18.8909 0.0882 0.7272
18.9108 0.0869 0.7280
18.9307 0.0855 0.7289
18.9507 0.0842 0.7297
18.9706 0.0829 0.7306
18.9905 0.0816 0.7316
19.0104 0.0803 0.7325
19.0303 0.0791 0.7335
19.0502 0.0779 0.7345
19.0701 0.0767 0.7354
19.0900 0.0755 0.7364
19.1099 0.0743 0.7374
19.1298 0.0732 0.7384
19.1497 0.0721 0.7395
19.1696 0.0710 0.7405
19.1895 0.0700 0.7415
19.2094 0.0690 0.7426
19.2293 0.0680 0.7436
19.2492 0.0670 0.7446
19.2692 0.0661 0.7456
19.2891 0.0652 0.7466
19.3090 0.0643 0.7476
19.3289 0.0634 0.7486
19.3488 0.0626 0.7496
19.3687 0.0618 0.7505
19.3886 0.0609 0.7514
19.4085 0.0601 0.7523
19.4284 0.0592 0.7532
19.4483 0.0584 0.7541
19.4682 0.0575 0.7550
19.4881 0.0567 0.7559
19.5080 0.0558 0.7569
19.5279 0.0550 0.7578
19.5478 0.0542 0.7588
19.5677 0.0534 0.7598
19.5877 0.0526 0.7607
19.6076 0.0519 0.7617
19.6275 0.0512 0.7626
19.6474 0.0505 0.7636
19.6673 0.0498 0.7645
19.6872 0.0491 0.7655
19.7071 0.0485 0.7664
19.7270 0.0478 0.7673
19.7469 0.0472 0.7682
19.7668 0.0466 0.7691
19.7867 0.0459 0.7699
19.8066 0.0453 0.7708
19.8265 0.0447 0.7717
19.8464 0.0441 0.7725
19.8663 0.0434 0.7734
19.8862 0.0428 0.7743
19.9061 0.0423 0.7752
19.9261 0.0417 0.7761
19.9460 0.0411 0.7769
19.9659 0.0406 0.7778
19.9858 0.0401 0.7787
20.0057 0.0396 0.7795
20.0256 0.0391 0.7804
20.0455 0.0386 0.7812
20.0654 0.0381 0.7820
20.0853 0.0376 0.7828
20.1052 0.0371 0.7836
20.1251 0.0366 0.7844
20.1450 0.0361 0.7851
20.1649 0.0357 0.7859
20.1848 0.0352 0.7867
20.2047 0.0347 0.7874
20.2246 0.0342 0.7882
20.2446 0.0337 0.7890
20.2645 0.0332 0.7898
20.2844 0.0327 0.7905
20.3043 0.0323 0.7913
20.3242 0.0318 0.7921
20.3441 0.0313 0.7929
20.3640 0.0309 0.7937
20.3839 0.0305 0.7945
20.4038 0.0301 0.7952
20.4237 0.0296 0.7960
20.4436 0.0292 0.7967
20.4635 0.0288 0.7975
20.4834 0.0284 0.7982
20.5033 0.0280 0.7990
20.5232 0.0276 0.7998
20.5431 0.0272 0.8005
20.5631 0.0268 0.8013
20.5830 0.0264 0.8020
20.6029 0.0261 0.8028
20.6228 0.0257 0.8035
20.6427 0.0254 0.8043
20.6626 0.0250 0.8050
20.6825 0.0247 0.8058
20.7024 0.0243 0.8065
20.7223 0.0240 0.8072
20.7422 0.0237 0.8080
20.7621 0.0234 0.8087
20.7820 0.0231 0.8094
20.8019 0.0228 0.8101
20.8218 0.0225 0.8108
20.8417 0.0223 0.8115
20.8616 0.0220 0.8122
20.8816 0.0217 0.8128
20.9015 0.0214 0.8135
20.9214 0.0211 0.8142
20.9413 0.0209 0.8148
20.9612 0.0206 0.8155
20.9811 0.0203 0.8161
21.0010 0.0200 0.8168
21.0209 0.0198 0.8174
21.0408 0.0195 0.8181
21.0607 0.0192 0.8188
21.0806 0.0190 0.8194
21.1005 0.0187 0.8201
21.1204 0.0184 0.8207
21.1403 0.0182 0.8214
21.1602 0.0179 0.8220
21.1801 0.0177 0.8227
21.2000 0.0175 0.8233
21.2200 0.0172 0.8240
21.2399 0.0170 0.8246
21.2598 0.0168 0.8252
21.2797 0.0166 0.8259
21.2996 0.0164 0.8265
21.3195 0.0162 0.8271
21.3394 0.0160 0.8278
21.3593 0.0158 0.8284
21.3792 0.0156 0.8290
21.3991 0.0154 0.8296
21.4190 0.0153 0.8302
21.4389 0.0151 0.8308
21.4588 0.0150 0.8314
21.4787 0.0148 0.8320
21.4986 0.0147 0.8326
21.5185 0.0145 0.8332
21.5385 0.0144 0.8337
21.5584 0.0142 0.8343
21.5783 0.0141 0.8348
21.5982 0.0139 0.8354
21.6181 0.0138 0.8359
21.6380 0.0136 0.8364
21.6579 0.0134 0.8370
21.6778 0.0133 0.8375
21.6977 0.0131 0.8380
21.7176 0.0130 0.8386
21.7375 0.0128 0.8391
21.7574 0.0127 0.8396
21.7773 0.0125 0.8401
21.7972 0.0124 0.8407
21.8171 0.0122 0.8412
21.8370 0.0121 0.8417
21.8570 0.0119 0.8422
21.8769 0.0118 0.8427
21.8968 0.0116 0.8432
21.9167 0.0115 0.8438
21.9366 0.0114 0.8443
21.9565 0.0112 0.8448
21.9764 0.0111 0.8453
21.9963 0.0110 0.8458
22.0162 0.0108 0.8462
22.0361 0.0107 0.8467
22.0560 0.0106 0.8472
22.0759 0.0104 0.8477
22.0958 0.0103 0.8482
22.1157 0.0102 0.8487
22.1356 0.0101 0.8492
22.1555 0.0099 0.8497
22.1754 0.0098 0.8502
22.1954 0.0097 0.8507
22.2153 0.0096 0.8511
22.2352 0.0095 0.8516
22.2551 0.0094 0.8521
22.2750 0.0093 0.8525
22.2949 0.0092 0.8530
22.3148 0.0091 0.8535
22.3347 0.0090 0.8539
22.3546 0.0089 0.8544
22.3745 0.0088 0.8548
22.3944 0.0087 0.8553
22.4143 0.0086 0.8557
22.4342 0.0085 0.8562
22.4541 0.0084 0.8566
22.4740 0.0083 0.8571
22.4939 0.0082 0.8575
22.5139 0.0081 0.8580
22.5338 0.0080 0.8584
22.5537 0.0079 0.8589
22.5736 0.0078 0.8593
22.5935 0.0077 0.8598
22.6134 0.0076 0.8602
22.6333 0.0075 0.8606
22.6532 0.0074 0.8611
22.6731 0.0073 0.8615
22.6930 0.0072 0.8620
22.7129 0.0072 0.8624
22.7328 0.0071 0.8628
22.7527 0.0070 0.8633
22.7726 0.0069 0.8637
22.7925 0.0069 0.8641
22.8124 0.0068 0.8646
22.8324 0.0067 0.8650
22.8523 0.0067 0.8654
22.8722 0.0066 0.8658
22.8921 0.0066 0.8662
22.9120 0.0065 0.8667
22.9319 0.0064 0.8671
22.9518 0.0064 0.8675
22.9717 0.0063 0.8679
22.9916 0.0063 0.8683
23.0115 0.0062 0.8687
23.0314 0.0062 0.8691
23.0513 0.0061 0.8695
23.0712 0.0061 0.8699
23.0911 0.0060 0.8703
23.1110 0.0060 0.8707
23.1309 0.0059 0.8711
23.1509 0.0059 0.8715
23.1708 0.0059 0.8719
23.1907 0.0058 0.8723
23.2106 0.0058 0.8727
23.2305 0.0058 0.8731
23.2504 0.0058 0.8735
23.2703 0.0058 0.8739
23.2902 0.0057 0.8743
23.3101 0.0057 0.8746
23.3300 0.0057 0.8750
23.3499 0.0057 0.8754
23.3698 0.0057 0.8757
23.3897 0.0057 0.8761
23.4096 0.0057 0.8764
23.4295 0.0057 0.8768
23.4494 0.0056 0.8771
23.4693 0.0056 0.8775
23.4893 0.0056 0.8778
23.5092 0.0056 0.8781
23.5291 0.0055 0.8785
23.5490 0.0055 0.8788
23.5689 0.0055 0.8791
23.5888 0.0054 0.8795
23.6087 0.0054 0.8798
23.6286 0.0054 0.8802
23.6485 0.0054 0.8805
23.6684 0.0053 0.8809
23.6883 0.0053 0.8813
23.7082 0.0053 0.8816
23.7281 0.0053 0.8820
23.7480 0.0053 0.8823
23.7679 0.0053 0.8827
23.7878 0.0054 0.8830
23.8078 0.0054 0.8833
23.8277 0.0054 0.8837
23.8476 0.0054 0.8840
23.8675 0.0055 0.8843
23.8874 0.0055 0.8846
23.9073 0.0055 0.8849
23.9272 0.0056 0.8852
23.9471 0.0056 0.8855
23.9670 0.0056 0.8858
23.9869 0.0057 0.8861
24.0068 0.0057 0.8863
24.0267 0.0057 0.8866
24.0466 0.0057 0.8869
24.0665 0.0057 0.8871
24.0864 0.0057 0.8874
24.1063 0.0057 0.8876
24.1263 0.0057 0.8879
24.1462 0.0057 0.8882
24.1661 0.0057 0.8884
24.1860 0.0057 0.8887
24.2059 0.0057 0.8890
24.2258 0.0057 0.8893
24.2457 0.0057 0.8896
24.2656 0.0057 0.8898
24.2855 0.0058 0.8901
24.3054 0.0058 0.8904
24.3253 0.0058 0.8906
24.3452 0.0058 0.8909
24.3651 0.0059 0.8911
24.3850 0.0059 0.8914
24.4049 0.0059 0.8916
24.4248 0.0059 0.8918
24.4448 0.0059 0.8921
24.4647 0.0059 0.8923
24.4846 0.0060 0.8925
24.5045 0.0060 0.8928
24.5244 0.0060 0.8930
24.5443 0.0060 0.8932
24.5642 0.0060 0.8934
24.5841 0.0060 0.8936
24.6040 0.0060 0.8939
24.6239 0.0060 0.8941
24.6438 0.0060 0.8943
24.6637 0.0060 0.8945
24.6836 0.0060 0.8947
24.7035 0.0060 0.8949
24.7234 0.0060 0.8951
24.7433 0.0060 0.8953
24.7632 0.0060 0.8955
24.7832 0.0060 0.8958
24.8031 0.0060 0.8960
24.8230 0.0060 0.8962
24.8429 0.0060 0.8964
24.8628 0.0060 0.8966
24.8827 0.0060 0.8968
24.9026 0.0060 0.8970
24.9225 0.0059 0.8972
24.9424 0.0059 0.8974
24.9623 0.0059 0.8976
24.9822 0.0059 0.8978
25.0021 0.0059 0.8980
25.0220 0.0059 0.8982
25.0419 0.0059 0.8984
25.0618 0.0059 0.8986
25.0817 0.0059 0.8988
25.1017 0.0059 0.8990
25.1216 0.0058 0.8991
25.1415 0.0058 0.8993
25.1614 0.0058 0.8995
25.1813 0.0058 0.8997
25.2012 0.0058 0.8999
25.2211 0.0057 0.9001
25.2410 0.0057 0.9003
25.2609 0.0057 0.9005
25.2808 0.0057 0.9007
25.3007 0.0057 0.9009
25.3206 0.0057 0.9011
25.3405 0.0057 0.9012
25.3604 0.0057 0.9014
25.3803 0.0057 0.9016
25.4002 0.0057 0.9018
25.4202 0.0057 0.9019
25.4401 0.0057 0.9021
25.4600 0.0056 0.9023
25.4799 0.0056 0.9024
25.4998 0.0056 0.9026
25.5197 0.0056 0.9027
25.5396 0.0055 0.9029
25.5595 0.0055 0.9030
25.5794 0.0055 0.9032
25.5993 0.0054 0.9033
25.6192 0.0054 0.9035
25.6391 0.0053 0.9036
25.6590 0.0052 0.9038
25.6789 0.0052 0.9039
25.6988 0.0051 0.9041
25.7187 0.0050 0.9043
25.7387 0.0050 0.9045
25.7586 0.0049 0.9047
25.7785 0.0048 0.9048
25.7984 0.0048 0.9050
25.8183 0.0047 0.9052
25.8382 0.0047 0.9054
25.8581 0.0046 0.9056
25.8780 0.0046 0.9058
25.8979 0.0045 0.9060
25.9178 0.0045 0.9062
25.9377 0.0044 0.9064
25.9576 0.0044 0.9066
25.9775 0.0043 0.9068
25.9974 0.0043 0.9070
26.0173 0.0043 0.9073
26.0372 0.0042 0.9075
26.0571 0.0042 0.9077
26.0771 0.0042 0.9079
26.0970 0.0041 0.9081
26.1169 0.0041 0.9083
26.1368 0.0041 0.9085
26.1567 0.0041 0.9087
26.1766 0.0040 0.9089
26.1965 0.0040 0.9091
26.2164 0.0040 0.9093
26.2363 0.0040 0.9095
26.2562 0.0040 0.9097
26.2761 0.0040 0.9099
26.2960 0.0040 0.9101
26.3159 0.0040 0.9103
26.3358 0.0040 0.9105
26.3557 0.0040 0.9106
26.3756 0.0040 0.9108
26.3956 0.0040 0.9110
26.4155 0.0040 0.9112
26.4354 0.0040 0.9114
26.4553 0.0040 0.9115
26.4752 0.0040 0.9117
26.4951 0.0040 0.9119
26.5150 0.0040 0.9120
26.5349 0.0040 0.9122
26.5548 0.0040 0.9123
26.5747 0.0040 0.9125
26.5946 0.0040 0.9126
26.6145 0.0040 0.9128
26.6344 0.0040 0.9129
26.6543 0.0040 0.9130
26.6742 0.0040 0.9132
26.6941 0.0040 0.9133
26.7141 0.0040 0.9135
26.7340 0.0040 0.9136
26.7539 0.0039 0.9137
26.7738 0.0039 0.9139
26.7937 0.0039 0.9140
26.8136 0.0039 0.9142
26.8335 0.0038 0.9143
26.8534 0.0038 0.9145
26.8733 0.0038 0.9146
26.8932 0.0038 0.9148
26.9131 0.0037 0.9149
26.9330 0.0037 0.9150
26.9529 0.0037 0.9152
26.9728 0.0037 0.9153
26.9927 0.0036 0.9155
27.0126 0.0036 0.9156
27.0326 0.0036 0.9158
27.0525 0.0035 0.9159
27.0724 0.0035 0.9161
27.0923 0.0035 0.9162
27.1122 0.0034 0.9164
27.1321 0.0034 0.9165
27.1520 0.0034 0.9167
27.1719 0.0033 0.9168
27.1918 0.0033 0.9170
27.2117 0.0033 0.9171
27.2316 0.0033 0.9173
27.2515 0.0032 0.9175
27.2714 0.0032 0.9176
27.2913 0.0032 0.9178
27.3112 0.0032 0.9179
27.3311 0.0031 0.9181
27.3510 0.0031 0.9182
27.3710 0.0031 0.9184
27.3909 0.0031 0.9185
27.4108 0.0030 0.9187
27.4307 0.0030 0.9188
27.4506 0.0030 0.9190
27.4705 0.0030 0.9191
27.4904 0.0030 0.9193
27.5103 0.0030 0.9194
27.5302 0.0029 0.9196
27.5501 0.0029 0.9197
27.5700 0.0029 0.9199
27.5899 0.0029 0.9200
27.6098 0.0029 0.9202
27.6297 0.0029 0.9203
27.6496 0.0029 0.9205
27.6695 0.0028 0.9206
27.6895 0.0028 0.9208
27.7094 0.0028 0.9209
27.7293 0.0028 0.9210
27.7492 0.0028 0.9212
27.7691 0.0028 0.9213
27.7890 0.0028 0.9215
27.8089 0.0028 0.9216
27.8288 0.0027 0.9217
27.8487 0.0027 0.9219
27.8686 0.0027 0.9220
27.8885 0.0027 0.9221
27.9084 0.0027 0.9223
27.9283 0.0027 0.9224
27.9482 0.0027 0.9225
27.9681 0.0026 0.9226
27.9880 0.0026 0.9228
28.0080 0.0026 0.9229
28.0279 0.0026 0.9230
28.0478 0.0026 0.9232
28.0677 0.0026 0.9233
28.0876 0.0025 0.9234
28.1075 0.0025 0.9236
28.1274 0.0025 0.9237
28.1473 0.0025 0.9238
28.1672 0.0025 0.9240
28.1871 0.0025 0.9241
28.2070 0.0024 0.9242
28.2269 0.0024 0.9244
28.2468 0.0024 0.9245
28.2667 0.0024 0.9246
28.2866 0.0024 0.9247
28.3065 0.0024 0.9249
28.3264 0.0024 0.9250
28.3464 0.0023 0.9251
28.3663 0.0023 0.9252
28.3862 0.0023 0.9254
28.4061 0.0023 0.9255
28.4260 0.0023 0.9256
28.4459 0.0023 0.9257
28.4658 0.0023 0.9259
28.4857 0.0023 0.9260
28.5056 0.0022 0.9261
28.5255 0.0022 0.9262
28.5454 0.0022 0.9263
28.5653 0.0022 0.9265
28.5852 0.0022 0.9266
28.6051 0.0022 0.9267
28.6250 0.0021 0.9268
28.6449 0.0021 0.9269
28.6649 0.0021 0.9270
28.6848 0.0021 0.9272
28.7047 0.0021 0.9273
28.7246 0.0020 0.9274
28.7445 0.0020 0.9275
28.7644 0.0020 0.9276
28.7843 0.0020 0.9277
28.8042 0.0020 0.9279
28.8241 0.0019 0.9280
28.8440 0.0019 0.9281
28.8639 0.0019 0.9282
28.8838 0.0019 0.9283
28.9037 0.0018 0.9284
28.9236 0.0018 0.9285
28.9435 0.0018 0.9287
28.9634 0.0018 0.9288
28.9834 0.0017 0.9289
29.0033 0.0017 0.9290
29.0232 0.0017 0.9291
29.0431 0.0017 0.9292
29.0630 0.0016 0.9294
29.0829 0.0016 0.9295
29.1028 0.0016 0.9296
29.1227 0.0016 0.9297
29.1426 0.0015 0.9298
29.1625 0.0015 0.9300
29.1824 0.0015 0.9301
29.2023 0.0015 0.9302
29.2222 0.0014 0.9303
29.2421 0.0014 0.9304
29.2620 0.0014 0.9306
29.2819 0.0014 0.9307
29.3019 0.0013 0.9308
29.3218 0.0013 0.9309
29.3417 0.0013 0.9311
29.3616 0.0013 0.9312
29.3815 0.0013 0.9313
29.4014 0.0012 0.9314
29.4213 0.0012 0.9315
29.4412 0.0012 0.9317
29.4611 0.0012 0.9318
29.4810 0.0012 0.9319
29.5009 0.0011 0.9320
29.5208 0.0011 0.9322
29.5407 0.0011 0.9323
29.5606 0.0011 0.9324
29.5805 0.0011 0.9325
29.6004 0.0011 0.9326
29.6203 0.0010 0.9328
29.6403 0.0010 0.9329
29.6602 0.0010 0.9330
29.6801 0.0010 0.9331
29.7000 0.0010 0.9332
29.7199 0.0010 0.9334
29.7398 0.0010 0.9335
29.7597 0.0009 0.9336
29.7796 0.0009 0.9337
29.7995 0.0009 0.9338
29.8194 0.0009 0.9340
29.8393 0.0009 0.9341
29.8592 0.0009 0.9342
29.8791 0.0009 0.9343
29.8990 0.0009 0.9344
29.9189 0.0009 0.9345
29.9388 0.0008 0.9347
29.9588 0.0008 0.9348
29.9787 0.0008 0.9349
29.9986 0.0008 0.9350
30.0185 0.0008 0.9351
30.0384 0.0008 0.9352
30.0583 0.0008 0.9353
30.0782 0.0008 0.9355
30.0981 0.0008 0.9356
30.1180 0.0008 0.9357
30.1379 0.0008 0.9358
30.1578 0.0008 0.9359
30.1777 0.0008 0.9360
30.1976 0.0007 0.9361
30.2175 0.0007 0.9362
30.2374 0.0007 0.9364
30.2573 0.0007 0.9365
30.2773 0.0007 0.9366
30.2972 0.0007 0.9367
30.3171 0.0007 0.9368
30.3370 0.0007 0.9369
30.3569 0.0007 0.9370
30.3768 0.0007 0.9371
30.3967 0.0007 0.9372
30.4166 0.0007 0.9373
30.4365 0.0007 0.9374
30.4564 0.0007 0.9375
30.4763 0.0007 0.9376
30.4962 0.0007 0.9377
30.5161 0.0007 0.9379
30.5360 0.0007 0.9380
30.5559 0.0007 0.9381
30.5758 0.0007 0.9382
30.5958 0.0007 0.9383
30.6157 0.0007 0.9384
30.6356 0.0006 0.9385
30.6555 0.0006 0.9386
30.6754 0.0006 0.9387
30.6953 0.0006 0.9388
30.7152 0.0006 0.9389
30.7351 0.0006 0.9390
30.7550 0.0006 0.9391
30.7749 0.0006 0.9392
30.7948 0.0006 0.9393
30.8147 0.0006 0.9394
30.8346 0.0006 0.9395
30.8545 0.0006 0.9396
30.8744 0.0006 0.9397
30.8943 0.0006 0.9398
30.9142 0.0006 0.9399
30.9342 0.0006 0.9400
30.9541 0.0006 0.9401
30.9740 0.0006 0.9401
30.9939 0.0006 0.9402
31.0138 0.0006 0.9403
31.0337 0.0006 0.9404
31.0536 0.0006 0.9405
31.0735 0.0006 0.9406
31.0934 0.0006 0.9407
31.1133 0.0006 0.9408
31.1332 0.0006 0.9409
31.1531 0.0006 0.9410
31.1730 0.0006 0.9411
31.1929 0.0006 0.9412
31.2128 0.0006 0.9413
31.2327 0.0006 0.9414
31.2527 0.0006 0.9415
31.2726 0.0005 0.9416
31.2925 0.0005 0.9416
31.3124 0.0005 0.9417
31.3323 0.0005 0.9418
31.3522 0.0005 0.9419
31.3721 0.0005 0.9420
31.3920 0.0005 0.9421
31.4119 0.0005 0.9422
31.4318 0.0005 0.9423
31.4517 0.0005 0.9424
31.4716 0.0005 0.9425
31.4915 0.0005 0.9426
31.5114 0.0005 0.9426
31.5313 0.0005 0.9427
31.5512 0.0005 0.9428
31.5712 0.0005 0.9429
31.5911 0.0005 0.9430
31.6110 0.0005 0.9431
31.6309 0.0005 0.9432
31.6508 0.0005 0.9433
31.6707 0.0005 0.9434
31.6906 0.0005 0.9434
31.7105 0.0005 0.9435
31.7304 0.0005 0.9436
31.7503 0.0005 0.9437
31.7702 0.0005 0.9438
31.7901 0.0005 0.9439
31.8100 0.0005 0.9440
31.8299 0.0005 0.9440
31.8498 0.0005 0.9441
31.8697 0.0005 0.9442
31.8897 0.0005 0.9443
31.9096 0.0005 0.9444
31.9295 0.0005 0.9445
31.9494 0.0005 0.9446
31.9693 0.0004 0.9446
31.9892 0.0004 0.9447
32.0091 0.0004 0.9448
32.0290 0.0004 0.9449
32.0489 0.0004 0.9450
32.0688 0.0004 0.9451
32.0887 0.0004 0.9451
32.1086 0.0004 0.9452
32.1285 0.0004 0.9453
32.1484 0.0004 0.9454
32.1683 0.0004 0.9455
32.1882 0.0004 0.9456
32.2081 0.0004 0.9456
32.2281 0.0004 0.9457
32.2480 0.0004 0.9458
32.2679 0.0004 0.9459
32.2878 0.0004 0.9460
32.3077 0.0004 0.9461
32.3276 0.0004 0.9461
32.3475 0.0004 0.9462
32.3674 0.0004 0.9463
32.3873 0.0004 0.9464
32.4072 0.0004 0.9465
32.4271 0.0004 0.9465
32.4470 0.0004 0.9466
32.4669 0.0004 0.9467
32.4868 0.0004 0.9468
32.5067 0.0004 0.9468
32.5266 0.0004 0.9469
32.5466 0.0004 0.9470
32.5665 0.0004 0.9471
32.5864 0.0004 0.9472
32.6063 0.0004 0.9472
32.6262 0.0004 0.9473
32.6461 0.0004 0.9474
32.6660 0.0004 0.9475
32.6859 0.0004 0.9475
32.7058 0.0004 0.9476
32.7257 0.0004 0.9477
32.7456 0.0004 0.9478
32.7655 0.0004 0.9479
32.7854 0.0004 0.9479
32.8053 0.0004 0.9480
32.8252 0.0004 0.9481
32.8451 0.0004 0.9482
32.8651 0.0004 0.9482
32.8850 0.0004 0.9483
32.9049 0.0004 0.9484
32.9248 0.0004 0.9485
32.9447 0.0004 0.9485
32.9646 0.0004 0.9486
32.9845 0.0004 0.9487
33.0044 0.0004 0.9488
33.0243 0.0004 0.9488
33.0442 0.0004 0.9489
33.0641 0.0004 0.9490
33.0840 0.0004 0.9490
33.1039 0.0004 0.9491
33.1238 0.0004 0.9492
33.1437 0.0004 0.9493
33.1636 0.0004 0.9493
33.1836 0.0004 0.9494
33.2035 0.0004 0.9495
33.2234 0.0004 0.9496
33.2433 0.0004 0.9496
33.2632 0.0004 0.9497
33.2831 0.0004 0.9498
33.3030 0.0004 0.9498
33.3229 0.0004 0.9499
33.3428 0.0004 0.9500
33.3627 0.0004 0.9501
33.3826 0.0004 0.9501
33.4025 0.0004 0.9502
33.4224 0.0004 0.9503
33.4423 0.0004 0.9503
33.4622 0.0004 0.9504
33.4821 0.0003 0.9505
33.5020 0.0003 0.9505
33.5220 0.0003 0.9506
33.5419 0.0003 0.9507
33.5618 0.0003 0.9508
33.5817 0.0003 0.9508
33.6016 0.0003 0.9509
33.6215 0.0003 0.9510
33.6414 0.0003 0.9510
33.6613 0.0003 0.9511
33.6812 0.0003 0.9512
33.7011 0.0003 0.9512
33.7210 0.0003 0.9513
33.7409 0.0003 0.9514
33.7608 0.0003 0.9514
33.7807 0.0003 0.9515
33.8006 0.0003 0.9516
33.8205 0.0003 0.9516
33.8405 0.0003 0.9517
33.8604 0.0003 0.9518
33.8803 0.0003 0.9518
33.9002 0.0003 0.9519
33.9201 0.0003 0.9520
33.9400 0.0003 0.9520
33.9599 0.0003 0.9521
33.9798 0.0003 0.9522
33.9997 0.0003 0.9522
34.0196 0.0003 0.9523
34.0395 0.0003 0.9524
34.0594 0.0003 0.9524
34.0793 0.0003 0.9525
34.0992 0.0003 0.9526
34.1191 0.0003 0.9526
34.1390 0.0003 0.9527
34.1590 0.0003 0.9528
34.1789 0.0003 0.9528
34.1988 0.0003 0.9529
34.2187 0.0003 0.9529
34.2386 0.0003 0.9530
34.2585 0.0003 0.9531
34.2784 0.0003 0.9531
34.2983 0.0003 0.9532
34.3182 0.0003 0.9533
34.3381 0.0003 0.9533
34.3580 0.0003 0.9534
34.3779 0.0003 0.9534
34.3978 0.0003 0.9535
34.4177 0.0003 0.9536
34.4376 0.0003 0.9536
34.4575 0.0003 0.9537
34.4774 0.0003 0.9538
34.4974 0.0003 0.9538
34.5173 0.0003 0.9539
34.5372 0.0003 0.9539
34.5571 0.0003 0.9540
34.5770 0.0003 0.9541
34.5969 0.0003 0.9541
34.6168 0.0003 0.9542
34.6367 0.0003 0.9543
34.6566 0.0003 0.9543
34.6765 0.0003 0.9544
34.6964 0.0003 0.9544
34.7163 0.0003 0.9545
34.7362 0.0003 0.9546
34.7561 0.0003 0.9546
34.7760 0.0003 0.9547
34.7959 0.0003 0.9547
34.8159 0.0003 0.9548
34.8358 0.0003 0.9549
34.8557 0.0003 0.9549
34.8756 0.0003 0.9550
34.8955 0.0003 0.9550
34.9154 0.0003 0.9551
34.9353 0.0003 0.9552
34.9552 0.0003 0.9552
34.9751 0.0003 0.9553
34.9950 0.0003 0.9553
35.0149 0.0003 0.9554
35.0348 0.0003 0.9554
35.0547 0.0003 0.9555
35.0746 0.0003 0.9556
35.0945 0.0003 0.9556
35.1144 0.0003 0.9557
35.1344 0.0003 0.9557
35.1543 0.0003 0.9558
35.1742 0.0003 0.9559
35.1941 0.0003 0.9559
35.2140 0.0003 0.9560
35.2339 0.0003 0.9560
35.2538 0.0003 0.9561
35.2737 0.0003 0.9561
35.2936 0.0003 0.9562
35.3135 0.0003 0.9563
35.3334 0.0003 0.9563
35.3533 0.0003 0.9564
35.3732 0.0003 0.9564
35.3931 0.0003 0.9565
35.4130 0.0003 0.9565
35.4329 0.0003 0.9566
35.4529 0.0003 0.9566
35.4728 0.0003 0.9567
35.4927 0.0003 0.9568
35.5126 0.0003 0.9568
35.5325 0.0003 0.9569
35.5524 0.0003 0.9569
35.5723 0.0003 0.9570
35.5922 0.0003 0.9570
35.6121 0.0003 0.9571
35.6320 0.0003 0.9571
35.6519 0.0003 0.9572
35.6718 0.0003 0.9573
35.6917 0.0003 0.9573
35.7116 0.0003 0.9574
35.7315 0.0003 0.9574
35.7514 0.0003 0.9575
35.7713 0.0003 0.9575
35.7913 0.0003 0.9576
35.8112 0.0003 0.9576
35.8311 0.0003 0.9577
35.8510 0.0003 0.9577
35.8709 0.0003 0.9578
35.8908 0.0003 0.9578
35.9107 0.0003 0.9579
35.9306 0.0003 0.9580
35.9505 0.0003 0.9580
35.9704 0.0003 0.9581
35.9903 0.0003 0.9581
36.0102 0.0003 0.9582
36.0301 0.0003 0.9582
36.0500 0.0003 0.9583
36.0699 0.0003 0.9583
36.0898 0.0003 0.9584
36.1098 0.0003 0.9584
36.1297 0.0003 0.9585
36.1496 0.0003 0.9585
36.1695 0.0003 0.9586
36.1894 0.0003 0.9586
36.2093 0.0003 0.9587
36.2292 0.0003 0.9587
36.2491 0.0003 0.9588
36.2690 0.0003 0.9588
36.2889 0.0003 0.9589
36.3088 0.0003 0.9589
36.3287 0.0003 0.9590
36.3486 0.0003 0.9590
36.3685 0.0003 0.9591
36.3884 0.0003 0.9591
36.4083 0.0003 0.9592
36.4283 0.0003 0.9592
36.4482 0.0003 0.9593
36.4681 0.0003 0.9593
36.4880 0.0003 0.9594
36.5079 0.0003 0.9594
36.5278 0.0003 0.9595
36.5477 0.0003 0.9595
36.5676 0.0003 0.9596
36.5875 0.0002 0.9596
36.6074 0.0002 0.9597
36.6273 0.0002 0.9597
36.6472 0.0002 0.9598
36.6671 0.0002 0.9598
36.6870 0.0002 0.9599
36.7069 0.0002 0.9599
36.7268 0.0002 0.9600
36.7468 0.0002 0.9600
36.7667 0.0002 0.9601
36.7866 0.0002 0.9601
36.8065 0.0002 0.9602
36.8264 0.0002 0.9602
36.8463 0.0002 0.9603
36.8662 0.0002 0.9603
36.8861 0.0002 0.9604
36.9060 0.0002 0.9604
36.9259 0.0002 0.9605
36.9458 0.0002 0.9605
36.9657 0.0002 0.9606
36.9856 0.0002 0.9606
37.0055 0.0002 0.9607
37.0254 0.0002 0.9607
37.0453 0.0002 0.9608
37.0652 0.0002 0.9608
37.0852 0.0002 0.9609
37.1051 0.0002 0.9609
37.1250 0.0002 0.9610
37.1449 0.0002 0.9610
37.1648 0.0002 0.9611
37.1847 0.0002 0.9611
37.2046 0.0002 0.9611
37.2245 0.0002 0.9612
37.2444 0.0002 0.9612
37.2643 0.0002 0.9613
37.2842 0.0002 0.9613
37.3041 0.0002 0.9614
37.3240 0.0002 0.9614
37.3439 0.0002 0.9615
37.3638 0.0002 0.9615
37.3837 0.0002 0.9616
37.4037 0.0002 0.9616
37.4236 0.0002 0.9617
37.4435 0.0002 0.9617
37.4634 0.0002 0.9617
37.4833 0.0002 0.9618
37.5032 0.0002 0.9618
37.5231 0.0002 0.9619
37.5430 0.0002 0.9619
37.5629 0.0002 0.9620
37.5828 0.0002 0.9620
37.6027 0.0002 0.9621
37.6226 0.0002 0.9621
37.6425 0.0002 0.9622
37.6624 0.0002 0.9622
37.6823 0.0002 0.9622
37.7022 0.0002 0.9623
37.7222 0.0002 0.9623
37.7421 0.0002 0.9624
37.7620 0.0002 0.9624
37.7819 0.0002 0.9625
37.8018 0.0002 0.9625
37.8217 0.0002 0.9626
37.8416 0.0002 0.9626
37.8615 0.0002 0.9626
37.8814 0.0002 0.9627
37.9013 0.0002 0.9627
37.9212 0.0002 0.9628
37.9411 0.0002 0.9628
37.9610 0.0002 0.9629
37.9809 0.0002 0.9629
38.0008 0.0002 0.9629
38.0207 0.0002 0.9630
38.0407 0.0002 0.9630
38.0606 0.0002 0.9631
38.0805 0.0002 0.9631
38.1004 0.0002 0.9632
38.1203 0.0002 0.9632
38.1402 0.0002 0.9632
38.1601 0.0002 0.9633
38.1800 0.0002 0.9633
38.1999 0.0002 0.9634
38.2198 0.0002 0.9634
38.2397 0.0002 0.9635
38.2596 0.0002 0.9635
38.2795 0.0002 0.9635
38.2994 0.0002 0.9636
38.3193 0.0002 0.9636
38.3392 0.0002 0.9637
38.3591 0.0002 0.9637
38.3791 0.0002 0.9638
38.3990 0.0002 0.9638
38.4189 0.0002 0.9638
38.4388 0.0002 0.9639
38.4587 0.0002 0.9639
38.4786 0.0002 0.9640
38.4985 0.0002 0.9640
38.5184 0.0002 0.9640
38.5383 0.0002 0.9641
38.5582 0.0002 0.9641
38.5781 0.0002 0.9642
38.5980 0.0002 0.9642
38.6179 0.0002 0.9643
38.6378 0.0002 0.9643
38.6577 0.0002 0.9643
38.6776 0.0002 0.9644
38.6976 0.0002 0.9644
38.7175 0.0002 0.9645
38.7374 0.0002 0.9645
38.7573 0.0002 0.9645
38.7772 0.0002 0.9646
38.7971 0.0002 0.9646
38.8170 0.0002 0.9647
38.8369 0.0002 0.9647
38.8568 0.0002 0.9647
38.8767 0.0002 0.9648
38.8966 0.0002 0.9648
38.9165 0.0002 0.9649
38.9364 0.0002 0.9649
38.9563 0.0002 0.9649
38.9762 0.0002 0.9650
38.9961 0.0002 0.9650
39.0161 0.0002 0.9651
39.0360 0.0002 0.9651
39.0559 0.0002 0.9651
39.0758 0.0002 0.9652
39.0957 0.0002 0.9652
39.1156 0.0002 0.9653
39.1355 0.0002 0.9653
39.1554 0.0002 0.9653
39.1753 0.0002 0.9654
39.1952 0.0002 0.9654
39.2151 0.0002 0.9655
39.2350 0.0002 0.9655
39.2549 0.0002 0.9655
39.2748 0.0002 0.9656
39.2947 0.0002 0.9656
39.3146 0.0002 0.9656
39.3346 0.0002 0.9657
39.3545 0.0002 0.9657
39.3744 0.0002 0.9658
39.3943 0.0002 0.9658
39.4142 0.0002 0.9658
39.4341 0.0002 0.9659
39.4540 0.0002 0.9659
39.4739 0.0002 0.9660
39.4938 0.0002 0.9660
39.5137 0.0002 0.9660
39.5336 0.0002 0.9661
39.5535 0.0002 0.9661
39.5734 0.0002 0.9661
39.5933 0.0002 0.9662
39.6132 0.0002 0.9662
39.6331 0.0002 0.9663
39.6530 0.0002 0.9663
39.6730 0.0002 0.9663
39.6929 0.0002 0.9664
39.7128 0.0002 0.9664
39.7327 0.0002 0.9664
39.7526 0.0002 0.9665
39.7725 0.0002 0.9665
39.7924 0.0002 0.9666
