0.0000 0.0000 10.5914
0.0200 0.4046 10.5964
0.0400 0.8246 10.6087
0.0601 1.2743 10.6199
0.0801 1.7653 10.6162
0.1001 2.3046 10.5782
0.1201 2.8921 10.4820
0.1401 3.5180 10.3020
0.1601 4.1615 10.0144
0.1802 4.7903 9.6022
0.2002 5.3641 9.0611
0.2202 5.8398 8.4029
0.2402 6.1789 7.6567
0.2602 6.3552 6.8664
0.2802 6.3610 6.0842
0.3003 6.2087 5.3618
0.3203 5.9293 4.7420
0.3403 5.5660 4.2517
0.3603 5.1664 3.8995
0.3803 4.7745 3.6763
0.4003 4.4248 3.5597
0.4204 4.1389 3.5198
0.4404 3.9252 3.5251
0.4604 3.7808 3.5472
0.4804 3.6950 3.5642
0.5004 3.6530 3.5619
0.5204 3.6393 3.5332
0.5405 3.6401 3.4766
0.5605 3.6445 3.3938
0.5805 3.6441 3.2886
0.6005 3.6326 3.1649
0.6205 3.6049 3.0273
0.6405 3.5562 2.8809
0.6606 3.4828 2.7326
0.6806 3.3827 2.5906
0.7006 3.2570 2.4646
0.7206 3.1105 2.3637
0.7406 2.9516 2.2951
0.7606 2.7912 2.2626
0.7807 2.6414 2.2652
0.8007 2.5128 2.2978
0.8207 2.4136 2.3514
0.8407 2.3480 2.4149
0.8607 2.3159 2.4768
0.8807 2.3132 2.5265
0.9008 2.3327 2.5558
0.9208 2.3653 2.5599
0.9408 2.4008 2.5372
0.9608 2.4297 2.4897
0.9808 2.4440 2.4223
1.0008 2.4379 2.3421
1.0209 2.4085 2.2577
1.0409 2.3563 2.1778
1.0609 2.2846 2.1102
1.0809 2.1990 2.0608
1.1009 2.1067 2.0329
1.1209 2.0153 2.0272
1.1410 1.9318 2.0417
1.1610 1.8619 2.0724
1.1810 1.8094 2.1137
1.2010 1.7760 2.1596
1.2210 1.7616 2.2040
1.2410 1.7640 2.2412
1.2611 1.7795 2.2667
1.2811 1.8034 2.2774
1.3011 1.8300 2.2719
1.3211 1.8538 2.2507
1.3411 1.8698 2.2162
1.3611 1.8741 2.1722
1.3812 1.8644 2.1235
1.4012 1.8400 2.0751
1.4212 1.8020 2.0319
1.4412 1.7529 1.9984
1.4612 1.6963 1.9779
1.4812 1.6371 1.9724
1.5013 1.5804 1.9822
1.5213 1.5314 2.0058
1.5413 1.4946 2.0399
1.5613 1.4731 2.0797
1.5813 1.4679 2.1194
1.6013 1.4780 2.1529
1.6214 1.4998 2.1752
1.6414 1.5281 2.1828
1.6614 1.5568 2.1747
1.6814 1.5797 2.1523
1.7014 1.5920 2.1193
1.7214 1.5907 2.0810
1.7415 1.5751 2.0431
1.7615 1.5469 2.0111
1.7815 1.5095 1.9894
1.8015 1.4679 1.9802
1.8215 1.4271 1.9840
1.8415 1.3918 1.9991
1.8616 1.3656 2.0224
1.8816 1.3507 2.0498
1.9016 1.3471 2.0766
1.9216 1.3534 2.0988
1.9416 1.3667 2.1132
1.9616 1.3832 2.1184
1.9817 1.3989 2.1144
2.0017 1.4105 2.1026
2.0217 1.4156 2.0859
2.0417 1.4131 2.0675
2.0617 1.4036 2.0506
2.0817 1.3885 2.0378
2.1018 1.3702 2.0306
2.1218 1.3512 2.0295
2.1418 1.3339 2.0339
2.1618 1.3201 2.0424
2.1818 1.3106 2.0534
2.2018 1.3057 2.0651
2.2219 1.3049 2.0758
2.2419 1.3075 2.0845
2.2619 1.3122 2.0904
2.2819 1.3178 2.0932
2.3019 1.3234 2.0931
2.3219 1.3278 2.0905
2.3420 1.3306 2.0863
2.3620 1.3312 2.0811
2.3820 1.3297 2.0760
2.4020 1.3263 2.0716
2.4220 1.3215 2.0687
2.4420 1.3160 2.0676
2.4621 1.3104 2.0685
2.4821 1.3055 2.0712
2.5021 1.3020 2.0755
2.5221 1.3003 2.0808
2.5421 1.3006 2.0863
2.5621 1.3030 2.0913
2.5822 1.3069 2.0949
2.6022 1.3116 2.0967
2.6222 1.3163 2.0966
2.6422 1.3199 2.0949
2.6622 1.3219 2.0925
2.6822 1.3221 2.0903
2.7023 1.3209 2.0893
2.7223 1.3191 2.0900
2.7423 1.3178 2.0927
2.7623 1.3176 2.0968
2.7823 1.3192 2.1016
2.8023 1.3226 2.1064
2.8224 1.3273 2.1103
2.8424 1.3328 2.1130
2.8624 1.3384 2.1146
2.8824 1.3434 2.1154
2.9024 1.3478 2.1160
2.9224 1.3517 2.1169
2.9425 1.3553 2.1185
2.9625 1.3591 2.1209
2.9825 1.3636 2.1238
3.0025 1.3689 2.1271
3.0225 1.3751 2.1302
3.0425 1.3820 2.1331
3.0626 1.3893 2.1356
3.0826 1.3969 2.1377
3.1026 1.4045 2.1395
3.1226 1.4122 2.1414
3.1426 1.4201 2.1435
3.1626 1.4283 2.1457
3.1827 1.4370 2.1482
3.2027 1.4464 2.1507
3.2227 1.4563 2.1531
3.2427 1.4669 2.1555
3.2627 1.4780 2.1576
3.2827 1.4897 2.1596
3.3028 1.5019 2.1615
3.3228 1.5147 2.1631
3.3428 1.5281 2.1646
3.3628 1.5421 2.1660
3.3828 1.5568 2.1673
3.4028 1.5724 2.1683
3.4229 1.5889 2.1691
3.4429 1.6064 2.1694
3.4629 1.6250 2.1690
3.4829 1.6445 2.1679
3.5029 1.6650 2.1658
3.5229 1.6863 2.1626
3.5430 1.7082 2.1582
3.5630 1.7306 2.1526
3.5830 1.7534 2.1459
3.6030 1.7766 2.1381
3.6230 1.8001 2.1293
3.6430 1.8240 2.1196
3.6631 1.8486 2.1089
3.6831 1.8740 2.0970
3.7031 1.9003 2.0835
3.7231 1.9274 2.0681
3.7431 1.9550 2.0505
3.7631 1.9828 2.0303
3.7832 2.0103 2.0076
3.8032 2.0373 1.9823
3.8232 2.0635 1.9545
3.8432 2.0886 1.9244
3.8632 2.1127 1.8918
3.8832 2.1352 1.8566
3.9033 2.1560 1.8188
3.9233 2.1743 1.7784
3.9433 2.1896 1.7357
3.9633 2.2016 1.6914
3.9833 2.2098 1.6460
4.0033 2.2145 1.6004
4.0234 2.2160 1.5552
4.0434 2.2148 1.5105
4.0634 2.2115 1.4663
4.0834 2.2065 1.4223
4.1034 2.1997 1.3778
4.1234 2.1906 1.3324
4.1435 2.1784 1.2857
4.1635 2.1621 1.2382
4.1835 2.1407 1.1905
4.2035 2.1137 1.1439
4.2235 2.0808 1.0997
4.2435 2.0426 1.0595
4.2636 1.9998 1.0243
4.2836 1.9536 0.9951
4.3036 1.9054 0.9723
4.3236 1.8563 0.9558
4.3436 1.8073 0.9454
4.3636 1.7593 0.9407
4.3837 1.7128 0.9412
4.4037 1.6682 0.9465
4.4237 1.6259 0.9564
4.4437 1.5862 0.9705
4.4637 1.5495 0.9888
4.4837 1.5164 1.0111
4.5038 1.4873 1.0370
4.5238 1.4631 1.0659
4.5438 1.4443 1.0973
4.5638 1.4313 1.1300
4.5838 1.4243 1.1631
4.6038 1.4232 1.1953
4.6239 1.4276 1.2258
4.6439 1.4368 1.2534
4.6639 1.4501 1.2776
4.6839 1.4664 1.2979
4.7039 1.4847 1.3142
4.7239 1.5043 1.3265
4.7440 1.5243 1.3352
4.7640 1.5441 1.3408
4.7840 1.5633 1.3437
4.8040 1.5819 1.3445
4.8240 1.5999 1.3436
4.8440 1.6173 1.3413
4.8641 1.6344 1.3377
4.8841 1.6511 1.3328
4.9041 1.6677 1.3265
4.9241 1.6839 1.3188
4.9441 1.6996 1.3095
4.9641 1.7145 1.2987
4.9842 1.7284 1.2864
5.0042 1.7408 1.2728
5.0242 1.7515 1.2583
5.0442 1.7602 1.2433
5.0642 1.7670 1.2284
5.0842 1.7718 1.2141
5.1043 1.7750 1.2010
5.1243 1.7771 1.1897
5.1443 1.7786 1.1806
5.1643 1.7804 1.1737
5.1843 1.7832 1.1689
5.2043 1.7877 1.1659
5.2244 1.7946 1.1642
5.2444 1.8040 1.1632
5.2644 1.8164 1.1622
5.2844 1.8318 1.1606
5.3044 1.8500 1.1577
5.3244 1.8711 1.1530
5.3445 1.8948 1.1456
5.3645 1.9206 1.1351
5.3845 1.9481 1.1209
5.4045 1.9766 1.1025
5.4245 2.0052 1.0796
5.4445 2.0331 1.0522
5.4646 2.0592 1.0203
5.4846 2.0829 0.9845
5.5046 2.1035 0.9453
5.5246 2.1203 0.9035
5.5446 2.1333 0.8598
5.5646 2.1424 0.8151
5.5847 2.1477 0.7700
5.6047 2.1496 0.7252
5.6247 2.1486 0.6811
5.6447 2.1452 0.6378
5.6647 2.1398 0.5953
5.6847 2.1328 0.5537
5.7048 2.1244 0.5126
5.7248 2.1146 0.4718
5.7448 2.1035 0.4312
5.7648 2.0910 0.3907
5.7848 2.0769 0.3503
5.8048 2.0613 0.3098
5.8249 2.0439 0.2692
5.8449 2.0246 0.2285
5.8649 2.0031 0.1878
5.8849 1.9790 0.1470
5.9049 1.9520 0.1065
5.9249 1.9218 0.0667
5.9450 1.8880 0.0284
5.9650 1.8509 -0.0078
5.9850 1.8107 -0.0412
6.0050 1.7679 -0.0712
6.0250 1.7230 -0.0974
6.0450 1.6768 -0.1196
6.0651 1.6297 -0.1377
6.0851 1.5825 -0.1516
6.1051 1.5356 -0.1613
6.1251 1.4897 -0.1670
6.1451 1.4455 -0.1689
6.1651 1.4037 -0.1675
6.1852 1.3647 -0.1632
6.2052 1.3289 -0.1569
6.2252 1.2965 -0.1495
6.2452 1.2674 -0.1419
6.2652 1.2412 -0.1347
6.2852 1.2171 -0.1287
6.3053 1.1946 -0.1241
6.3253 1.1727 -0.1211
6.3453 1.1508 -0.1194
6.3653 1.1282 -0.1185
6.3853 1.1047 -0.1179
6.4053 1.0801 -0.1169
6.4254 1.0546 -0.1148
6.4454 1.0287 -0.1111
6.4654 1.0029 -0.1057
6.4854 0.9779 -0.0985
6.5054 0.9542 -0.0897
6.5254 0.9322 -0.0799
6.5455 0.9120 -0.0695
6.5655 0.8936 -0.0590
6.5855 0.8767 -0.0489
6.6055 0.8611 -0.0395
6.6255 0.8464 -0.0309
6.6455 0.8320 -0.0232
6.6656 0.8178 -0.0161
6.6856 0.8035 -0.0095
6.7056 0.7889 -0.0029
6.7256 0.7741 0.0038
6.7456 0.7593 0.0110
6.7656 0.7448 0.0188
6.7857 0.7307 0.0271
6.8057 0.7175 0.0360
6.8257 0.7052 0.0450
6.8457 0.6939 0.0540
6.8657 0.6836 0.0626
6.8857 0.6741 0.0707
6.9058 0.6652 0.0780
6.9258 0.6567 0.0844
6.9458 0.6482 0.0900
6.9658 0.6395 0.0949
6.9858 0.6303 0.0991
7.0058 0.6205 0.1028
7.0259 0.6099 0.1065
7.0459 0.5985 0.1103
7.0659 0.5863 0.1148
7.0859 0.5736 0.1201
7.1059 0.5608 0.1266
7.1259 0.5482 0.1342
7.1460 0.5362 0.1430
7.1660 0.5252 0.1527
7.1860 0.5154 0.1629
7.2060 0.5070 0.1734
7.2260 0.4998 0.1837
7.2460 0.4940 0.1937
7.2661 0.4891 0.2029
7.2861 0.4851 0.2112
7.3061 0.4817 0.2184
7.3261 0.4786 0.2245
7.3461 0.4754 0.2295
7.3661 0.4720 0.2334
7.3862 0.4679 0.2364
7.4062 0.4630 0.2386
7.4262 0.4571 0.2405
7.4462 0.4500 0.2424
7.4662 0.4419 0.2447
7.4862 0.4330 0.2477
7.5063 0.4235 0.2517
7.5263 0.4139 0.2569
7.5463 0.4045 0.2632
7.5663 0.3957 0.2704
7.5863 0.3878 0.2784
7.6063 0.3808 0.2868
7.6264 0.3749 0.2954
7.6464 0.3699 0.3038
7.6664 0.3659 0.3119
7.6864 0.3626 0.3195
7.7064 0.3599 0.3263
7.7264 0.3575 0.3324
7.7465 0.3553 0.3376
7.7665 0.3530 0.3421
7.7865 0.3503 0.3459
7.8065 0.3471 0.3491
7.8265 0.3432 0.3521
7.8465 0.3388 0.3552
7.8666 0.3338 0.3584
7.8866 0.3284 0.3620
7.9066 0.3227 0.3661
7.9266 0.3171 0.3708
7.9466 0.3117 0.3759
7.9666 0.3066 0.3814
7.9867 0.3018 0.3871
8.0067 0.2975 0.3929
8.0267 0.2936 0.3988
8.0467 0.2900 0.4047
8.0667 0.2869 0.4104
8.0867 0.2840 0.4159
8.1068 0.2816 0.4212
8.1268 0.2793 0.4262
8.1468 0.2772 0.4307
8.1668 0.2751 0.4348
8.1868 0.2729 0.4385
8.2068 0.2705 0.4418
8.2269 0.2676 0.4449
8.2469 0.2642 0.4479
8.2669 0.2605 0.4512
8.2869 0.2563 0.4548
8.3069 0.2521 0.4590
8.3269 0.2479 0.4637
8.3470 0.2441 0.4690
8.3670 0.2407 0.4746
8.3870 0.2380 0.4804
8.4070 0.2360 0.4861
8.4270 0.2346 0.4916
8.4470 0.2337 0.4967
8.4671 0.2332 0.5012
8.4871 0.2328 0.5051
8.5071 0.2325 0.5084
8.5271 0.2320 0.5112
8.5471 0.2313 0.5134
8.5671 0.2301 0.5152
8.5872 0.2285 0.5168
8.6072 0.2264 0.5182
8.6272 0.2238 0.5196
8.6472 0.2207 0.5211
8.6672 0.2170 0.5230
8.6872 0.2130 0.5253
8.7073 0.2088 0.5281
8.7273 0.2046 0.5314
8.7473 0.2005 0.5354
8.7673 0.1967 0.5399
8.7873 0.1933 0.5449
8.8073 0.1906 0.5501
8.8274 0.1884 0.5553
8.8474 0.1869 0.5605
8.8674 0.1860 0.5654
8.8874 0.1855 0.5699
8.9074 0.1853 0.5739
8.9274 0.1853 0.5774
8.9475 0.1853 0.5803
8.9675 0.1852 0.5827
8.9875 0.1848 0.5846
9.0075 0.1842 0.5862
9.0275 0.1831 0.5874
9.0475 0.1815 0.5885
9.0676 0.1794 0.5897
9.0876 0.1769 0.5909
9.1076 0.1739 0.5924
9.1276 0.1705 0.5943
9.1476 0.1670 0.5967
9.1676 0.1634 0.5996
9.1877 0.1600 0.6030
9.2077 0.1568 0.6069
9.2277 0.1540 0.6111
9.2477 0.1516 0.6156
9.2677 0.1498 0.6202
9.2877 0.1486 0.6248
9.3078 0.1478 0.6291
9.3278 0.1474 0.6331
9.3478 0.1474 0.6367
9.3678 0.1475 0.6397
9.3878 0.1476 0.6423
9.4078 0.1476 0.6444
9.4279 0.1473 0.6460
9.4479 0.1467 0.6474
9.4679 0.1456 0.6487
9.4879 0.1441 0.6499
9.5079 0.1422 0.6513
9.5279 0.1400 0.6529
9.5480 0.1377 0.6547
9.5680 0.1352 0.6570
9.5880 0.1328 0.6595
9.6080 0.1304 0.6623
9.6280 0.1283 0.6653
9.6480 0.1264 0.6685
9.6681 0.1248 0.6717
9.6881 0.1234 0.6749
9.7081 0.1223 0.6780
9.7281 0.1214 0.6810
9.7481 0.1206 0.6837
9.7681 0.1199 0.6862
9.7882 0.1192 0.6884
9.8082 0.1184 0.6903
9.8282 0.1174 0.6920
9.8482 0.1162 0.6936
9.8682 0.1146 0.6951
9.8882 0.1128 0.6965
9.9083 0.1107 0.6982
9.9283 0.1083 0.7000
9.9483 0.1057 0.7020
9.9683 0.1031 0.7044
9.9883 0.1004 0.7070
10.0083 0.0978 0.7100
10.0284 0.0953 0.7131
10.0484 0.0930 0.7165
10.0684 0.0908 0.7200
10.0884 0.0888 0.7236
10.1084 0.0870 0.7273
10.1284 0.0854 0.7310
10.1485 0.0840 0.7348
10.1685 0.0826 0.7386
10.1885 0.0815 0.7423
10.2085 0.0804 0.7460
10.2285 0.0795 0.7497
10.2485 0.0787 0.7534
10.2686 0.0779 0.7570
10.2886 0.0773 0.7605
10.3086 0.0768 0.7640
10.3286 0.0763 0.7675
10.3486 0.0758 0.7709
10.3686 0.0754 0.7742
10.3887 0.0751 0.7776
10.4087 0.0747 0.7809
10.4287 0.0744 0.7842
10.4487 0.0741 0.7876
10.4687 0.0740 0.7909
10.4887 0.0740 0.7943
10.5088 0.0741 0.7977
10.5288 0.0744 0.8010
10.5488 0.0748 0.8042
10.5688 0.0754 0.8072
10.5888 0.0760 0.8101
10.6088 0.0767 0.8127
10.6289 0.0773 0.8152
10.6489 0.0779 0.8175
10.6689 0.0783 0.8197
10.6889 0.0787 0.8218
10.7089 0.0790 0.8239
10.7289 0.0791 0.8260
10.7490 0.0792 0.8281
10.7690 0.0792 0.8302
10.7890 0.0793 0.8324
10.8090 0.0793 0.8346
10.8290 0.0794 0.8369
10.8490 0.0796 0.8392
10.8691 0.0799 0.8415
10.8891 0.0802 0.8436
10.9091 0.0807 0.8457
10.9291 0.0811 0.8476
10.9491 0.0816 0.8493
10.9691 0.0819 0.8508
10.9892 0.0821 0.8522
11.0092 0.0821 0.8535
11.0292 0.0818 0.8547
11.0492 0.0813 0.8561
11.0692 0.0806 0.8575
11.0892 0.0797 0.8591
11.1093 0.0787 0.8610
11.1293 0.0776 0.8630
11.1493 0.0766 0.8653
11.1693 0.0756 0.8678
11.1893 0.0748 0.8705
11.2093 0.0740 0.8734
11.2294 0.0735 0.8763
11.2494 0.0731 0.8794
11.2694 0.0728 0.8825
11.2894 0.0728 0.8856
11.3094 0.0729 0.8887
11.3294 0.0732 0.8917
11.3495 0.0735 0.8947
11.3695 0.0740 0.8976
11.3895 0.0746 0.9004
11.4095 0.0752 0.9031
11.4295 0.0759 0.9057
11.4495 0.0766 0.9083
11.4696 0.0773 0.9108
11.4896 0.0780 0.9133
11.5096 0.0787 0.9157
11.5296 0.0794 0.9181
11.5496 0.0801 0.9205
11.5696 0.0809 0.9228
11.5897 0.0816 0.9252
11.6097 0.0824 0.9275
11.6297 0.0832 0.9298
11.6497 0.0840 0.9320
11.6697 0.0849 0.9343
11.6897 0.0857 0.9365
11.7098 0.0866 0.9387
11.7298 0.0874 0.9408
11.7498 0.0883 0.9430
11.7698 0.0891 0.9451
11.7898 0.0899 0.9473
11.8098 0.0908 0.9495
11.8299 0.0916 0.9517
11.8499 0.0925 0.9540
11.8699 0.0934 0.9563
11.8899 0.0944 0.9587
11.9099 0.0954 0.9611
11.9299 0.0966 0.9635
11.9500 0.0979 0.9659
11.9700 0.0994 0.9683
11.9900 0.1009 0.9706
12.0100 0.1025 0.9728
12.0300 0.1042 0.9749
12.0500 0.1060 0.9769
12.0701 0.1078 0.9789
12.0901 0.1096 0.9808
12.1101 0.1114 0.9826
12.1301 0.1133 0.9844
12.1501 0.1153 0.9861
12.1701 0.1173 0.9877
12.1902 0.1195 0.9893
12.2102 0.1217 0.9907
12.2302 0.1240 0.9920
12.2502 0.1264 0.9931
12.2702 0.1287 0.9939
12.2902 0.1311 0.9946
12.3103 0.1333 0.9950
12.3303 0.1355 0.9952
12.3503 0.1374 0.9952
12.3703 0.1392 0.9950
12.3903 0.1407 0.9948
12.4103 0.1420 0.9944
12.4304 0.1431 0.9941
12.4504 0.1439 0.9938
12.4704 0.1445 0.9935
12.4904 0.1448 0.9934
12.5104 0.1450 0.9934
12.5304 0.1451 0.9936
12.5505 0.1450 0.9940
12.5705 0.1449 0.9945
12.5905 0.1448 0.9953
12.6105 0.1448 0.9962
12.6305 0.1447 0.9973
12.6505 0.1448 0.9985
12.6706 0.1449 0.9998
12.6906 0.1451 1.0012
12.7106 0.1453 1.0026
12.7306 0.1456 1.0041
12.7506 0.1460 1.0056
12.7706 0.1465 1.0071
12.7907 0.1470 1.0087
12.8107 0.1475 1.0103
12.8307 0.1481 1.0120
12.8507 0.1488 1.0137
12.8707 0.1495 1.0154
12.8907 0.1503 1.0171
12.9108 0.1512 1.0188
12.9308 0.1521 1.0206
12.9508 0.1531 1.0223
12.9708 0.1541 1.0241
12.9908 0.1551 1.0258
13.0108 0.1563 1.0276
13.0309 0.1574 1.0293
13.0509 0.1587 1.0311
13.0709 0.1599 1.0329
13.0909 0.1613 1.0346
13.1109 0.1627 1.0364
13.1309 0.1641 1.0381
13.1510 0.1656 1.0399
13.1710 0.1672 1.0416
13.1910 0.1688 1.0433
13.2110 0.1705 1.0450
13.2310 0.1723 1.0466
13.2510 0.1741 1.0483
13.2711 0.1759 1.0499
13.2911 0.1778 1.0516
13.3111 0.1798 1.0531
13.3311 0.1818 1.0547
13.3511 0.1840 1.0562
13.3711 0.1862 1.0577
13.3912 0.1884 1.0592
13.4112 0.1908 1.0605
13.4312 0.1932 1.0618
13.4512 0.1957 1.0630
13.4712 0.1982 1.0641
13.4912 0.2008 1.0651
13.5113 0.2033 1.0660
13.5313 0.2059 1.0668
13.5513 0.2084 1.0675
13.5713 0.2109 1.0681
13.5913 0.2134 1.0686
13.6113 0.2158 1.0691
13.6314 0.2182 1.0695
13.6514 0.2205 1.0699
13.6714 0.2228 1.0703
13.6914 0.2250 1.0706
13.7114 0.2272 1.0710
13.7314 0.2294 1.0714
13.7515 0.2316 1.0717
13.7715 0.2338 1.0721
13.7915 0.2359 1.0724
13.8115 0.2380 1.0728
13.8315 0.2402 1.0732
13.8515 0.2423 1.0737
13.8716 0.2445 1.0742
13.8916 0.2467 1.0747
13.9116 0.2490 1.0752
13.9316 0.2514 1.0757
13.9516 0.2538 1.0762
13.9716 0.2563 1.0766
13.9917 0.2589 1.0770
14.0117 0.2615 1.0774
14.0317 0.2641 1.0777
14.0517 0.2668 1.0779
14.0717 0.2696 1.0780
14.0917 0.2723 1.0781
14.1118 0.2751 1.0781
14.1318 0.2779 1.0780
14.1518 0.2807 1.0778
14.1718 0.2834 1.0776
14.1918 0.2862 1.0773
14.2118 0.2889 1.0769
14.2319 0.2915 1.0765
14.2519 0.2942 1.0761
14.2719 0.2969 1.0756
14.2919 0.2995 1.0751
14.3119 0.3021 1.0746
14.3319 0.3047 1.0739
14.3520 0.3073 1.0733
14.3720 0.3097 1.0726
14.3920 0.3121 1.0718
14.4120 0.3144 1.0711
14.4320 0.3166 1.0705
14.4520 0.3188 1.0700
14.4721 0.3210 1.0696
14.4921 0.3233 1.0693
14.5121 0.3256 1.0690
14.5321 0.3280 1.0689
14.5521 0.3306 1.0688
14.5721 0.3334 1.0687
14.5922 0.3363 1.0685
14.6122 0.3394 1.0683
14.6322 0.3425 1.0679
14.6522 0.3458 1.0675
14.6722 0.3491 1.0669
14.6922 0.3526 1.0662
14.7123 0.3560 1.0654
14.7323 0.3595 1.0644
14.7523 0.3630 1.0633
14.7723 0.3665 1.0621
14.7923 0.3701 1.0608
14.8123 0.3736 1.0594
14.8324 0.3771 1.0579
14.8524 0.3806 1.0563
14.8724 0.3842 1.0545
14.8924 0.3877 1.0527
14.9124 0.3913 1.0508
14.9324 0.3949 1.0487
14.9525 0.3984 1.0464
14.9725 0.4020 1.0440
14.9925 0.4054 1.0414
15.0125 0.4088 1.0387
15.0325 0.4119 1.0358
15.0525 0.4150 1.0328
15.0726 0.4178 1.0297
15.0926 0.4205 1.0267
15.1126 0.4230 1.0237
15.1326 0.4254 1.0209
15.1526 0.4278 1.0181
15.1726 0.4301 1.0154
15.1927 0.4325 1.0128
15.2127 0.4350 1.0102
15.2327 0.4376 1.0077
15.2527 0.4403 1.0052
15.2727 0.4432 1.0025
15.2927 0.4461 0.9998
15.3128 0.4492 0.9969
15.3328 0.4524 0.9939
15.3528 0.4556 0.9906
15.3728 0.4587 0.9871
15.3928 0.4619 0.9835
15.4128 0.4650 0.9796
15.4329 0.4681 0.9756
15.4529 0.4710 0.9713
15.4729 0.4739 0.9669
15.4929 0.4766 0.9623
15.5129 0.4791 0.9576
15.5329 0.4815 0.9527
15.5530 0.4837 0.9476
15.5730 0.4857 0.9425
15.5930 0.4874 0.9374
15.6130 0.4890 0.9322
15.6330 0.4904 0.9271
15.6530 0.4916 0.9221
15.6731 0.4927 0.9172
15.6931 0.4939 0.9123
15.7131 0.4950 0.9075
15.7331 0.4962 0.9027
15.7531 0.4975 0.8978
15.7731 0.4989 0.8927
15.7932 0.5003 0.8875
15.8132 0.5016 0.8820
15.8332 0.5029 0.8762
15.8532 0.5040 0.8701
15.8732 0.5048 0.8638
15.8932 0.5054 0.8572
15.9133 0.5056 0.8505
15.9333 0.5054 0.8437
15.9533 0.5048 0.8368
15.9733 0.5038 0.8300
15.9933 0.5025 0.8233
16.0133 0.5007 0.8167
16.0334 0.4987 0.8103
16.0534 0.4964 0.8041
16.0734 0.4939 0.7981
16.0934 0.4913 0.7924
16.1134 0.4886 0.7869
16.1334 0.4858 0.7816
16.1535 0.4829 0.7764
16.1735 0.4799 0.7714
16.1935 0.4769 0.7665
16.2135 0.4738 0.7617
16.2335 0.4706 0.7570
16.2535 0.4674 0.7525
16.2736 0.4640 0.7481
16.2936 0.4606 0.7439
16.3136 0.4572 0.7398
16.3336 0.4537 0.7358
16.3536 0.4502 0.7320
16.3736 0.4468 0.7283
16.3937 0.4433 0.7246
16.4137 0.4399 0.7210
16.4337 0.4364 0.7175
16.4537 0.4330 0.7140
16.4737 0.4295 0.7105
16.4937 0.4259 0.7071
16.5138 0.4223 0.7036
16.5338 0.4185 0.7002
16.5538 0.4147 0.6969
16.5738 0.4106 0.6936
16.5938 0.4065 0.6905
16.6138 0.4022 0.6875
16.6339 0.3978 0.6846
16.6539 0.3933 0.6820
16.6739 0.3887 0.6796
16.6939 0.3841 0.6775
16.7139 0.3796 0.6756
16.7339 0.3751 0.6739
16.7540 0.3707 0.6724
16.7740 0.3664 0.6710
16.7940 0.3623 0.6698
16.8140 0.3582 0.6687
16.8340 0.3543 0.6676
16.8540 0.3505 0.6666
16.8741 0.3468 0.6656
16.8941 0.3431 0.6647
16.9141 0.3395 0.6637
16.9341 0.3359 0.6628
16.9541 0.3324 0.6619
16.9741 0.3288 0.6610
16.9942 0.3253 0.6601
17.0142 0.3218 0.6593
17.0342 0.3183 0.6585
17.0542 0.3148 0.6578
17.0742 0.3113 0.6571
17.0942 0.3079 0.6565
17.1143 0.3045 0.6560
17.1343 0.3012 0.6555
17.1543 0.2978 0.6550
17.1743 0.2945 0.6545
17.1943 0.2913 0.6540
17.2143 0.2880 0.6535
17.2344 0.2847 0.6531
17.2544 0.2813 0.6527
17.2744 0.2780 0.6524
17.2944 0.2746 0.6521
17.3144 0.2713 0.6520
17.3344 0.2679 0.6519
17.3545 0.2647 0.6520
17.3745 0.2615 0.6521
17.3945 0.2583 0.6522
17.4145 0.2553 0.6525
17.4345 0.2523 0.6527
17.4545 0.2493 0.6529
17.4746 0.2465 0.6532
17.4946 0.2436 0.6535
17.5146 0.2408 0.6537
17.5346 0.2380 0.6540
17.5546 0.2353 0.6544
17.5746 0.2326 0.6547
17.5947 0.2299 0.6551
17.6147 0.2273 0.6554
17.6347 0.2247 0.6558
17.6547 0.2221 0.6561
17.6747 0.2196 0.6565
17.6947 0.2170 0.6569
17.7148 0.2145 0.6572
17.7348 0.2119 0.6576
17.7548 0.2094 0.6581
17.7748 0.2069 0.6585
17.7948 0.2044 0.6590
17.8148 0.2020 0.6595
17.8349 0.1996 0.6601
17.8549 0.1972 0.6606
17.8749 0.1949 0.6612
17.8949 0.1925 0.6618
17.9149 0.1902 0.6624
17.9349 0.1879 0.6630
17.9550 0.1857 0.6636
17.9750 0.1834 0.6642
17.9950 0.1812 0.6648
18.0150 0.1790 0.6655
18.0350 0.1768 0.6662
18.0550 0.1747 0.6669
18.0751 0.1726 0.6676
18.0951 0.1705 0.6683
18.1151 0.1684 0.6690
18.1351 0.1664 0.6697
18.1551 0.1643 0.6704
18.1751 0.1623 0.6711
18.1952 0.1603 0.6719
18.2152 0.1583 0.6726
18.2352 0.1563 0.6734
18.2552 0.1544 0.6741
18.2752 0.1524 0.6749
18.2952 0.1505 0.6757
18.3153 0.1486 0.6765
18.3353 0.1467 0.6774
18.3553 0.1449 0.6782
18.3753 0.1431 0.6790
18.3953 0.1412 0.6799
18.4153 0.1395 0.6807
18.4354 0.1377 0.6816
18.4554 0.1359 0.6825
18.4754 0.1342 0.6834
18.4954 0.1325 0.6842
18.5154 0.1308 0.6851
18.5354 0.1292 0.6860
18.5555 0.1275 0.6868
18.5755 0.1259 0.6877
18.5955 0.1242 0.6886
18.6155 0.1226 0.6895
18.6355 0.1210 0.6904
18.6555 0.1194 0.6914
18.6756 0.1179 0.6923
18.6956 0.1163 0.6932
18.7156 0.1148 0.6942
18.7356 0.1133 0.6951
18.7556 0.1118 0.6961
18.7756 0.1103 0.6970
18.7957 0.1089 0.6980
18.8157 0.1074 0.6989
18.8357 0.1060 0.6999
18.8557 0.1046 0.7009
18.8757 0.1032 0.7019
18.8957 0.1018 0.7029
18.9158 0.1005 0.7039
18.9358 0.0992 0.7049
18.9558 0.0979 0.7059
18.9758 0.0966 0.7069
18.9958 0.0953 0.7078
19.0158 0.0941 0.7088
19.0359 0.0929 0.7098
19.0559 0.0916 0.7107
19.0759 0.0904 0.7117
19.0959 0.0892 0.7127
19.1159 0.0880 0.7136
19.1359 0.0868 0.7146
19.1560 0.0856 0.7156
19.1760 0.0844 0.7166
19.1960 0.0833 0.7176
19.2160 0.0822 0.7186
19.2360 0.0810 0.7196
19.2560 0.0799 0.7205
19.2761 0.0788 0.7215
19.2961 0.0777 0.7226
19.3161 0.0766 0.7236
19.3361 0.0756 0.7246
19.3561 0.0745 0.7256
19.3761 0.0735 0.7267
19.3962 0.0725 0.7277
19.4162 0.0716 0.7287
19.4362 0.0706 0.7297
19.4562 0.0697 0.7308
19.4762 0.0688 0.7318
19.4962 0.0679 0.7328
19.5163 0.0670 0.7338
19.5363 0.0661 0.7348
19.5563 0.0653 0.7358
19.5763 0.0644 0.7368
19.5963 0.0636 0.7377
19.6163 0.0628 0.7387
19.6364 0.0620 0.7396
19.6564 0.0612 0.7406
19.6764 0.0604 0.7415
19.6964 0.0596 0.7424
19.7164 0.0588 0.7433
19.7364 0.0580 0.7442
19.7565 0.0572 0.7452
19.7765 0.0565 0.7461
19.7965 0.0557 0.7470
19.8165 0.0549 0.7479
19.8365 0.0541 0.7489
19.8565 0.0534 0.7498
19.8766 0.0527 0.7507
19.8966 0.0519 0.7517
19.9166 0.0512 0.7526
19.9366 0.0505 0.7535
19.9566 0.0498 0.7545
19.9766 0.0492 0.7554
19.9967 0.0485 0.7563
20.0167 0.0478 0.7572
20.0367 0.0472 0.7581
20.0567 0.0466 0.7591
20.0767 0.0459 0.7600
20.0967 0.0453 0.7609
20.1168 0.0447 0.7617
20.1368 0.0441 0.7626
20.1568 0.0435 0.7635
20.1768 0.0429 0.7644
20.1968 0.0423 0.7653
20.2168 0.0417 0.7662
20.2369 0.0412 0.7671
20.2569 0.0406 0.7680
20.2769 0.0401 0.7689
20.2969 0.0396 0.7698
20.3169 0.0391 0.7706
20.3369 0.0386 0.7715
20.3570 0.0381 0.7724
20.3770 0.0376 0.7732
20.3970 0.0371 0.7740
20.4170 0.0366 0.7748
20.4370 0.0362 0.7757
20.4570 0.0357 0.7765
20.4771 0.0352 0.7773
20.4971 0.0347 0.7781
20.5171 0.0343 0.7788
20.5371 0.0338 0.7796
20.5571 0.0333 0.7804
20.5771 0.0328 0.7812
20.5972 0.0324 0.7820
20.6172 0.0319 0.7829
20.6372 0.0315 0.7837
20.6572 0.0310 0.7845
20.6772 0.0306 0.7853
20.6972 0.0302 0.7861
20.7173 0.0297 0.7869
20.7373 0.0293 0.7877
20.7573 0.0289 0.7885
20.7773 0.0285 0.7893
20.7973 0.0282 0.7900
20.8173 0.0278 0.7908
20.8374 0.0274 0.7916
20.8574 0.0270 0.7924
20.8774 0.0266 0.7932
20.8974 0.0263 0.7939
20.9174 0.0259 0.7947
20.9374 0.0256 0.7955
20.9575 0.0252 0.7962
20.9775 0.0249 0.7970
20.9975 0.0246 0.7978
21.0175 0.0243 0.7985
21.0375 0.0240 0.7992
21.0575 0.0237 0.8000
21.0776 0.0234 0.8007
21.0976 0.0231 0.8014
21.1176 0.0228 0.8021
21.1376 0.0225 0.8029
21.1576 0.0222 0.8036
21.1776 0.0219 0.8043
21.1977 0.0216 0.8050
21.2177 0.0213 0.8057
21.2377 0.0210 0.8064
21.2577 0.0208 0.8071
21.2777 0.0205 0.8078
21.2977 0.0202 0.8085
21.3178 0.0200 0.8092
21.3378 0.0197 0.8099
21.3578 0.0195 0.8106
21.3778 0.0192 0.8113
21.3978 0.0190 0.8119
21.4178 0.0188 0.8126
21.4379 0.0186 0.8133
21.4579 0.0183 0.8139
21.4779 0.0181 0.8146
21.4979 0.0179 0.8152
21.5179 0.0177 0.8159
21.5379 0.0175 0.8165
21.5580 0.0173 0.8171
21.5780 0.0171 0.8178
21.5980 0.0169 0.8184
21.6180 0.0167 0.8190
21.6380 0.0165 0.8196
21.6580 0.0163 0.8202
21.6781 0.0161 0.8209
21.6981 0.0159 0.8215
21.7181 0.0157 0.8221
21.7381 0.0155 0.8227
21.7581 0.0153 0.8233
21.7781 0.0151 0.8239
21.7982 0.0149 0.8245
21.8182 0.0147 0.8251
21.8382 0.0145 0.8257
21.8582 0.0143 0.8262
21.8782 0.0142 0.8268
21.8982 0.0140 0.8274
21.9183 0.0138 0.8280
21.9383 0.0136 0.8286
21.9583 0.0134 0.8292
21.9783 0.0133 0.8298
21.9983 0.0131 0.8303
22.0183 0.0130 0.8309
22.0384 0.0128 0.8315
22.0584 0.0127 0.8321
22.0784 0.0125 0.8326
22.0984 0.0124 0.8332
22.1184 0.0123 0.8338
22.1384 0.0121 0.8343
22.1585 0.0120 0.8349
22.1785 0.0119 0.8354
22.1985 0.0117 0.8359
22.2185 0.0116 0.8365
22.2385 0.0115 0.8370
22.2585 0.0113 0.8375
22.2786 0.0112 0.8380
22.2986 0.0111 0.8386
22.3186 0.0109 0.8391
22.3386 0.0108 0.8396
22.3586 0.0107 0.8401
22.3786 0.0105 0.8406
22.3987 0.0104 0.8412
22.4187 0.0103 0.8417
22.4387 0.0102 0.8422
22.4587 0.0101 0.8427
22.4787 0.0099 0.8432
22.4987 0.0098 0.8437
22.5188 0.0097 0.8442
22.5388 0.0096 0.8447
22.5588 0.0095 0.8452
22.5788 0.0094 0.8457
22.5988 0.0093 0.8462
22.6188 0.0092 0.8467
22.6389 0.0091 0.8472
22.6589 0.0089 0.8477
22.6789 0.0088 0.8482
22.6989 0.0088 0.8487
22.7189 0.0087 0.8491
22.7389 0.0086 0.8496
22.7590 0.0085 0.8501
22.7790 0.0084 0.8506
22.7990 0.0083 0.8511
22.8190 0.0082 0.8515
22.8390 0.0081 0.8520
22.8591 0.0080 0.8525
22.8791 0.0079 0.8530
22.8991 0.0078 0.8534
22.9191 0.0077 0.8539
22.9391 0.0077 0.8544
22.9591 0.0076 0.8549
22.9792 0.0075 0.8553
22.9992 0.0075 0.8558
23.0192 0.0074 0.8563
23.0392 0.0073 0.8567
23.0592 0.0073 0.8572
23.0792 0.0072 0.8577
23.0993 0.0072 0.8581
23.1193 0.0071 0.8586
23.1393 0.0071 0.8590
23.1593 0.0071 0.8595
23.1793 0.0070 0.8599
23.1993 0.0070 0.8604
23.2194 0.0070 0.8608
23.2394 0.0069 0.8612
23.2594 0.0069 0.8616
23.2794 0.0069 0.8621
23.2994 0.0069 0.8625
23.3194 0.0069 0.8629
23.3395 0.0068 0.8633
23.3595 0.0068 0.8637
23.3795 0.0068 0.8641
23.3995 0.0067 0.8645
23.4195 0.0067 0.8649
23.4395 0.0067 0.8652
23.4596 0.0067 0.8656
23.4796 0.0066 0.8660
23.4996 0.0066 0.8664
23.5196 0.0066 0.8668
23.5396 0.0065 0.8672
23.5596 0.0065 0.8675
23.5797 0.0065 0.8679
23.5997 0.0064 0.8683
23.6197 0.0064 0.8687
23.6397 0.0064 0.8691
23.6597 0.0063 0.8695
23.6797 0.0063 0.8699
23.6998 0.0063 0.8703
23.7198 0.0063 0.8706
23.7398 0.0063 0.8710
23.7598 0.0063 0.8714
23.7798 0.0063 0.8718
23.7998 0.0063 0.8722
23.8199 0.0063 0.8725
23.8399 0.0063 0.8729
23.8599 0.0063 0.8732
23.8799 0.0064 0.8736
23.8999 0.0064 0.8739
23.9199 0.0064 0.8743
23.9400 0.0064 0.8746
23.9600 0.0064 0.8749
23.9800 0.0064 0.8752
24.0000 0.0064 0.8755
24.0200 0.0064 0.8759
24.0400 0.0064 0.8762
24.0601 0.0064 0.8765
24.0801 0.0064 0.8768
24.1001 0.0064 0.8771
24.1201 0.0064 0.8774
24.1401 0.0064 0.8777
24.1601 0.0064 0.8780
24.1802 0.0064 0.8784
24.2002 0.0064 0.8787
24.2202 0.0064 0.8790
24.2402 0.0064 0.8793
24.2602 0.0064 0.8796
24.2802 0.0064 0.8799
24.3003 0.0065 0.8802
24.3203 0.0065 0.8805
24.3403 0.0065 0.8808
24.3603 0.0065 0.8811
24.3803 0.0065 0.8813
24.4003 0.0065 0.8816
24.4204 0.0065 0.8819
24.4404 0.0066 0.8822
24.4604 0.0066 0.8824
24.4804 0.0066 0.8827
24.5004 0.0066 0.8830
24.5204 0.0066 0.8832
24.5405 0.0066 0.8835
24.5605 0.0066 0.8837
24.5805 0.0066 0.8840
24.6005 0.0066 0.8842
24.6205 0.0066 0.8845
24.6405 0.0066 0.8847
24.6606 0.0066 0.8850
24.6806 0.0066 0.8852
24.7006 0.0066 0.8855
24.7206 0.0066 0.8857
24.7406 0.0066 0.8860
24.7606 0.0066 0.8862
24.7807 0.0066 0.8865
24.8007 0.0066 0.8867
24.8207 0.0066 0.8869
24.8407 0.0066 0.8872
24.8607 0.0066 0.8874
24.8807 0.0066 0.8876
24.9008 0.0066 0.8879
24.9208 0.0066 0.8881
24.9408 0.0066 0.8883
24.9608 0.0066 0.8885
24.9808 0.0066 0.8887
25.0008 0.0066 0.8890
25.0209 0.0066 0.8892
25.0409 0.0066 0.8894
25.0609 0.0066 0.8896
25.0809 0.0065 0.8898
25.1009 0.0065 0.8900
25.1209 0.0065 0.8903
25.1410 0.0065 0.8905
25.1610 0.0065 0.8907
25.1810 0.0065 0.8909
25.2010 0.0065 0.8911
25.2210 0.0065 0.8914
25.2410 0.0064 0.8916
25.2611 0.0064 0.8918
25.2811 0.0064 0.8920
25.3011 0.0064 0.8922
25.3211 0.0064 0.8924
25.3411 0.0064 0.8926
25.3611 0.0064 0.8927
25.3812 0.0064 0.8929
25.4012 0.0064 0.8931
25.4212 0.0064 0.8933
25.4412 0.0063 0.8935
25.4612 0.0063 0.8936
25.4812 0.0063 0.8938
25.5013 0.0062 0.8940
25.5213 0.0062 0.8941
25.5413 0.0061 0.8943
25.5613 0.0061 0.8945
25.5813 0.0060 0.8947
25.6013 0.0059 0.8948
25.6214 0.0059 0.8950
25.6414 0.0058 0.8952
25.6614 0.0057 0.8954
25.6814 0.0057 0.8956
25.7014 0.0056 0.8958
25.7214 0.0055 0.8960
25.7415 0.0055 0.8962
25.7615 0.0054 0.8964
25.7815 0.0053 0.8966
25.8015 0.0053 0.8969
25.8215 0.0052 0.8971
25.8415 0.0051 0.8973
25.8616 0.0051 0.8975
25.8816 0.0050 0.8977
25.9016 0.0050 0.8980
25.9216 0.0049 0.8982
25.9416 0.0049 0.8984
25.9616 0.0048 0.8987
25.9817 0.0048 0.8989
26.0017 0.0047 0.8991
26.0217 0.0047 0.8994
26.0417 0.0047 0.8996
26.0617 0.0046 0.8998
26.0817 0.0046 0.9000
26.1018 0.0046 0.9003
26.1218 0.0046 0.9005
26.1418 0.0045 0.9007
26.1618 0.0045 0.9009
26.1818 0.0045 0.9012
26.2018 0.0045 0.9014
26.2219 0.0045 0.9016
26.2419 0.0045 0.9018
26.2619 0.0045 0.9020
26.2819 0.0044 0.9023
26.3019 0.0044 0.9025
26.3219 0.0044 0.9027
26.3420 0.0044 0.9029
26.3620 0.0044 0.9031
26.3820 0.0045 0.9033
26.4020 0.0045 0.9035
26.4220 0.0045 0.9037
26.4420 0.0045 0.9038
26.4621 0.0045 0.9040
26.4821 0.0045 0.9042
26.5021 0.0045 0.9044
26.5221 0.0045 0.9046
26.5421 0.0045 0.9047
26.5621 0.0045 0.9049
26.5822 0.0045 0.9051
26.6022 0.0045 0.9052
26.6222 0.0044 0.9054
26.6422 0.0044 0.9055
26.6622 0.0044 0.9057
26.6822 0.0044 0.9059
26.7023 0.0044 0.9060
26.7223 0.0043 0.9062
26.7423 0.0043 0.9063
26.7623 0.0043 0.9065
26.7823 0.0043 0.9067
26.8023 0.0042 0.9068
26.8224 0.0042 0.9070
26.8424 0.0042 0.9072
26.8624 0.0041 0.9073
26.8824 0.0041 0.9075
26.9024 0.0041 0.9076
26.9224 0.0041 0.9078
26.9425 0.0040 0.9080
26.9625 0.0040 0.9081
26.9825 0.0040 0.9083
27.0025 0.0039 0.9085
27.0225 0.0039 0.9086
27.0425 0.0039 0.9088
27.0626 0.0038 0.9090
27.0826 0.0038 0.9092
27.1026 0.0038 0.9093
27.1226 0.0037 0.9095
27.1426 0.0037 0.9097
27.1626 0.0037 0.9098
27.1827 0.0036 0.9100
27.2027 0.0036 0.9102
27.2227 0.0036 0.9104
27.2427 0.0036 0.9105
27.2627 0.0035 0.9107
27.2827 0.0035 0.9109
27.3028 0.0035 0.9110
27.3228 0.0035 0.9112
27.3428 0.0034 0.9114
27.3628 0.0034 0.9115
27.3828 0.0034 0.9117
27.4028 0.0034 0.9119
27.4229 0.0033 0.9120
27.4429 0.0033 0.9122
27.4629 0.0033 0.9124
27.4829 0.0033 0.9125
27.5029 0.0033 0.9127
27.5229 0.0032 0.9129
27.5430 0.0032 0.9130
27.5630 0.0032 0.9132
27.5830 0.0032 0.9134
27.6030 0.0032 0.9135
27.6230 0.0032 0.9137
27.6430 0.0031 0.9139
27.6631 0.0031 0.9140
27.6831 0.0031 0.9142
27.7031 0.0031 0.9143
27.7231 0.0031 0.9145
27.7431 0.0031 0.9146
27.7631 0.0030 0.9148
27.7832 0.0030 0.9150
27.8032 0.0030 0.9151
27.8232 0.0030 0.9153
27.8432 0.0030 0.9154
27.8632 0.0030 0.9156
27.8832 0.0029 0.9157
27.9033 0.0029 0.9159
27.9233 0.0029 0.9160
27.9433 0.0029 0.9162
27.9633 0.0029 0.9163
27.9833 0.0029 0.9165
28.0033 0.0028 0.9166
28.0234 0.0028 0.9168
28.0434 0.0028 0.9169
28.0634 0.0028 0.9171
28.0834 0.0028 0.9172
28.1034 0.0028 0.9174
28.1234 0.0028 0.9175
28.1435 0.0027 0.9177
28.1635 0.0027 0.9178
28.1835 0.0027 0.9179
28.2035 0.0027 0.9181
28.2235 0.0027 0.9182
28.2435 0.0027 0.9184
28.2636 0.0027 0.9185
28.2836 0.0026 0.9187
28.3036 0.0026 0.9188
28.3236 0.0026 0.9189
28.3436 0.0026 0.9191
28.3636 0.0026 0.9192
28.3837 0.0026 0.9194
28.4037 0.0026 0.9195
28.4237 0.0026 0.9196
28.4437 0.0025 0.9198
28.4637 0.0025 0.9199
28.4837 0.0025 0.9200
28.5038 0.0025 0.9202
28.5238 0.0025 0.9203
28.5438 0.0025 0.9204
28.5638 0.0025 0.9206
28.5838 0.0024 0.9207
28.6038 0.0024 0.9208
28.6239 0.0024 0.9210
28.6439 0.0024 0.9211
28.6639 0.0024 0.9212
28.6839 0.0024 0.9213
28.7039 0.0023 0.9215
28.7239 0.0023 0.9216
28.7440 0.0023 0.9217
28.7640 0.0023 0.9218
28.7840 0.0023 0.9220
28.8040 0.0022 0.9221
28.8240 0.0022 0.9222
28.8440 0.0022 0.9223
28.8641 0.0022 0.9225
28.8841 0.0021 0.9226
28.9041 0.0021 0.9227
28.9241 0.0021 0.9228
28.9441 0.0021 0.9230
28.9641 0.0020 0.9231
28.9842 0.0020 0.9232
29.0042 0.0020 0.9234
29.0242 0.0020 0.9235
29.0442 0.0019 0.9236
29.0642 0.0019 0.9237
29.0842 0.0019 0.9239
29.1043 0.0019 0.9240
29.1243 0.0018 0.9241
29.1443 0.0018 0.9243
29.1643 0.0018 0.9244
29.1843 0.0018 0.9245
29.2043 0.0017 0.9246
29.2244 0.0017 0.9248
29.2444 0.0017 0.9249
29.2644 0.0017 0.9250
29.2844 0.0016 0.9252
29.3044 0.0016 0.9253
29.3244 0.0016 0.9254
29.3445 0.0016 0.9256
29.3645 0.0015 0.9257
29.3845 0.0015 0.9258
29.4045 0.0015 0.9259
29.4245 0.0015 0.9261
29.4445 0.0015 0.9262
29.4646 0.0014 0.9263
29.4846 0.0014 0.9265
29.5046 0.0014 0.9266
29.5246 0.0014 0.9267
29.5446 0.0013 0.9269
29.5646 0.0013 0.9270
29.5847 0.0013 0.9271
29.6047 0.0013 0.9272
29.6247 0.0013 0.9274
29.6447 0.0012 0.9275
29.6647 0.0012 0.9276
29.6847 0.0012 0.9278
29.7048 0.0012 0.9279
29.7248 0.0012 0.9280
29.7448 0.0012 0.9281
29.7648 0.0011 0.9283
29.7848 0.0011 0.9284
29.8048 0.0011 0.9285
29.8249 0.0011 0.9287
29.8449 0.0011 0.9288
29.8649 0.0011 0.9289
29.8849 0.0010 0.9290
29.9049 0.0010 0.9292
29.9249 0.0010 0.9293
29.9450 0.0010 0.9294
29.9650 0.0010 0.9296
29.9850 0.0010 0.9297
30.0050 0.0010 0.9298
30.0250 0.0010 0.9299
30.0450 0.0009 0.9301
30.0651 0.0009 0.9302
30.0851 0.0009 0.9303
30.1051 0.0009 0.9304
30.1251 0.0009 0.9306
30.1451 0.0009 0.9307
30.1651 0.0009 0.9308
30.1852 0.0009 0.9309
30.2052 0.0009 0.9311
30.2252 0.0009 0.9312
30.2452 0.0008 0.9313
30.2652 0.0008 0.9314
30.2852 0.0008 0.9315
30.3053 0.0008 0.9317
30.3253 0.0008 0.9318
30.3453 0.0008 0.9319
30.3653 0.0008 0.9320
30.3853 0.0008 0.9321
30.4053 0.0008 0.9323
30.4254 0.0008 0.9324
30.4454 0.0008 0.9325
30.4654 0.0008 0.9326
30.4854 0.0008 0.9327
30.5054 0.0008 0.9328
30.5254 0.0008 0.9330
30.5455 0.0008 0.9331
30.5655 0.0008 0.9332
30.5855 0.0007 0.9333
30.6055 0.0007 0.9334
30.6255 0.0007 0.9335
30.6455 0.0007 0.9336
30.6656 0.0007 0.9338
30.6856 0.0007 0.9339
30.7056 0.0007 0.9340
30.7256 0.0007 0.9341
30.7456 0.0007 0.9342
30.7656 0.0007 0.9343
30.7857 0.0007 0.9344
30.8057 0.0007 0.9345
30.8257 0.0007 0.9346
30.8457 0.0007 0.9347
30.8657 0.0007 0.9348
30.8857 0.0007 0.9350
30.9058 0.0007 0.9351
30.9258 0.0007 0.9352
30.9458 0.0007 0.9353
30.9658 0.0007 0.9354
30.9858 0.0007 0.9355
31.0058 0.0007 0.9356
31.0259 0.0007 0.9357
31.0459 0.0007 0.9358
31.0659 0.0007 0.9359
31.0859 0.0007 0.9360
31.1059 0.0007 0.9361
31.1259 0.0006 0.9362
31.1460 0.0006 0.9363
31.1660 0.0006 0.9364
31.1860 0.0006 0.9365
31.2060 0.0006 0.9366
31.2260 0.0006 0.9367
31.2460 0.0006 0.9368
31.2661 0.0006 0.9369
31.2861 0.0006 0.9370
31.3061 0.0006 0.9371
31.3261 0.0006 0.9372
31.3461 0.0006 0.9373
31.3661 0.0006 0.9374
31.3862 0.0006 0.9375
31.4062 0.0006 0.9376
31.4262 0.0006 0.9377
31.4462 0.0006 0.9378
31.4662 0.0006 0.9379
31.4862 0.0006 0.9380
31.5063 0.0006 0.9381
31.5263 0.0006 0.9382
31.5463 0.0006 0.9383
31.5663 0.0006 0.9384
31.5863 0.0006 0.9385
31.6063 0.0006 0.9386
31.6264 0.0006 0.9387
31.6464 0.0005 0.9388
31.6664 0.0005 0.9389
31.6864 0.0005 0.9390
31.7064 0.0005 0.9391
31.7264 0.0005 0.9392
31.7465 0.0005 0.9393
31.7665 0.0005 0.9394
31.7865 0.0005 0.9395
31.8065 0.0005 0.9396
31.8265 0.0005 0.9397
31.8465 0.0005 0.9398
31.8666 0.0005 0.9399
31.8866 0.0005 0.9400
31.9066 0.0005 0.9400
31.9266 0.0005 0.9401
31.9466 0.0005 0.9402
31.9666 0.0005 0.9403
31.9867 0.0005 0.9404
32.0067 0.0005 0.9405
32.0267 0.0005 0.9406
32.0467 0.0005 0.9407
32.0667 0.0005 0.9408
32.0867 0.0005 0.9409
32.1068 0.0005 0.9410
32.1268 0.0005 0.9411
32.1468 0.0005 0.9411
32.1668 0.0005 0.9412
32.1868 0.0005 0.9413
32.2068 0.0005 0.9414
32.2269 0.0005 0.9415
32.2469 0.0005 0.9416
32.2669 0.0005 0.9417
32.2869 0.0005 0.9418
32.3069 0.0005 0.9419
32.3269 0.0005 0.9420
32.3470 0.0005 0.9420
32.3670 0.0005 0.9421
32.3870 0.0005 0.9422
32.4070 0.0005 0.9423
32.4270 0.0005 0.9424
32.4470 0.0004 0.9425
32.4671 0.0004 0.9426
32.4871 0.0004 0.9427
32.5071 0.0004 0.9427
32.5271 0.0004 0.9428
32.5471 0.0004 0.9429
32.5671 0.0004 0.9430
32.5872 0.0004 0.9431
32.6072 0.0004 0.9432
32.6272 0.0004 0.9433
32.6472 0.0004 0.9433
32.6672 0.0004 0.9434
32.6872 0.0004 0.9435
32.7073 0.0004 0.9436
32.7273 0.0004 0.9437
32.7473 0.0004 0.9438
32.7673 0.0004 0.9438
32.7873 0.0004 0.9439
32.8073 0.0004 0.9440
32.8274 0.0004 0.9441
32.8474 0.0004 0.9442
32.8674 0.0004 0.9443
32.8874 0.0004 0.9443
32.9074 0.0004 0.9444
32.9274 0.0004 0.9445
32.9475 0.0004 0.9446
32.9675 0.0004 0.9447
32.9875 0.0004 0.9448
33.0075 0.0004 0.9448
33.0275 0.0004 0.9449
33.0475 0.0004 0.9450
33.0676 0.0004 0.9451
33.0876 0.0004 0.9452
33.1076 0.0004 0.9452
33.1276 0.0004 0.9453
33.1476 0.0004 0.9454
33.1676 0.0004 0.9455
33.1877 0.0004 0.9456
33.2077 0.0004 0.9456
33.2277 0.0004 0.9457
33.2477 0.0004 0.9458
33.2677 0.0004 0.9459
33.2877 0.0004 0.9459
33.3078 0.0004 0.9460
33.3278 0.0004 0.9461
33.3478 0.0004 0.9462
33.3678 0.0004 0.9463
33.3878 0.0004 0.9463
33.4078 0.0004 0.9464
33.4279 0.0004 0.9465
33.4479 0.0004 0.9466
33.4679 0.0004 0.9466
33.4879 0.0004 0.9467
33.5079 0.0004 0.9468
33.5279 0.0004 0.9469
33.5480 0.0004 0.9469
33.5680 0.0004 0.9470
33.5880 0.0004 0.9471
33.6080 0.0004 0.9472
33.6280 0.0004 0.9472
33.6480 0.0004 0.9473
33.6681 0.0004 0.9474
33.6881 0.0004 0.9475
33.7081 0.0004 0.9475
33.7281 0.0004 0.9476
33.7481 0.0004 0.9477
33.7681 0.0004 0.9478
33.7882 0.0004 0.9478
33.8082 0.0004 0.9479
33.8282 0.0004 0.9480
33.8482 0.0004 0.9481
33.8682 0.0004 0.9481
33.8882 0.0004 0.9482
33.9083 0.0004 0.9483
33.9283 0.0004 0.9483
33.9483 0.0004 0.9484
33.9683 0.0004 0.9485
33.9883 0.0004 0.9486
34.0083 0.0004 0.9486
34.0284 0.0004 0.9487
34.0484 0.0004 0.9488
34.0684 0.0004 0.9489
34.0884 0.0004 0.9489
34.1084 0.0004 0.9490
34.1284 0.0004 0.9491
34.1485 0.0004 0.9491
34.1685 0.0004 0.9492
34.1885 0.0004 0.9493
34.2085 0.0003 0.9493
34.2285 0.0003 0.9494
34.2485 0.0003 0.9495
34.2686 0.0003 0.9496
34.2886 0.0003 0.9496
34.3086 0.0003 0.9497
34.3286 0.0003 0.9498
34.3486 0.0003 0.9498
34.3686 0.0003 0.9499
34.3887 0.0003 0.9500
34.4087 0.0003 0.9500
34.4287 0.0003 0.9501
34.4487 0.0003 0.9502
34.4687 0.0003 0.9502
34.4887 0.0003 0.9503
34.5088 0.0003 0.9504
34.5288 0.0003 0.9504
34.5488 0.0003 0.9505
34.5688 0.0003 0.9506
34.5888 0.0003 0.9506
34.6088 0.0003 0.9507
34.6289 0.0003 0.9508
34.6489 0.0003 0.9508
34.6689 0.0003 0.9509
34.6889 0.0003 0.9510
34.7089 0.0003 0.9510
34.7289 0.0003 0.9511
34.7490 0.0003 0.9512
34.7690 0.0003 0.9512
34.7890 0.0003 0.9513
34.8090 0.0003 0.9514
34.8290 0.0003 0.9514
34.8490 0.0003 0.9515
34.8691 0.0003 0.9516
34.8891 0.0003 0.9516
34.9091 0.0003 0.9517
34.9291 0.0003 0.9518
34.9491 0.0003 0.9518
34.9691 0.0003 0.9519
34.9892 0.0003 0.9520
35.0092 0.0003 0.9520
35.0292 0.0003 0.9521
35.0492 0.0003 0.9521
35.0692 0.0003 0.9522
35.0892 0.0003 0.9523
35.1093 0.0003 0.9523
35.1293 0.0003 0.9524
35.1493 0.0003 0.9525
35.1693 0.0003 0.9525
35.1893 0.0003 0.9526
35.2093 0.0003 0.9526
35.2294 0.0003 0.9527
35.2494 0.0003 0.9528
35.2694 0.0003 0.9528
35.2894 0.0003 0.9529
35.3094 0.0003 0.9530
35.3294 0.0003 0.9530
35.3495 0.0003 0.9531
35.3695 0.0003 0.9531
35.3895 0.0003 0.9532
35.4095 0.0003 0.9533
35.4295 0.0003 0.9533
35.4495 0.0003 0.9534
35.4696 0.0003 0.9535
35.4896 0.0003 0.9535
35.5096 0.0003 0.9536
35.5296 0.0003 0.9536
35.5496 0.0003 0.9537
35.5696 0.0003 0.9538
35.5897 0.0003 0.9538
35.6097 0.0003 0.9539
35.6297 0.0003 0.9539
35.6497 0.0003 0.9540
35.6697 0.0003 0.9541
35.6897 0.0003 0.9541
35.7098 0.0003 0.9542
35.7298 0.0003 0.9542
35.7498 0.0003 0.9543
35.7698 0.0003 0.9543
35.7898 0.0003 0.9544
35.8098 0.0003 0.9545
35.8299 0.0003 0.9545
35.8499 0.0003 0.9546
35.8699 0.0003 0.9546
35.8899 0.0003 0.9547
35.9099 0.0003 0.9548
35.9299 0.0003 0.9548
35.9500 0.0003 0.9549
35.9700 0.0003 0.9549
35.9900 0.0003 0.9550
36.0100 0.0003 0.9550
36.0300 0.0003 0.9551
36.0500 0.0003 0.9552
36.0701 0.0003 0.9552
36.0901 0.0003 0.9553
36.1101 0.0003 0.9553
36.1301 0.0003 0.9554
36.1501 0.0003 0.9554
36.1701 0.0003 0.9555
36.1902 0.0003 0.9556
36.2102 0.0003 0.9556
36.2302 0.0003 0.9557
36.2502 0.0003 0.9557
36.2702 0.0003 0.9558
36.2902 0.0003 0.9558
36.3103 0.0003 0.9559
36.3303 0.0003 0.9560
36.3503 0.0003 0.9560
36.3703 0.0003 0.9561
36.3903 0.0003 0.9561
36.4103 0.0003 0.9562
36.4304 0.0003 0.9562
36.4504 0.0003 0.9563
36.4704 0.0003 0.9563
36.4904 0.0003 0.9564
36.5104 0.0003 0.9564
36.5304 0.0003 0.9565
36.5505 0.0003 0.9566
36.5705 0.0003 0.9566
36.5905 0.0003 0.9567
36.6105 0.0003 0.9567
36.6305 0.0003 0.9568
36.6505 0.0003 0.9568
36.6706 0.0003 0.9569
36.6906 0.0003 0.9569
36.7106 0.0003 0.9570
36.7306 0.0003 0.9570
36.7506 0.0003 0.9571
36.7706 0.0003 0.9571
36.7907 0.0003 0.9572
36.8107 0.0003 0.9573
36.8307 0.0003 0.9573
36.8507 0.0003 0.9574
36.8707 0.0003 0.9574
36.8907 0.0003 0.9575
36.9108 0.0003 0.9575
36.9308 0.0003 0.9576
36.9508 0.0003 0.9576
36.9708 0.0003 0.9577
36.9908 0.0003 0.9577
37.0108 0.0003 0.9578
37.0309 0.0003 0.9578
37.0509 0.0003 0.9579
37.0709 0.0003 0.9579
37.0909 0.0003 0.9580
37.1109 0.0003 0.9580
37.1309 0.0003 0.9581
37.1510 0.0003 0.9581
37.1710 0.0003 0.9582
37.1910 0.0003 0.9582
37.2110 0.0003 0.9583
37.2310 0.0003 0.9583
37.2510 0.0003 0.9584
37.2711 0.0003 0.9584
37.2911 0.0003 0.9585
37.3111 0.0003 0.9585
37.3311 0.0003 0.9586
37.3511 0.0003 0.9586
37.3711 0.0003 0.9587
37.3912 0.0003 0.9587
37.4112 0.0002 0.9588
37.4312 0.0002 0.9588
37.4512 0.0002 0.9589
37.4712 0.0002 0.9589
37.4912 0.0002 0.9590
37.5113 0.0002 0.9590
37.5313 0.0002 0.9591
37.5513 0.0002 0.9591
37.5713 0.0002 0.9592
37.5913 0.0002 0.9592
37.6113 0.0002 0.9593
37.6314 0.0002 0.9593
37.6514 0.0002 0.9594
37.6714 0.0002 0.9594
37.6914 0.0002 0.9595
37.7114 0.0002 0.9595
37.7314 0.0002 0.9596
37.7515 0.0002 0.9596
37.7715 0.0002 0.9597
37.7915 0.0002 0.9597
37.8115 0.0002 0.9598
37.8315 0.0002 0.9598
37.8515 0.0002 0.9599
37.8716 0.0002 0.9599
37.8916 0.0002 0.9600
37.9116 0.0002 0.9600
37.9316 0.0002 0.9601
37.9516 0.0002 0.9601
37.9716 0.0002 0.9602
37.9917 0.0002 0.9602
38.0117 0.0002 0.9603
38.0317 0.0002 0.9603
38.0517 0.0002 0.9603
38.0717 0.0002 0.9604
38.0917 0.0002 0.9604
38.1118 0.0002 0.9605
38.1318 0.0002 0.9605
38.1518 0.0002 0.9606
38.1718 0.0002 0.9606
38.1918 0.0002 0.9607
38.2118 0.0002 0.9607
38.2319 0.0002 0.9608
38.2519 0.0002 0.9608
38.2719 0.0002 0.9609
38.2919 0.0002 0.9609
38.3119 0.0002 0.9610
38.3319 0.0002 0.9610
38.3520 0.0002 0.9610
38.3720 0.0002 0.9611
38.3920 0.0002 0.9611
38.4120 0.0002 0.9612
38.4320 0.0002 0.9612
38.4520 0.0002 0.9613
38.4721 0.0002 0.9613
38.4921 0.0002 0.9614
38.5121 0.0002 0.9614
38.5321 0.0002 0.9615
38.5521 0.0002 0.9615
38.5721 0.0002 0.9615
38.5922 0.0002 0.9616
38.6122 0.0002 0.9616
38.6322 0.0002 0.9617
38.6522 0.0002 0.9617
38.6722 0.0002 0.9618
38.6922 0.0002 0.9618
38.7123 0.0002 0.9619
38.7323 0.0002 0.9619
38.7523 0.0002 0.9619
38.7723 0.0002 0.9620
38.7923 0.0002 0.9620
38.8123 0.0002 0.9621
38.8324 0.0002 0.9621
38.8524 0.0002 0.9622
38.8724 0.0002 0.9622
38.8924 0.0002 0.9622
38.9124 0.0002 0.9623
38.9324 0.0002 0.9623
38.9525 0.0002 0.9624
38.9725 0.0002 0.9624
38.9925 0.0002 0.9625
39.0125 0.0002 0.9625
39.0325 0.0002 0.9625
39.0525 0.0002 0.9626
39.0726 0.0002 0.9626
39.0926 0.0002 0.9627
39.1126 0.0002 0.9627
39.1326 0.0002 0.9628
39.1526 0.0002 0.9628
39.1726 0.0002 0.9628
39.1927 0.0002 0.9629
39.2127 0.0002 0.9629
39.2327 0.0002 0.9630
39.2527 0.0002 0.9630
39.2727 0.0002 0.9631
39.2927 0.0002 0.9631
39.3128 0.0002 0.9631
39.3328 0.0002 0.9632
39.3528 0.0002 0.9632
39.3728 0.0002 0.9633
39.3928 0.0002 0.9633
39.4128 0.0002 0.9633
39.4329 0.0002 0.9634
39.4529 0.0002 0.9634
39.4729 0.0002 0.9635
39.4929 0.0002 0.9635
39.5129 0.0002 0.9636
39.5329 0.0002 0.9636
39.5530 0.0002 0.9636
39.5730 0.0002 0.9637
39.5930 0.0002 0.9637
39.6130 0.0002 0.9638
39.6330 0.0002 0.9638
39.6530 0.0002 0.9638
39.6731 0.0002 0.9639
39.6931 0.0002 0.9639
39.7131 0.0002 0.9640
39.7331 0.0002 0.9640
39.7531 0.0002 0.9640
39.7731 0.0002 0.9641
39.7932 0.0002 0.9641
39.8132 0.0002 0.9642
39.8332 0.0002 0.9642
39.8532 0.0002 0.9642
39.8732 0.0002 0.9643
39.8932 0.0002 0.9643
39.9133 0.0002 0.9644
39.9333 0.0002 0.9644
39.9533 0.0002 0.9644
39.9733 0.0002 0.9645
39.9933 0.0002 0.9645
40.0133 0.0002 0.9646
