0.0000 0.0000 11.6807
0.0518 2.0837 11.2506
0.1035 3.7262 10.1163
0.1553 4.7013 8.6550
0.2070 5.0699 7.2354
0.2588 5.0372 6.0488
0.3105 4.7932 5.1337
0.3623 4.4676 4.4549
0.4140 4.1285 3.9550
0.4658 3.8051 3.5873
0.5175 3.5130 3.3151
0.5693 3.2537 3.1092
0.6210 3.0247 2.9525
0.6728 2.8252 2.8313
0.7245 2.6498 2.7346
0.7763 2.4945 2.6579
0.8280 2.3582 2.5961
0.8798 2.2369 2.5446
0.9315 2.1279 2.5026
0.9833 2.0310 2.4682
1.0350 1.9440 2.4388
1.0868 1.8649 2.4144
1.1386 1.7939 2.3945
1.1903 1.7299 2.3772
1.2421 1.6711 2.3625
1.2938 1.6178 2.3509
1.3456 1.5699 2.3409
1.3973 1.5255 2.3323
1.4491 1.4852 2.3261
1.5008 1.4492 2.3211
1.5526 1.4166 2.3167
1.6043 1.3868 2.3133
1.6561 1.3605 2.3106
1.7078 1.3366 2.3076
1.7596 1.3142 2.3052
1.8113 1.2942 2.3037
1.8631 1.2762 2.3021
1.9148 1.2593 2.3008
1.9666 1.2441 2.3004
2.0183 1.2309 2.3003
2.0701 1.2188 2.3002
2.1218 1.2077 2.3008
2.1736 1.1984 2.3021
2.2254 1.1905 2.3032
2.2771 1.1833 2.3048
2.3289 1.1776 2.3072
2.3806 1.1736 2.3095
2.4324 1.1702 2.3119
2.4841 1.1680 2.3152
2.5359 1.1675 2.3187
2.5876 1.1680 2.3221
2.6394 1.1694 2.3262
2.6911 1.1726 2.3309
2.7429 1.1774 2.3354
2.7946 1.1831 2.3402
2.8464 1.1905 2.3456
2.8981 1.2000 2.3509
2.9499 1.2106 2.3560
3.0016 1.2229 2.3618
3.0534 1.2377 2.3677
3.1051 1.2544 2.3731
3.1569 1.2731 2.3790
3.2087 1.2950 2.3851
3.2604 1.3201 2.3904
3.3122 1.3485 2.3953
3.3639 1.3814 2.3997
3.4157 1.4195 2.4022
3.4674 1.4633 2.4020
3.5192 1.5144 2.3978
3.5709 1.5739 2.3864
3.6227 1.6416 2.3626
3.6744 1.7144 2.3199
3.7262 1.7825 2.2521
3.7779 1.8304 2.1615
3.8297 1.8462 2.0633
3.8814 1.8333 1.9785
3.9332 1.8092 1.9190
3.9849 1.7936 1.8810
4.0367 1.7979 1.8488
4.0884 1.8206 1.8031
4.1402 1.8465 1.7286
4.1919 1.8508 1.6237
4.2437 1.8125 1.5071
4.2955 1.7298 1.4080
4.3472 1.6209 1.3468
4.3990 1.5085 1.3264
4.4507 1.4072 1.3384
4.5025 1.3229 1.3730
4.5542 1.2567 1.4237
4.6060 1.2099 1.4867
4.6577 1.1855 1.5593
4.7095 1.1883 1.6357
4.7612 1.2216 1.7050
4.8130 1.2807 1.7527
4.8647 1.3508 1.7690
4.9165 1.4140 1.7566
4.9682 1.4601 1.7281
5.0200 1.4899 1.6966
5.0717 1.5095 1.6689
5.1235 1.5249 1.6468
5.1752 1.5404 1.6297
5.2270 1.5588 1.6161
5.2787 1.5823 1.6043
5.3305 1.6125 1.5924
5.3823 1.6514 1.5779
5.4340 1.7005 1.5567
5.4858 1.7604 1.5224
5.5375 1.8272 1.4666
5.5893 1.8901 1.3818
5.6410 1.9319 1.2692
5.6928 1.9389 1.1433
5.7445 1.9109 1.0249
5.7963 1.8617 0.9277
5.8480 1.8076 0.8520
5.8998 1.7582 0.7890
5.9515 1.7144 0.7282
6.0033 1.6702 0.6623
6.0550 1.6157 0.5911
6.1068 1.5439 0.5226
6.1585 1.4564 0.4680
6.2103 1.3622 0.4335
6.2620 1.2707 0.4178
6.3138 1.1870 0.4156
6.3655 1.1120 0.4219
6.4173 1.0452 0.4332
6.4691 0.9853 0.4475
6.5208 0.9311 0.4634
6.5726 0.8818 0.4806
6.6243 0.8366 0.4986
6.6761 0.7951 0.5169
6.7278 0.7567 0.5356
6.7796 0.7210 0.5544
6.8313 0.6879 0.5733
6.8831 0.6572 0.5921
6.9348 0.6284 0.6108
6.9866 0.6015 0.6294
7.0383 0.5764 0.6478
7.0901 0.5528 0.6659
7.1418 0.5305 0.6837
7.1936 0.5095 0.7013
7.2453 0.4896 0.7187
7.2971 0.4708 0.7358
7.3488 0.4530 0.7528
7.4006 0.4361 0.7695
7.4523 0.4201 0.7861
7.5041 0.4049 0.8024
7.5559 0.3905 0.8186
7.6076 0.3768 0.8346
7.6594 0.3639 0.8504
7.7111 0.3516 0.8661
7.7629 0.3400 0.8816
7.8146 0.3290 0.8969
7.8664 0.3187 0.9120
7.9181 0.3090 0.9268
7.9699 0.2998 0.9414
8.0216 0.2912 0.9557
8.0734 0.2831 0.9696
8.1251 0.2753 0.9831
8.1769 0.2676 0.9963
8.2286 0.2601 1.0094
8.2804 0.2528 1.0223
8.3321 0.2456 1.0353
8.3839 0.2387 1.0482
8.4356 0.2321 1.0610
8.4874 0.2258 1.0739
8.5392 0.2197 1.0866
8.5909 0.2138 1.0994
8.6427 0.2082 1.1121
8.6944 0.2028 1.1248
8.7462 0.1976 1.1375
8.7979 0.1926 1.1501
8.8497 0.1879 1.1628
8.9014 0.1834 1.1754
8.9532 0.1790 1.1881
9.0049 0.1749 1.2008
9.0567 0.1710 1.2135
9.1084 0.1672 1.2263
9.1602 0.1637 1.2391
9.2119 0.1604 1.2520
9.2637 0.1573 1.2649
9.3154 0.1545 1.2779
9.3672 0.1519 1.2908
9.4189 0.1494 1.3037
9.4707 0.1469 1.3167
9.5224 0.1446 1.3298
9.5742 0.1423 1.3431
9.6260 0.1402 1.3566
9.6777 0.1384 1.3703
9.7295 0.1368 1.3843
9.7812 0.1355 1.3984
9.8330 0.1343 1.4127
9.8847 0.1335 1.4273
9.9365 0.1329 1.4421
9.9882 0.1326 1.4573
10.0400 0.1329 1.4726
10.0917 0.1338 1.4881
10.1435 0.1350 1.5035
10.1952 0.1366 1.5187
10.2470 0.1383 1.5339
10.2987 0.1400 1.5490
10.3505 0.1417 1.5644
10.4022 0.1434 1.5800
10.4540 0.1452 1.5959
10.5057 0.1469 1.6123
10.5575 0.1487 1.6292
10.6092 0.1506 1.6468
10.6610 0.1529 1.6653
10.7128 0.1557 1.6843
10.7645 0.1589 1.7036
10.8163 0.1619 1.7229
10.8680 0.1636 1.7431
10.9198 0.1638 1.7656
10.9715 0.1635 1.7925
11.0233 0.1647 1.8245
11.0750 0.1694 1.8616
11.1268 0.1793 1.9035
11.1785 0.1968 1.9496
11.2303 0.2250 1.9986
11.2820 0.2674 2.0460
11.3338 0.3245 2.0839
11.3855 0.3907 2.1045
11.4373 0.4556 2.1055
11.4890 0.5104 2.0918
11.5408 0.5518 2.0713
11.5925 0.5815 2.0507
11.6443 0.6030 2.0334
11.6960 0.6199 2.0205
11.7478 0.6347 2.0114
11.7996 0.6487 2.0049
11.8513 0.6620 2.0002
11.9031 0.6747 1.9969
11.9548 0.6867 1.9954
12.0066 0.6987 1.9956
12.0583 0.7111 1.9973
12.1101 0.7242 1.9998
12.1618 0.7376 2.0029
12.2136 0.7510 2.0063
12.2653 0.7641 2.0107
12.3171 0.7771 2.0166
12.3688 0.7905 2.0240
12.4206 0.8049 2.0332
12.4723 0.8207 2.0437
12.5241 0.8381 2.0551
12.5758 0.8571 2.0670
12.6276 0.8768 2.0792
12.6793 0.8968 2.0922
12.7311 0.9170 2.1074
12.7828 0.9383 2.1260
12.8346 0.9623 2.1488
12.8864 0.9909 2.1758
12.9381 1.0259 2.2066
12.9899 1.0694 2.2405
13.0416 1.1239 2.2759
13.0934 1.1921 2.3100
13.1451 1.2760 2.3377
13.1969 1.3748 2.3518
13.2486 1.4827 2.3452
13.3004 1.5897 2.3159
13.3521 1.6868 2.2692
13.4039 1.7719 2.2140
13.4556 1.8493 2.1566
13.5074 1.9255 2.0976
13.5591 2.0055 2.0325
13.6109 2.0900 1.9526
13.6626 2.1720 1.8482
13.7144 2.2354 1.7158
13.7661 2.2624 1.5655
13.8179 2.2465 1.4196
13.8697 2.1982 1.2989
13.9214 2.1370 1.2106
13.9732 2.0785 1.1495
14.0249 2.0300 1.1061
14.0767 1.9930 1.0724
14.1284 1.9664 1.0429
14.1802 1.9491 1.0136
14.2319 1.9394 0.9808
14.2837 1.9339 0.9407
14.3354 1.9269 0.8914
14.3872 1.9119 0.8352
14.4389 1.8852 0.7787
14.4907 1.8490 0.7287
14.5424 1.8088 0.6880
14.5942 1.7692 0.6551
14.6459 1.7318 0.6274
14.6977 1.6966 0.6028
14.7494 1.6628 0.5804
14.8012 1.6301 0.5600
14.8529 1.5979 0.5415
14.9047 1.5664 0.5255
14.9565 1.5365 0.5121
15.0082 1.5087 0.5007
15.0600 1.4837 0.4901
15.1117 1.4609 0.4789
15.1635 1.4385 0.4669
15.2152 1.4161 0.4550
15.2670 1.3940 0.4437
15.3187 1.3724 0.4330
15.3705 1.3519 0.4227
15.4222 1.3326 0.4117
15.4740 1.3130 0.3991
15.5257 1.2917 0.3860
15.5775 1.2689 0.3736
15.6292 1.2449 0.3624
15.6810 1.2201 0.3531
15.7327 1.1954 0.3459
15.7845 1.1718 0.3402
15.8362 1.1487 0.3349
15.8880 1.1256 0.3306
15.9397 1.1030 0.3276
15.9915 1.0812 0.3255
16.0433 1.0599 0.3239
16.0950 1.0388 0.3235
16.1468 1.0189 0.3242
16.1985 1.0001 0.3252
16.2503 0.9815 0.3266
16.3020 0.9634 0.3294
16.3538 0.9472 0.3337
16.4055 0.9338 0.3379
16.4573 0.9221 0.3406
16.5090 0.9111 0.3419
16.5608 0.9002 0.3418
16.6125 0.8886 0.3405
16.6643 0.8754 0.3391
16.7160 0.8612 0.3393
16.7678 0.8482 0.3414
16.8195 0.8374 0.3436
16.8713 0.8279 0.3445
16.9230 0.8185 0.3441
16.9748 0.8090 0.3428
17.0265 0.7990 0.3404
17.0783 0.7876 0.3370
17.1301 0.7741 0.3341
17.1818 0.7596 0.3333
17.2336 0.7459 0.3342
17.2853 0.7333 0.3353
17.3371 0.7206 0.3363
17.3888 0.7078 0.3379
17.4406 0.6956 0.3405
17.4923 0.6845 0.3432
17.5441 0.6737 0.3452
17.5958 0.6624 0.3473
17.6476 0.6512 0.3504
17.6993 0.6411 0.3538
17.7511 0.6316 0.3565
17.8028 0.6215 0.3587
17.8546 0.6108 0.3616
17.9063 0.6006 0.3658
17.9581 0.5917 0.3701
18.0098 0.5834 0.3738
18.0616 0.5746 0.3771
18.1133 0.5656 0.3811
18.1651 0.5574 0.3860
18.2169 0.5503 0.3906
18.2686 0.5434 0.3948
18.3204 0.5365 0.3992
18.3721 0.5304 0.4041
18.4239 0.5256 0.4085
18.4756 0.5214 0.4116
18.5274 0.5167 0.4135
18.5791 0.5110 0.4153
18.6309 0.5050 0.4176
18.6826 0.4993 0.4201
18.7344 0.4937 0.4223
18.7861 0.4876 0.4246
18.8379 0.4815 0.4277
18.8896 0.4764 0.4312
18.9414 0.4722 0.4341
18.9931 0.4679 0.4360
19.0449 0.4630 0.4377
19.0966 0.4580 0.4398
19.1484 0.4534 0.4419
19.2001 0.4489 0.4434
19.2519 0.4438 0.4446
19.3037 0.4382 0.4462
19.3554 0.4326 0.4485
19.4072 0.4275 0.4512
19.4589 0.4229 0.4536
19.5107 0.4184 0.4559
19.5624 0.4138 0.4582
19.6142 0.4096 0.4606
19.6659 0.4058 0.4627
19.7177 0.4021 0.4644
19.7694 0.3981 0.4656
19.8212 0.3937 0.4668
19.8729 0.3892 0.4682
19.9247 0.3847 0.4695
19.9764 0.3800 0.4708
20.0282 0.3748 0.4722
20.0799 0.3695 0.4741
20.1317 0.3644 0.4767
20.1834 0.3598 0.4794
20.2352 0.3555 0.4821
20.2870 0.3515 0.4848
20.3387 0.3477 0.4875
20.3905 0.3441 0.4900
20.4422 0.3407 0.4924
20.4940 0.3375 0.4947
20.5457 0.3343 0.4967
20.5975 0.3311 0.4984
20.6492 0.3277 0.5000
20.7010 0.3241 0.5017
20.7527 0.3204 0.5033
20.8045 0.3165 0.5052
20.8562 0.3126 0.5076
20.9080 0.3091 0.5105
20.9597 0.3065 0.5135
21.0115 0.3045 0.5159
21.0632 0.3028 0.5175
21.1150 0.3008 0.5185
21.1667 0.2985 0.5192
21.2185 0.2958 0.5197
21.2702 0.2927 0.5201
21.3220 0.2892 0.5206
21.3738 0.2855 0.5215
21.4255 0.2819 0.5227
21.4773 0.2785 0.5238
21.5290 0.2751 0.5247
21.5808 0.2713 0.5255
21.6325 0.2674 0.5266
21.6843 0.2634 0.5278
21.7360 0.2593 0.5291
21.7878 0.2549 0.5306
21.8395 0.2506 0.5325
21.8913 0.2464 0.5348
21.9430 0.2424 0.5373
21.9948 0.2387 0.5400
22.0465 0.2352 0.5428
22.0983 0.2320 0.5457
22.1500 0.2291 0.5486
22.2018 0.2266 0.5514
22.2535 0.2244 0.5539
22.3053 0.2221 0.5561
22.3570 0.2197 0.5582
22.4088 0.2174 0.5602
22.4606 0.2152 0.5621
22.5123 0.2129 0.5637
22.5641 0.2103 0.5652
22.6158 0.2075 0.5669
22.6676 0.2046 0.5688
22.7193 0.2017 0.5708
22.7711 0.1988 0.5729
22.8228 0.1959 0.5754
22.8746 0.1933 0.5782
22.9263 0.1912 0.5809
22.9781 0.1894 0.5834
23.0298 0.1877 0.5857
23.0816 0.1859 0.5877
23.1333 0.1841 0.5896
23.1851 0.1821 0.5914
23.2368 0.1800 0.5932
23.2886 0.1777 0.5954
23.3403 0.1755 0.5978
23.3921 0.1738 0.6005
23.4438 0.1724 0.6030
23.4956 0.1713 0.6054
23.5474 0.1704 0.6075
23.5991 0.1697 0.6094
23.6509 0.1692 0.6110
23.7026 0.1687 0.6119
23.7544 0.1678 0.6122
23.8061 0.1662 0.6123
23.8579 0.1639 0.6127
23.9096 0.1612 0.6135
23.9614 0.1585 0.6147
24.0131 0.1558 0.6164
24.0649 0.1531 0.6184
24.1166 0.1507 0.6208
24.1684 0.1486 0.6235
24.2201 0.1471 0.6263
24.2719 0.1461 0.6290
24.3236 0.1455 0.6315
24.3754 0.1452 0.6336
24.4271 0.1450 0.6351
24.4789 0.1445 0.6363
24.5306 0.1438 0.6373
24.5824 0.1430 0.6385
24.6342 0.1422 0.6396
24.6859 0.1415 0.6406
24.7377 0.1406 0.6414
24.7894 0.1397 0.6424
24.8412 0.1388 0.6434
24.8929 0.1382 0.6444
24.9447 0.1377 0.6452
24.9964 0.1375 0.6458
25.0482 0.1374 0.6461
25.0999 0.1375 0.6458
25.1517 0.1375 0.6447
25.2034 0.1368 0.6427
25.2552 0.1351 0.6402
25.3069 0.1321 0.6378
25.3587 0.1281 0.6360
25.4104 0.1234 0.6349
25.4622 0.1181 0.6348
25.5139 0.1127 0.6358
25.5657 0.1076 0.6380
25.6175 0.1033 0.6408
25.6692 0.0998 0.6440
25.7210 0.0969 0.6472
25.7727 0.0944 0.6504
25.8245 0.0925 0.6535
25.8762 0.0909 0.6562
25.9280 0.0895 0.6586
25.9797 0.0881 0.6608
26.0315 0.0866 0.6627
26.0832 0.0849 0.6644
26.1350 0.0829 0.6662
26.1867 0.0808 0.6684
26.2385 0.0787 0.6709
26.2902 0.0771 0.6736
26.3420 0.0757 0.6764
26.3937 0.0747 0.6791
26.4455 0.0740 0.6817
26.4972 0.0735 0.6838
26.5490 0.0729 0.6856
26.6007 0.0721 0.6872
26.6525 0.0710 0.6887
26.7043 0.0697 0.6905
26.7560 0.0684 0.6925
26.8078 0.0671 0.6947
26.8595 0.0662 0.6972
26.9113 0.0657 0.6997
26.9630 0.0655 0.7020
27.0148 0.0655 0.7040
27.0665 0.0656 0.7056
27.1183 0.0656 0.7069
27.1700 0.0654 0.7079
27.2218 0.0649 0.7089
27.2735 0.0641 0.7100
27.3253 0.0633 0.7113
27.3770 0.0625 0.7129
27.4288 0.0620 0.7146
27.4805 0.0618 0.7163
27.5323 0.0619 0.7177
27.5840 0.0622 0.7188
27.6358 0.0624 0.7195
27.6875 0.0625 0.7197
27.7393 0.0621 0.7197
27.7911 0.0613 0.7195
27.8428 0.0602 0.7195
27.8946 0.0587 0.7197
27.9463 0.0570 0.7200
27.9981 0.0551 0.7207
28.0498 0.0532 0.7217
28.1016 0.0513 0.7231
28.1533 0.0497 0.7246
28.2051 0.0482 0.7263
28.2568 0.0469 0.7279
28.3086 0.0456 0.7296
28.3603 0.0443 0.7314
28.4121 0.0431 0.7333
28.4638 0.0421 0.7354
28.5156 0.0413 0.7375
28.5673 0.0408 0.7397
28.6191 0.0407 0.7419
28.6708 0.0408 0.7438
28.7226 0.0412 0.7455
28.7743 0.0416 0.7467
28.8261 0.0419 0.7476
28.8779 0.0421 0.7482
28.9296 0.0420 0.7487
28.9814 0.0418 0.7491
29.0331 0.0414 0.7495
29.0849 0.0409 0.7497
29.1366 0.0402 0.7499
29.1884 0.0391 0.7501
29.2401 0.0377 0.7504
29.2919 0.0362 0.7511
29.3436 0.0346 0.7522
29.3954 0.0333 0.7534
29.4471 0.0322 0.7546
29.4989 0.0311 0.7558
29.5506 0.0298 0.7570
29.6024 0.0284 0.7584
29.6541 0.0271 0.7601
29.7059 0.0261 0.7620
29.7576 0.0254 0.7639
29.8094 0.0249 0.7656
29.8611 0.0244 0.7672
29.9129 0.0239 0.7687
29.9647 0.0233 0.7702
30.0164 0.0228 0.7718
30.0682 0.0224 0.7734
30.1199 0.0222 0.7750
30.1717 0.0221 0.7765
30.2234 0.0221 0.7779
30.2752 0.0220 0.7790
30.3269 0.0218 0.7801
30.3787 0.0215 0.7811
30.4304 0.0211 0.7823
30.4822 0.0207 0.7836
30.5339 0.0205 0.7849
30.5857 0.0204 0.7862
30.6374 0.0204 0.7874
30.6892 0.0204 0.7884
30.7409 0.0204 0.7894
30.7927 0.0203 0.7903
30.8444 0.0202 0.7911
30.8962 0.0200 0.7919
30.9480 0.0199 0.7928
30.9997 0.0196 0.7935
31.0515 0.0194 0.7942
31.1032 0.0190 0.7949
31.1550 0.0185 0.7957
31.2067 0.0180 0.7966
31.2585 0.0175 0.7975
31.3102 0.0171 0.7986
31.3620 0.0168 0.7996
31.4137 0.0165 0.8005
31.4655 0.0162 0.8015
31.5172 0.0159 0.8024
31.5690 0.0157 0.8033
31.6207 0.0154 0.8041
31.6725 0.0150 0.8049
31.7242 0.0146 0.8057
31.7760 0.0141 0.8065
31.8277 0.0135 0.8075
31.8795 0.0130 0.8085
31.9312 0.0125 0.8097
31.9830 0.0121 0.8109
32.0348 0.0119 0.8122
32.0865 0.0118 0.8134
32.1383 0.0118 0.8145
32.1900 0.0118 0.8154
32.2418 0.0117 0.8163
32.2935 0.0116 0.8172
32.3453 0.0114 0.8181
32.3970 0.0113 0.8190
32.4488 0.0111 0.8199
32.5005 0.0110 0.8208
32.5523 0.0109 0.8217
32.6040 0.0108 0.8226
32.6558 0.0106 0.8235
32.7075 0.0105 0.8243
32.7593 0.0103 0.8252
32.8110 0.0102 0.8262
32.8628 0.0101 0.8271
32.9145 0.0100 0.8281
32.9663 0.0100 0.8291
33.0180 0.0100 0.8301
33.0698 0.0101 0.8311
33.1216 0.0104 0.8320
33.1733 0.0107 0.8328
33.2251 0.0110 0.8334
33.2768 0.0112 0.8338
33.3286 0.0112 0.8343
33.3803 0.0112 0.8348
33.4321 0.0111 0.8353
33.4838 0.0110 0.8359
33.5356 0.0109 0.8365
33.5873 0.0108 0.8371
33.6391 0.0107 0.8377
33.6908 0.0106 0.8384
33.7426 0.0106 0.8392
33.7943 0.0106 0.8399
33.8461 0.0107 0.8405
33.8978 0.0108 0.8410
33.9496 0.0109 0.8415
34.0013 0.0109 0.8419
34.0531 0.0108 0.8424
34.1048 0.0108 0.8428
34.1566 0.0107 0.8432
34.2084 0.0105 0.8436
34.2601 0.0103 0.8441
34.3119 0.0102 0.8446
34.3636 0.0100 0.8452
34.4154 0.0099 0.8457
34.4671 0.0098 0.8462
34.5189 0.0096 0.8467
34.5706 0.0095 0.8471
34.6224 0.0093 0.8476
34.6741 0.0090 0.8482
34.7259 0.0088 0.8487
34.7776 0.0087 0.8494
34.8294 0.0085 0.8500
34.8811 0.0085 0.8506
34.9329 0.0085 0.8512
34.9846 0.0086 0.8517
35.0364 0.0086 0.8521
35.0881 0.0086 0.8524
35.1399 0.0085 0.8526
35.1916 0.0083 0.8529
35.2434 0.0079 0.8532
35.2952 0.0076 0.8536
35.3469 0.0073 0.8541
35.3987 0.0069 0.8546
35.4504 0.0065 0.8552
35.5022 0.0062 0.8558
35.5539 0.0059 0.8565
35.6057 0.0057 0.8572
35.6574 0.0056 0.8579
35.7092 0.0056 0.8586
35.7609 0.0055 0.8592
35.8127 0.0055 0.8597
35.8644 0.0055 0.8602
35.9162 0.0055 0.8606
35.9679 0.0054 0.8610
36.0197 0.0053 0.8614
36.0714 0.0051 0.8618
36.1232 0.0049 0.8622
36.1749 0.0047 0.8627
36.2267 0.0045 0.8631
36.2785 0.0042 0.8636
36.3302 0.0039 0.8640
36.3820 0.0036 0.8646
36.4337 0.0033 0.8652
36.4855 0.0031 0.8658
36.5372 0.0028 0.8665
36.5890 0.0027 0.8672
36.6407 0.0026 0.8678
36.6925 0.0025 0.8684
36.7442 0.0024 0.8690
36.7960 0.0024 0.8696
36.8477 0.0023 0.8702
36.8995 0.0022 0.8708
36.9512 0.0022 0.8713
37.0030 0.0021 0.8719
37.0547 0.0021 0.8724
37.1065 0.0020 0.8730
37.1582 0.0020 0.8735
37.2100 0.0019 0.8741
37.2617 0.0019 0.8746
37.3135 0.0019 0.8752
37.3653 0.0020 0.8757
37.4170 0.0020 0.8762
37.4688 0.0021 0.8766
37.5205 0.0022 0.8770
37.5723 0.0022 0.8774
37.6240 0.0022 0.8777
37.6758 0.0021 0.8780
37.7275 0.0019 0.8784
37.7793 0.0018 0.8788
37.8310 0.0016 0.8792
37.8828 0.0014 0.8797
37.9345 0.0013 0.8802
37.9863 0.0012 0.8808
38.0380 0.0011 0.8813
38.0898 0.0011 0.8818
38.1415 0.0011 0.8823
38.1933 0.0010 0.8828
38.2450 0.0010 0.8833
38.2968 0.0010 0.8837
38.3485 0.0010 0.8842
38.4003 0.0010 0.8847
38.4521 0.0010 0.8851
38.5038 0.0009 0.8855
38.5556 0.0009 0.8860
38.6073 0.0009 0.8864
38.6591 0.0009 0.8868
38.7108 0.0009 0.8873
38.7626 0.0009 0.8877
38.8143 0.0009 0.8881
38.8661 0.0009 0.8885
38.9178 0.0009 0.8889
38.9696 0.0009 0.8893
39.0213 0.0009 0.8897
39.0731 0.0009 0.8901
39.1248 0.0009 0.8905
39.1766 0.0009 0.8909
39.2283 0.0009 0.8913
39.2801 0.0009 0.8917
39.3318 0.0009 0.8921
39.3836 0.0009 0.8924
39.4353 0.0009 0.8928
39.4871 0.0009 0.8932
39.5389 0.0009 0.8936
39.5906 0.0009 0.8939
39.6424 0.0009 0.8943
39.6941 0.0009 0.8947
39.7459 0.0009 0.8950
39.7976 0.0009 0.8954
39.8494 0.0009 0.8957
39.9011 0.0009 0.8961
39.9529 0.0009 0.8964
40.0046 0.0009 0.8968
40.0564 0.0009 0.8971
40.1081 0.0009 0.8975
40.1599 0.0009 0.8978
40.2116 0.0009 0.8981
40.2634 0.0010 0.8985
40.3151 0.0010 0.8988
40.3669 0.0010 0.8991
40.4186 0.0010 0.8994
40.4704 0.0010 0.8998
40.5221 0.0010 0.9001
40.5739 0.0010 0.9004
40.6257 0.0010 0.9007
40.6774 0.0010 0.9010
40.7292 0.0010 0.9013
40.7809 0.0010 0.9015
40.8327 0.0010 0.9018
40.8844 0.0010 0.9021
40.9362 0.0009 0.9024
40.9879 0.0009 0.9027
41.0397 0.0008 0.9030
41.0914 0.0008 0.9033
41.1432 0.0008 0.9036
41.1949 0.0007 0.9039
41.2467 0.0007 0.9042
41.2984 0.0007 0.9045
41.3502 0.0007 0.9049
41.4019 0.0007 0.9052
41.4537 0.0007 0.9055
41.5054 0.0006 0.9058
41.5572 0.0006 0.9061
41.6090 0.0006 0.9064
41.6607 0.0006 0.9067
41.7125 0.0006 0.9070
41.7642 0.0006 0.9073
41.8160 0.0006 0.9076
41.8677 0.0006 0.9079
41.9195 0.0006 0.9082
41.9712 0.0006 0.9085
42.0230 0.0007 0.9088
42.0747 0.0007 0.9091
42.1265 0.0007 0.9094
42.1782 0.0007 0.9097
42.2300 0.0008 0.9100
42.2817 0.0008 0.9103
42.3335 0.0009 0.9105
42.3852 0.0009 0.9108
42.4370 0.0010 0.9110
42.4887 0.0011 0.9112
42.5405 0.0011 0.9113
42.5922 0.0011 0.9115
42.6440 0.0010 0.9116
42.6958 0.0009 0.9118
42.7475 0.0008 0.9120
42.7993 0.0007 0.9123
42.8510 0.0006 0.9126
42.9028 0.0006 0.9129
42.9545 0.0006 0.9132
43.0063 0.0005 0.9135
43.0580 0.0005 0.9137
43.1098 0.0005 0.9140
43.1615 0.0005 0.9143
43.2133 0.0005 0.9145
43.2650 0.0005 0.9148
43.3168 0.0005 0.9151
43.3685 0.0005 0.9153
43.4203 0.0005 0.9156
43.4720 0.0005 0.9158
43.5238 0.0005 0.9161
43.5755 0.0005 0.9163
43.6273 0.0005 0.9166
43.6790 0.0005 0.9168
43.7308 0.0005 0.9170
43.7826 0.0005 0.9173
43.8343 0.0005 0.9175
43.8861 0.0005 0.9178
43.9378 0.0005 0.9180
43.9896 0.0005 0.9182
44.0413 0.0004 0.9185
44.0931 0.0004 0.9187
44.1448 0.0004 0.9189
44.1966 0.0004 0.9192
44.2483 0.0004 0.9194
44.3001 0.0004 0.9196
44.3518 0.0004 0.9198
44.4036 0.0004 0.9201
44.4553 0.0004 0.9203
44.5071 0.0004 0.9205
44.5588 0.0004 0.9207
44.6106 0.0004 0.9209
44.6623 0.0004 0.9212
44.7141 0.0004 0.9214
44.7658 0.0004 0.9216
44.8176 0.0004 0.9218
44.8694 0.0004 0.9220
44.9211 0.0004 0.9222
44.9729 0.0004 0.9225
45.0246 0.0004 0.9227
45.0764 0.0004 0.9229
45.1281 0.0004 0.9231
45.1799 0.0004 0.9233
45.2316 0.0004 0.9235
45.2834 0.0004 0.9237
45.3351 0.0004 0.9239
45.3869 0.0004 0.9241
45.4386 0.0004 0.9243
45.4904 0.0004 0.9245
45.5421 0.0004 0.9247
45.5939 0.0004 0.9249
45.6456 0.0004 0.9251
45.6974 0.0004 0.9253
45.7491 0.0004 0.9255
45.8009 0.0004 0.9257
45.8526 0.0004 0.9259
45.9044 0.0004 0.9261
45.9562 0.0004 0.9263
46.0079 0.0004 0.9265
46.0597 0.0004 0.9267
46.1114 0.0004 0.9269
46.1632 0.0004 0.9271
46.2149 0.0004 0.9273
46.2667 0.0004 0.9275
46.3184 0.0004 0.9277
46.3702 0.0004 0.9279
46.4219 0.0004 0.9281
46.4737 0.0004 0.9282
46.5254 0.0004 0.9284
46.5772 0.0004 0.9286
46.6289 0.0004 0.9288
46.6807 0.0004 0.9290
46.7324 0.0004 0.9292
46.7842 0.0004 0.9294
46.8359 0.0004 0.9295
46.8877 0.0003 0.9297
46.9394 0.0003 0.9299
46.9912 0.0003 0.9301
47.0430 0.0003 0.9303
47.0947 0.0003 0.9304
47.1465 0.0003 0.9306
47.1982 0.0003 0.9308
47.2500 0.0003 0.9310
47.3017 0.0003 0.9311
47.3535 0.0003 0.9313
47.4052 0.0003 0.9315
47.4570 0.0003 0.9317
47.5087 0.0003 0.9318
47.5605 0.0003 0.9320
47.6122 0.0003 0.9322
47.6640 0.0003 0.9323
47.7157 0.0003 0.9325
47.7675 0.0003 0.9327
47.8192 0.0003 0.9329
47.8710 0.0003 0.9330
47.9227 0.0003 0.9332
47.9745 0.0003 0.9334
48.0263 0.0003 0.9335
48.0780 0.0003 0.9337
48.1298 0.0003 0.9338
48.1815 0.0003 0.9340
48.2333 0.0003 0.9342
48.2850 0.0003 0.9343
48.3368 0.0003 0.9345
48.3885 0.0003 0.9347
48.4403 0.0003 0.9348
48.4920 0.0003 0.9350
48.5438 0.0003 0.9351
48.5955 0.0003 0.9353
48.6473 0.0003 0.9355
48.6990 0.0003 0.9356
48.7508 0.0003 0.9358
48.8025 0.0003 0.9359
48.8543 0.0003 0.9361
48.9060 0.0003 0.9362
48.9578 0.0003 0.9364
49.0095 0.0003 0.9365
49.0613 0.0003 0.9367
49.1131 0.0003 0.9368
49.1648 0.0003 0.9370
49.2166 0.0003 0.9371
49.2683 0.0003 0.9373
49.3201 0.0003 0.9375
49.3718 0.0003 0.9376
49.4236 0.0003 0.9377
49.4753 0.0003 0.9379
49.5271 0.0003 0.9380
49.5788 0.0003 0.9382
49.6306 0.0003 0.9383
49.6823 0.0003 0.9385
49.7341 0.0003 0.9386
49.7858 0.0003 0.9388
49.8376 0.0003 0.9389
49.8893 0.0003 0.9391
49.9411 0.0003 0.9392
49.9928 0.0003 0.9394
50.0446 0.0003 0.9395
50.0963 0.0003 0.9396
50.1481 0.0003 0.9398
50.1999 0.0003 0.9399
50.2516 0.0003 0.9401
50.3034 0.0003 0.9402
50.3551 0.0003 0.9403
50.4069 0.0003 0.9405
50.4586 0.0003 0.9406
50.5104 0.0003 0.9408
50.5621 0.0003 0.9409
50.6139 0.0003 0.9410
50.6656 0.0003 0.9412
50.7174 0.0003 0.9413
50.7691 0.0003 0.9414
50.8209 0.0003 0.9416
50.8726 0.0003 0.9417
50.9244 0.0003 0.9418
50.9761 0.0003 0.9420
51.0279 0.0003 0.9421
51.0796 0.0003 0.9422
51.1314 0.0003 0.9424
51.1831 0.0003 0.9425
51.2349 0.0003 0.9426
51.2867 0.0003 0.9428
51.3384 0.0003 0.9429
51.3902 0.0002 0.9430
51.4419 0.0002 0.9431
51.4937 0.0002 0.9433
51.5454 0.0002 0.9434
51.5972 0.0002 0.9435
51.6489 0.0002 0.9437
51.7007 0.0002 0.9438
