0.0000 0.0000 19.8376
0.0258 3.7103 19.1410
0.0517 6.7929 17.2310
0.0775 8.8256 14.5728
0.1034 9.7007 11.7386
0.1292 9.5988 9.2156
0.1550 8.8669 7.2882
0.1809 7.8746 6.0212
0.2067 6.9125 5.3176
0.2325 6.1517 5.0015
0.2584 5.6520 4.8867
0.2842 5.3910 4.8186
0.3101 5.2970 4.6929
0.3359 5.2772 4.4603
0.3617 5.2426 4.1234
0.3876 5.1283 3.7246
0.4134 4.9069 3.3276
0.4392 4.5902 2.9949
0.4651 4.2200 2.7683
0.4909 3.8504 2.6592
0.5168 3.5298 2.6501
0.5426 3.2882 2.7045
0.5684 3.1332 2.7800
0.5943 3.0527 2.8401
0.6201 3.0220 2.8611
0.6459 3.0124 2.8342
0.6718 2.9979 2.7640
0.6976 2.9597 2.6646
0.7235 2.8885 2.5545
0.7493 2.7843 2.4529
0.7751 2.6556 2.3755
0.8010 2.5165 2.3319
0.8268 2.3835 2.3233
0.8526 2.2709 2.3429
0.8785 2.1876 2.3779
0.9043 2.1342 2.4138
0.9302 2.1044 2.4386
0.9560 2.0880 2.4463
0.9818 2.0744 2.4367
1.0077 2.0561 2.4144
1.0335 2.0295 2.3856
1.0593 1.9947 2.3558
1.0852 1.9537 2.3289
1.1110 1.9088 2.3067
1.1369 1.8622 2.2898
1.1627 1.8155 2.2782
1.1885 1.7701 2.2717
1.2144 1.7268 2.2698
1.2402 1.6865 2.2722
1.2660 1.6500 2.2786
1.2919 1.6183 2.2885
1.3177 1.5930 2.3010
1.3436 1.5754 2.3141
1.3694 1.5661 2.3249
1.3952 1.5641 2.3296
1.4211 1.5658 2.3249
1.4469 1.5661 2.3096
1.4727 1.5595 2.2856
1.4986 1.5419 2.2577
1.5244 1.5125 2.2325
1.5503 1.4739 2.2160
1.5761 1.4316 2.2120
1.6019 1.3922 2.2209
1.6278 1.3613 2.2399
1.6536 1.3425 2.2640
1.6794 1.3365 2.2872
1.7053 1.3412 2.3039
1.7311 1.3521 2.3104
1.7570 1.3636 2.3055
1.7828 1.3702 2.2909
1.8086 1.3681 2.2707
1.8345 1.3565 2.2503
1.8603 1.3371 2.2341
1.8861 1.3137 2.2249
1.9120 1.2899 2.2226
1.9378 1.2684 2.2259
1.9637 1.2503 2.2329
1.9895 1.2356 2.2422
2.0153 1.2246 2.2532
2.0412 1.2175 2.2652
2.0670 1.2153 2.2772
2.0928 1.2181 2.2873
2.1187 1.2251 2.2931
2.1445 1.2341 2.2928
2.1704 1.2418 2.2860
2.1962 1.2453 2.2738
2.2220 1.2421 2.2592
2.2479 1.2320 2.2457
2.2737 1.2161 2.2366
2.2995 1.1975 2.2341
2.3254 1.1794 2.2387
2.3512 1.1650 2.2492
2.3771 1.1561 2.2633
2.4029 1.1532 2.2783
2.4287 1.1558 2.2920
2.4546 1.1629 2.3028
2.4804 1.1729 2.3094
2.5063 1.1841 2.3112
2.5321 1.1947 2.3080
2.5579 1.2025 2.3006
2.5838 1.2060 2.2904
2.6096 1.2041 2.2798
2.6354 1.1971 2.2711
2.6613 1.1864 2.2668
2.6871 1.1742 2.2681
2.7130 1.1631 2.2753
2.7388 1.1555 2.2873
2.7646 1.1531 2.3024
2.7905 1.1565 2.3183
2.8163 1.1657 2.3328
2.8421 1.1797 2.3437
2.8680 1.1966 2.3494
2.8938 1.2141 2.3491
2.9197 1.2295 2.3432
2.9455 1.2403 2.3332
2.9713 1.2451 2.3217
2.9972 1.2439 2.3118
3.0230 1.2381 2.3063
3.0488 1.2300 2.3067
3.0747 1.2224 2.3138
3.1005 1.2183 2.3269
3.1264 1.2199 2.3444
3.1522 1.2289 2.3637
3.1780 1.2459 2.3816
3.2039 1.2696 2.3947
3.2297 1.2974 2.4003
3.2555 1.3253 2.3973
3.2814 1.3492 2.3867
3.3072 1.3659 2.3716
3.3331 1.3740 2.3565
3.3589 1.3747 2.3458
3.3847 1.3713 2.3431
3.4106 1.3684 2.3498
3.4364 1.3707 2.3649
3.4622 1.3820 2.3854
3.4881 1.4043 2.4066
3.5139 1.4369 2.4234
3.5398 1.4765 2.4317
3.5656 1.5184 2.4299
3.5914 1.5577 2.4189
3.6173 1.5910 2.4023
3.6431 1.6175 2.3850
3.6689 1.6395 2.3710
3.6948 1.6609 2.3623
3.7206 1.6861 2.3584
3.7465 1.7183 2.3566
3.7723 1.7588 2.3530
3.7981 1.8069 2.3442
3.8240 1.8612 2.3275
3.8498 1.9196 2.3008
3.8756 1.9799 2.2628
3.9015 2.0395 2.2122
3.9273 2.0952 2.1483
3.9532 2.1433 2.0715
3.9790 2.1800 1.9832
4.0048 2.2020 1.8867
4.0307 2.2074 1.7859
4.0565 2.1958 1.6853
4.0823 2.1682 1.5891
4.1082 2.1269 1.5004
4.1340 2.0744 1.4215
4.1599 2.0135 1.3536
4.1857 1.9468 1.2972
4.2115 1.8769 1.2525
4.2374 1.8058 1.2188
4.2632 1.7354 1.1954
4.2890 1.6671 1.1810
4.3149 1.6017 1.1744
4.3407 1.5398 1.1743
4.3666 1.4815 1.1799
4.3924 1.4266 1.1904
4.4182 1.3753 1.2054
4.4441 1.3275 1.2245
4.4699 1.2835 1.2477
4.4957 1.2434 1.2746
4.5216 1.2077 1.3050
4.5474 1.1766 1.3385
4.5733 1.1506 1.3748
4.5991 1.1299 1.4133
4.6249 1.1149 1.4536
4.6508 1.1060 1.4952
4.6766 1.1036 1.5373
4.7025 1.1082 1.5791
4.7283 1.1200 1.6193
4.7541 1.1392 1.6565
4.7800 1.1653 1.6888
4.8058 1.1970 1.7145
4.8316 1.2326 1.7322
4.8575 1.2696 1.7413
4.8833 1.3054 1.7420
4.9092 1.3379 1.7358
4.9350 1.3657 1.7246
4.9608 1.3883 1.7104
4.9867 1.4060 1.6953
5.0125 1.4198 1.6805
5.0383 1.4309 1.6669
5.0642 1.4402 1.6544
5.0900 1.4484 1.6430
5.1159 1.4558 1.6324
5.1417 1.4625 1.6224
5.1675 1.4685 1.6132
5.1934 1.4739 1.6050
5.2192 1.4789 1.5981
5.2450 1.4841 1.5927
5.2709 1.4899 1.5890
5.2967 1.4971 1.5868
5.3226 1.5064 1.5858
5.3484 1.5184 1.5852
5.3742 1.5331 1.5840
5.4001 1.5501 1.5812
5.4259 1.5683 1.5767
5.4517 1.5870 1.5710
5.4776 1.6063 1.5653
5.5034 1.6275 1.5603
5.5293 1.6524 1.5557
5.5551 1.6823 1.5498
5.5809 1.7177 1.5403
5.6068 1.7577 1.5251
5.6326 1.8007 1.5024
5.6584 1.8448 1.4716
5.6843 1.8885 1.4327
5.7101 1.9304 1.3854
5.7360 1.9693 1.3298
5.7618 2.0036 1.2657
5.7876 2.0314 1.1932
5.8135 2.0504 1.1130
5.8393 2.0583 1.0269
5.8651 2.0532 0.9372
5.8910 2.0342 0.8474
5.9168 2.0012 0.7609
5.9427 1.9558 0.6813
5.9685 1.9006 0.6113
5.9943 1.8386 0.5523
6.0202 1.7732 0.5047
6.0460 1.7074 0.4677
6.0718 1.6431 0.4395
6.0977 1.5815 0.4184
6.1235 1.5228 0.4028
6.1494 1.4669 0.3914
6.1752 1.4135 0.3836
6.2010 1.3624 0.3792
6.2269 1.3137 0.3778
6.2527 1.2675 0.3793
6.2785 1.2241 0.3831
6.3044 1.1836 0.3887
6.3302 1.1460 0.3956
6.3561 1.1109 0.4032
6.3819 1.0782 0.4112
6.4077 1.0474 0.4193
6.4336 1.0183 0.4275
6.4594 0.9905 0.4355
6.4852 0.9638 0.4434
6.5111 0.9380 0.4514
6.5369 0.9129 0.4594
6.5628 0.8884 0.4677
6.5886 0.8644 0.4765
6.6144 0.8412 0.4860
6.6403 0.8191 0.4962
6.6661 0.7983 0.5069
6.6919 0.7790 0.5177
6.7178 0.7611 0.5283
6.7436 0.7443 0.5382
6.7695 0.7281 0.5473
6.7953 0.7121 0.5558
6.8211 0.6960 0.5640
6.8470 0.6796 0.5721
6.8728 0.6631 0.5808
6.8986 0.6468 0.5902
6.9245 0.6311 0.6005
6.9503 0.6165 0.6115
6.9762 0.6034 0.6227
7.0020 0.5916 0.6335
7.0278 0.5809 0.6435
7.0537 0.5707 0.6524
7.0795 0.5604 0.6603
7.1054 0.5497 0.6676
7.1312 0.5384 0.6748
7.1570 0.5267 0.6824
7.1829 0.5149 0.6904
7.2087 0.5032 0.6992
7.2345 0.4919 0.7085
7.2604 0.4813 0.7183
7.2862 0.4715 0.7284
7.3121 0.4626 0.7385
7.3379 0.4547 0.7483
7.3637 0.4475 0.7575
7.3896 0.4408 0.7659
7.4154 0.4341 0.7736
7.4412 0.4272 0.7806
7.4671 0.4199 0.7872
7.4929 0.4120 0.7938
7.5188 0.4037 0.8007
7.5446 0.3952 0.8080
7.5704 0.3867 0.8159
7.5963 0.3784 0.8244
7.6221 0.3706 0.8334
7.6479 0.3636 0.8428
7.6738 0.3575 0.8523
7.6996 0.3523 0.8616
7.7255 0.3479 0.8702
7.7513 0.3439 0.8779
7.7771 0.3398 0.8846
7.8030 0.3352 0.8906
7.8288 0.3299 0.8963
7.8546 0.3238 0.9023
7.8805 0.3172 0.9089
7.9063 0.3106 0.9163
7.9322 0.3045 0.9244
7.9580 0.2990 0.9329
7.9838 0.2944 0.9415
8.0097 0.2904 0.9498
8.0355 0.2869 0.9577
8.0613 0.2838 0.9651
8.0872 0.2807 0.9720
8.1130 0.2776 0.9784
8.1389 0.2742 0.9845
8.1647 0.2705 0.9903
8.1905 0.2664 0.9962
8.2164 0.2620 1.0024
8.2422 0.2576 1.0089
8.2680 0.2534 1.0158
8.2939 0.2494 1.0230
8.3197 0.2460 1.0302
8.3456 0.2429 1.0373
8.3714 0.2402 1.0442
8.3972 0.2376 1.0507
8.4231 0.2351 1.0568
8.4489 0.2324 1.0626
8.4747 0.2296 1.0683
8.5006 0.2264 1.0738
8.5264 0.2230 1.0794
8.5523 0.2193 1.0853
8.5781 0.2155 1.0915
8.6039 0.2117 1.0982
8.6298 0.2083 1.1052
8.6556 0.2053 1.1124
8.6814 0.2028 1.1197
8.7073 0.2008 1.1268
8.7331 0.1991 1.1335
8.7590 0.1976 1.1398
8.7848 0.1960 1.1455
8.8106 0.1942 1.1510
8.8365 0.1919 1.1562
8.8623 0.1892 1.1616
8.8881 0.1862 1.1672
8.9140 0.1831 1.1732
8.9398 0.1800 1.1797
8.9657 0.1771 1.1865
8.9915 0.1746 1.1936
9.0173 0.1725 1.2007
9.0432 0.1708 1.2079
9.0690 0.1695 1.2148
9.0948 0.1684 1.2215
9.1207 0.1674 1.2278
9.1465 0.1663 1.2337
9.1724 0.1650 1.2393
9.1982 0.1634 1.2449
9.2240 0.1614 1.2506
9.2499 0.1593 1.2566
9.2757 0.1570 1.2629
9.3015 0.1549 1.2696
9.3274 0.1531 1.2766
9.3532 0.1516 1.2837
9.3791 0.1504 1.2908
9.4049 0.1495 1.2978
9.4307 0.1488 1.3046
9.4566 0.1482 1.3113
9.4824 0.1477 1.3177
9.5083 0.1472 1.3239
9.5341 0.1465 1.3299
9.5599 0.1457 1.3359
9.5858 0.1447 1.3419
9.6116 0.1436 1.3481
9.6374 0.1423 1.3544
9.6633 0.1412 1.3610
9.6891 0.1401 1.3677
9.7150 0.1393 1.3745
9.7408 0.1386 1.3813
9.7666 0.1380 1.3880
9.7925 0.1375 1.3945
9.8183 0.1368 1.4010
9.8441 0.1360 1.4075
9.8700 0.1350 1.4142
9.8958 0.1341 1.4210
9.9217 0.1332 1.4281
9.9475 0.1324 1.4354
9.9733 0.1319 1.4427
9.9992 0.1314 1.4501
10.0250 0.1311 1.4574
10.0508 0.1308 1.4646
10.0767 0.1305 1.4718
10.1025 0.1301 1.4791
10.1284 0.1296 1.4865
10.1542 0.1290 1.4940
10.1800 0.1285 1.5017
10.2059 0.1279 1.5097
10.2317 0.1275 1.5179
10.2575 0.1272 1.5263
10.2834 0.1271 1.5349
10.3092 0.1272 1.5435
10.3351 0.1275 1.5523
10.3609 0.1280 1.5610
10.3867 0.1285 1.5697
10.4126 0.1290 1.5784
10.4384 0.1295 1.5873
10.4642 0.1299 1.5964
10.4901 0.1305 1.6056
10.5159 0.1311 1.6152
10.5418 0.1319 1.6250
10.5676 0.1330 1.6351
10.5934 0.1344 1.6453
10.6193 0.1362 1.6555
10.6451 0.1382 1.6658
10.6709 0.1405 1.6758
10.6968 0.1428 1.6858
10.7226 0.1452 1.6955
10.7485 0.1473 1.7051
10.7743 0.1490 1.7147
10.8001 0.1503 1.7246
10.8260 0.1512 1.7350
10.8518 0.1517 1.7461
10.8776 0.1522 1.7582
10.9035 0.1528 1.7714
10.9293 0.1540 1.7855
10.9552 0.1557 1.8004
10.9810 0.1582 1.8161
11.0068 0.1612 1.8324
11.0327 0.1649 1.8494
11.0585 0.1693 1.8672
11.0843 0.1746 1.8861
11.1102 0.1811 1.9060
11.1360 0.1892 1.9270
11.1619 0.1993 1.9489
11.1877 0.2117 1.9714
11.2135 0.2268 1.9943
11.2394 0.2451 2.0170
11.2652 0.2668 2.0389
11.2910 0.2921 2.0589
11.3169 0.3207 2.0761
11.3427 0.3521 2.0892
11.3686 0.3849 2.0976
11.3944 0.4178 2.1008
11.4202 0.4492 2.0992
11.4461 0.4779 2.0935
11.4719 0.5032 2.0850
11.4977 0.5248 2.0750
11.5236 0.5429 2.0643
11.5494 0.5581 2.0540
11.5753 0.5708 2.0445
11.6011 0.5816 2.0360
11.6269 0.5911 2.0286
11.6528 0.5995 2.0223
11.6786 0.6074 2.0170
11.7045 0.6148 2.0125
11.7303 0.6218 2.0088
11.7561 0.6286 2.0057
11.7820 0.6351 2.0031
11.8078 0.6413 2.0011
11.8336 0.6475 1.9997
11.8595 0.6536 1.9988
11.8853 0.6597 1.9984
11.9112 0.6659 1.9983
11.9370 0.6720 1.9985
11.9628 0.6780 1.9990
11.9887 0.6840 2.0000
12.0145 0.6900 2.0016
12.0403 0.6962 2.0035
12.0662 0.7028 2.0059
12.0920 0.7096 2.0085
12.1179 0.7167 2.0113
12.1437 0.7240 2.0143
12.1695 0.7314 2.0177
12.1954 0.7393 2.0214
12.2212 0.7477 2.0253
12.2470 0.7568 2.0292
12.2729 0.7664 2.0329
12.2987 0.7764 2.0361
12.3246 0.7865 2.0387
12.3504 0.7964 2.0410
12.3762 0.8059 2.0431
12.4021 0.8150 2.0454
12.4279 0.8240 2.0481
12.4537 0.8331 2.0510
12.4796 0.8424 2.0542
12.5054 0.8519 2.0574
12.5313 0.8613 2.0606
12.5571 0.8707 2.0639
12.5829 0.8798 2.0674
12.6088 0.8888 2.0713
12.6346 0.8976 2.0757
12.6604 0.9065 2.0808
12.6863 0.9155 2.0864
12.7121 0.9247 2.0929
12.7380 0.9342 2.1002
12.7638 0.9442 2.1085
12.7896 0.9551 2.1177
12.8155 0.9671 2.1276
12.8413 0.9802 2.1378
12.8671 0.9942 2.1481
12.8930 1.0087 2.1585
12.9188 1.0234 2.1694
12.9447 1.0383 2.1814
12.9705 1.0539 2.1953
12.9963 1.0709 2.2114
13.0222 1.0907 2.2298
13.0480 1.1142 2.2500
13.0738 1.1424 2.2708
13.0997 1.1755 2.2911
13.1255 1.2135 2.3097
13.1514 1.2559 2.3257
13.1772 1.3022 2.3381
13.2030 1.3519 2.3465
13.2289 1.4042 2.3502
13.2547 1.4585 2.3488
13.2805 1.5136 2.3418
13.3064 1.5686 2.3292
13.3322 1.6222 2.3114
13.3581 1.6734 2.2890
13.3839 1.7217 2.2631
13.4097 1.7668 2.2349
13.4356 1.8089 2.2054
13.4614 1.8490 2.1755
13.4872 1.8879 2.1458
13.5131 1.9270 2.1159
13.5389 1.9674 2.0852
13.5648 2.0096 2.0525
13.5906 2.0539 2.0162
13.6164 2.0997 1.9743
13.6423 2.1455 1.9253
13.6681 2.1892 1.8680
13.6939 2.2276 1.8024
13.7198 2.2580 1.7294
13.7456 2.2779 1.6517
13.7715 2.2861 1.5724
13.7973 2.2828 1.4949
13.8231 2.2695 1.4223
13.8490 2.2485 1.3562
13.8748 2.2222 1.2975
13.9006 2.1924 1.2463
13.9265 2.1608 1.2020
13.9523 2.1285 1.1644
13.9782 2.0963 1.1331
14.0040 2.0656 1.1078
14.0298 2.0373 1.0879
14.0557 2.0127 1.0723
14.0815 1.9925 1.0594
14.1074 1.9765 1.0478
14.1332 1.9643 1.0360
14.1590 1.9548 1.0232
14.1849 1.9470 1.0093
14.2107 1.9403 0.9945
14.2365 1.9348 0.9793
14.2624 1.9306 0.9634
14.2882 1.9282 0.9463
14.3141 1.9272 0.9269
14.3399 1.9266 0.9044
14.3657 1.9249 0.8784
14.3916 1.9204 0.8495
14.4174 1.9121 0.8191
14.4432 1.8996 0.7890
14.4691 1.8835 0.7607
14.4949 1.8650 0.7352
14.5208 1.8455 0.7128
14.5466 1.8262 0.6929
14.5724 1.8075 0.6748
14.5983 1.7895 0.6577
14.6241 1.7719 0.6408
14.6499 1.7540 0.6243
14.6758 1.7352 0.6083
14.7016 1.7155 0.5935
14.7275 1.6952 0.5806
14.7533 1.6750 0.5699
14.7791 1.6557 0.5614
14.8050 1.6380 0.5544
14.8308 1.6223 0.5483
14.8566 1.6085 0.5424
14.8825 1.5964 0.5359
14.9083 1.5855 0.5282
14.9342 1.5751 0.5189
14.9600 1.5643 0.5079
14.9858 1.5521 0.4957
15.0117 1.5377 0.4830
15.0375 1.5210 0.4713
15.0633 1.5025 0.4617
15.0892 1.4833 0.4551
15.1150 1.4651 0.4518
15.1409 1.4493 0.4510
15.1667 1.4369 0.4510
15.1925 1.4278 0.4503
15.2184 1.4211 0.4473
15.2442 1.4151 0.4412
15.2700 1.4082 0.4323
15.2959 1.3992 0.4216
15.3217 1.3874 0.4104
15.3476 1.3733 0.4002
15.3734 1.3574 0.3917
15.3992 1.3410 0.3855
15.4251 1.3247 0.3814
15.4509 1.3093 0.3789
15.4767 1.2951 0.3777
15.5026 1.2822 0.3774
15.5284 1.2708 0.3778
15.5543 1.2614 0.3783
15.5801 1.2539 0.3782
15.6059 1.2481 0.3767
15.6318 1.2435 0.3728
15.6576 1.2386 0.3661
15.6834 1.2322 0.3569
15.7093 1.2230 0.3460
15.7351 1.2104 0.3349
15.7610 1.1946 0.3254
15.7868 1.1765 0.3186
15.8126 1.1576 0.3152
15.8385 1.1393 0.3151
15.8643 1.1226 0.3177
15.8901 1.1084 0.3221
15.9160 1.0968 0.3273
15.9418 1.0878 0.3324
15.9677 1.0811 0.3365
15.9935 1.0761 0.3389
16.0193 1.0720 0.3394
16.0452 1.0680 0.3379
16.0710 1.0634 0.3344
16.0968 1.0575 0.3295
16.1227 1.0500 0.3238
16.1485 1.0407 0.3180
16.1744 1.0297 0.3127
16.2002 1.0172 0.3083
16.2260 1.0037 0.3053
16.2519 0.9893 0.3041
16.2777 0.9746 0.3049
16.3036 0.9605 0.3081
16.3294 0.9477 0.3136
16.3552 0.9373 0.3208
16.3811 0.9299 0.3287
16.4069 0.9257 0.3359
16.4327 0.9241 0.3412
16.4586 0.9240 0.3437
16.4844 0.9239 0.3430
16.5103 0.9228 0.3396
16.5361 0.9194 0.3343
16.5619 0.9135 0.3283
16.5878 0.9049 0.3228
16.6136 0.8943 0.3187
16.6394 0.8825 0.3167
16.6653 0.8704 0.3171
16.6911 0.8591 0.3197
16.7170 0.8493 0.3238
16.7428 0.8414 0.3287
16.7686 0.8352 0.3335
16.7945 0.8304 0.3378
16.8203 0.8265 0.3414
16.8461 0.8232 0.3442
16.8720 0.8203 0.3464
16.8978 0.8179 0.3480
16.9237 0.8160 0.3490
16.9495 0.8146 0.3490
16.9753 0.8135 0.3478
17.0012 0.8123 0.3450
17.0270 0.8102 0.3406
17.0528 0.8066 0.3349
17.0787 0.8010 0.3286
17.1045 0.7932 0.3226
17.1304 0.7836 0.3177
17.1562 0.7727 0.3144
17.1820 0.7613 0.3130
17.2079 0.7500 0.3134
17.2337 0.7392 0.3153
17.2595 0.7293 0.3184
17.2854 0.7204 0.3225
17.3112 0.7127 0.3275
17.3371 0.7067 0.3328
17.3629 0.7023 0.3380
17.3887 0.6996 0.3425
17.4146 0.6982 0.3456
17.4404 0.6974 0.3470
17.4662 0.6965 0.3466
17.4921 0.6950 0.3445
17.5179 0.6922 0.3410
17.5438 0.6877 0.3368
17.5696 0.6813 0.3324
17.5954 0.6731 0.3286
17.6213 0.6632 0.3260
17.6471 0.6523 0.3253
17.6729 0.6411 0.3266
17.6988 0.6305 0.3299
17.7246 0.6210 0.3346
17.7505 0.6129 0.3404
17.7763 0.6063 0.3467
17.8021 0.6012 0.3529
17.8280 0.5974 0.3589
17.8538 0.5946 0.3643
17.8796 0.5928 0.3689
17.9055 0.5915 0.3725
17.9313 0.5906 0.3750
17.9572 0.5897 0.3765
17.9830 0.5885 0.3769
18.0088 0.5866 0.3765
18.0347 0.5838 0.3754
18.0605 0.5799 0.3741
18.0863 0.5750 0.3730
18.1122 0.5690 0.3726
18.1380 0.5625 0.3731
18.1639 0.5557 0.3747
18.1897 0.5493 0.3775
18.2155 0.5435 0.3810
18.2414 0.5385 0.3850
18.2672 0.5344 0.3892
18.2930 0.5309 0.3933
18.3189 0.5280 0.3972
18.3447 0.5255 0.4009
18.3706 0.5234 0.4044
18.3964 0.5216 0.4077
18.4222 0.5202 0.4107
18.4481 0.5192 0.4135
18.4739 0.5187 0.4159
18.4997 0.5187 0.4177
18.5256 0.5189 0.4186
18.5514 0.5191 0.4184
18.5773 0.5188 0.4170
18.6031 0.5175 0.4147
18.6289 0.5149 0.4119
18.6548 0.5107 0.4091
18.6806 0.5051 0.4071
18.7065 0.4984 0.4063
18.7323 0.4913 0.4072
18.7581 0.4843 0.4097
18.7840 0.4782 0.4137
18.8098 0.4734 0.4186
18.8356 0.4701 0.4239
18.8615 0.4683 0.4291
18.8873 0.4677 0.4335
18.9132 0.4680 0.4370
18.9390 0.4686 0.4394
18.9648 0.4693 0.4409
18.9907 0.4699 0.4415
19.0165 0.4702 0.4415
19.0423 0.4703 0.4408
19.0682 0.4699 0.4394
19.0940 0.4690 0.4374
19.1199 0.4671 0.4348
19.1457 0.4641 0.4320
19.1715 0.4598 0.4294
19.1974 0.4543 0.4276
19.2232 0.4481 0.4270
19.2490 0.4416 0.4278
19.2749 0.4353 0.4299
19.3007 0.4296 0.4332
19.3266 0.4251 0.4374
19.3524 0.4218 0.4420
19.3782 0.4197 0.4466
19.4041 0.4189 0.4507
19.4299 0.4189 0.4540
19.4557 0.4195 0.4562
19.4816 0.4202 0.4574
19.5074 0.4206 0.4576
19.5333 0.4204 0.4570
19.5591 0.4196 0.4559
19.5849 0.4180 0.4547
19.6108 0.4157 0.4536
19.6366 0.4129 0.4526
19.6624 0.4096 0.4520
19.6883 0.4061 0.4518
19.7141 0.4023 0.4522
19.7400 0.3986 0.4529
19.7658 0.3950 0.4542
19.7916 0.3917 0.4558
19.8175 0.3888 0.4576
19.8433 0.3862 0.4595
19.8691 0.3840 0.4614
19.8950 0.3821 0.4632
19.9208 0.3804 0.4649
19.9467 0.3790 0.4664
19.9725 0.3778 0.4676
19.9983 0.3768 0.4685
20.0242 0.3758 0.4689
20.0500 0.3748 0.4689
20.0758 0.3733 0.4685
20.1017 0.3714 0.4678
20.1275 0.3690 0.4671
20.1534 0.3660 0.4666
20.1792 0.3626 0.4665
20.2050 0.3591 0.4668
20.2309 0.3557 0.4676
20.2567 0.3523 0.4687
20.2825 0.3492 0.4700
20.3084 0.3463 0.4716
20.3342 0.3436 0.4733
20.3601 0.3412 0.4751
20.3859 0.3392 0.4768
20.4117 0.3375 0.4784
20.4376 0.3361 0.4797
20.4634 0.3349 0.4805
20.4892 0.3335 0.4809
20.5151 0.3317 0.4808
20.5409 0.3295 0.4806
20.5668 0.3267 0.4805
20.5926 0.3234 0.4807
20.6184 0.3199 0.4814
20.6443 0.3165 0.4827
20.6701 0.3133 0.4845
20.6959 0.3105 0.4865
20.7218 0.3082 0.4886
20.7476 0.3062 0.4904
20.7735 0.3044 0.4920
20.7993 0.3026 0.4934
20.8251 0.3007 0.4946
20.8510 0.2987 0.4959
20.8768 0.2968 0.4972
20.9026 0.2949 0.4984
20.9285 0.2930 0.4996
20.9543 0.2912 0.5007
20.9802 0.2893 0.5017
21.0060 0.2872 0.5025
21.0318 0.2849 0.5034
21.0577 0.2823 0.5044
21.0835 0.2796 0.5056
21.1094 0.2768 0.5072
21.1352 0.2740 0.5091
21.1610 0.2715 0.5114
21.1869 0.2693 0.5140
21.2127 0.2675 0.5167
21.2385 0.2662 0.5193
21.2644 0.2653 0.5217
21.2902 0.2647 0.5239
21.3161 0.2642 0.5257
21.3419 0.2638 0.5272
21.3677 0.2635 0.5284
21.3936 0.2630 0.5293
21.4194 0.2624 0.5299
21.4452 0.2616 0.5302
21.4711 0.2604 0.5303
21.4969 0.2588 0.5303
21.5228 0.2568 0.5306
21.5486 0.2545 0.5311
21.5744 0.2520 0.5320
21.6003 0.2494 0.5333
21.6261 0.2471 0.5350
21.6519 0.2450 0.5370
21.6778 0.2433 0.5392
21.7036 0.2419 0.5413
21.7295 0.2408 0.5433
21.7553 0.2398 0.5453
21.7811 0.2390 0.5470
21.8070 0.2383 0.5486
21.8328 0.2377 0.5501
21.8586 0.2371 0.5514
21.8845 0.2366 0.5526
21.9103 0.2360 0.5535
21.9362 0.2353 0.5543
21.9620 0.2344 0.5550
21.9878 0.2334 0.5557
22.0137 0.2322 0.5563
22.0395 0.2309 0.5571
22.0653 0.2294 0.5580
22.0912 0.2279 0.5592
22.1170 0.2265 0.5606
22.1429 0.2253 0.5622
22.1687 0.2243 0.5639
22.1945 0.2237 0.5657
22.2204 0.2234 0.5672
22.2462 0.2234 0.5685
22.2720 0.2236 0.5694
22.2979 0.2236 0.5699
22.3237 0.2235 0.5700
22.3496 0.2230 0.5700
22.3754 0.2223 0.5700
22.4012 0.2214 0.5700
22.4271 0.2204 0.5701
22.4529 0.2194 0.5703
22.4787 0.2183 0.5704
22.5046 0.2173 0.5704
22.5304 0.2162 0.5703
22.5563 0.2148 0.5701
22.5821 0.2131 0.5698
22.6079 0.2111 0.5696
22.6338 0.2088 0.5697
22.6596 0.2062 0.5701
22.6854 0.2036 0.5710
22.7113 0.2011 0.5724
22.7371 0.1989 0.5740
22.7630 0.1970 0.5759
22.7888 0.1954 0.5779
22.8146 0.1942 0.5798
22.8405 0.1933 0.5816
22.8663 0.1927 0.5832
22.8921 0.1921 0.5846
22.9180 0.1917 0.5858
22.9438 0.1912 0.5867
22.9697 0.1906 0.5873
22.9955 0.1899 0.5878
23.0213 0.1889 0.5882
23.0472 0.1876 0.5886
23.0730 0.1861 0.5892
23.0988 0.1845 0.5900
23.1247 0.1828 0.5910
23.1505 0.1812 0.5923
23.1764 0.1798 0.5939
23.2022 0.1786 0.5955
23.2280 0.1777 0.5972
23.2539 0.1770 0.5989
23.2797 0.1766 0.6003
23.3056 0.1762 0.6016
23.3314 0.1759 0.6027
23.3572 0.1756 0.6036
23.3831 0.1752 0.6043
23.4089 0.1747 0.6050
23.4347 0.1741 0.6057
23.4606 0.1735 0.6064
23.4864 0.1729 0.6071
23.5123 0.1723 0.6077
23.5381 0.1717 0.6083
23.5639 0.1711 0.6088
23.5898 0.1704 0.6092
23.6156 0.1696 0.6096
23.6414 0.1687 0.6100
23.6673 0.1677 0.6104
23.6931 0.1667 0.6109
23.7190 0.1656 0.6115
23.7448 0.1645 0.6122
23.7706 0.1635 0.6129
23.7965 0.1626 0.6136
23.8223 0.1616 0.6142
23.8481 0.1607 0.6149
23.8740 0.1597 0.6155
23.8998 0.1587 0.6160
23.9257 0.1577 0.6166
23.9515 0.1566 0.6172
23.9773 0.1554 0.6178
24.0032 0.1542 0.6184
24.0290 0.1528 0.6191
24.0548 0.1515 0.6200
24.0807 0.1501 0.6210
24.1065 0.1488 0.6221
24.1324 0.1476 0.6234
24.1582 0.1466 0.6247
24.1840 0.1457 0.6260
24.2099 0.1450 0.6272
24.2357 0.1443 0.6284
24.2615 0.1437 0.6294
24.2874 0.1430 0.6304
24.3132 0.1423 0.6314
24.3391 0.1415 0.6324
24.3649 0.1407 0.6335
24.3907 0.1399 0.6346
24.4166 0.1392 0.6359
24.4424 0.1387 0.6372
24.4682 0.1383 0.6384
24.4941 0.1381 0.6396
24.5199 0.1380 0.6407
24.5458 0.1380 0.6415
24.5716 0.1380 0.6422
24.5974 0.1380 0.6427
24.6233 0.1378 0.6430
24.6491 0.1374 0.6431
24.6749 0.1368 0.6433
24.7008 0.1359 0.6435
24.7266 0.1348 0.6439
24.7525 0.1337 0.6446
24.7783 0.1326 0.6455
24.8041 0.1317 0.6467
24.8300 0.1310 0.6480
24.8558 0.1306 0.6494
24.8816 0.1304 0.6507
24.9075 0.1305 0.6518
24.9333 0.1307 0.6526
24.9592 0.1309 0.6532
24.9850 0.1311 0.6536
25.0108 0.1311 0.6539
25.0367 0.1310 0.6540
25.0625 0.1307 0.6542
25.0883 0.1303 0.6544
25.1142 0.1299 0.6546
25.1400 0.1295 0.6550
25.1659 0.1291 0.6554
25.1917 0.1288 0.6558
25.2175 0.1286 0.6562
25.2434 0.1284 0.6565
25.2692 0.1284 0.6567
25.2950 0.1284 0.6568
25.3209 0.1285 0.6568
25.3467 0.1286 0.6565
25.3726 0.1286 0.6559
25.3984 0.1285 0.6551
25.4242 0.1281 0.6541
25.4501 0.1273 0.6529
25.4759 0.1262 0.6517
25.5017 0.1247 0.6506
25.5276 0.1228 0.6497
25.5534 0.1208 0.6491
25.5793 0.1186 0.6489
25.6051 0.1164 0.6489
25.6309 0.1142 0.6492
25.6568 0.1121 0.6498
25.6826 0.1102 0.6505
25.7085 0.1084 0.6513
25.7343 0.1067 0.6522
25.7601 0.1052 0.6531
25.7860 0.1038 0.6540
25.8118 0.1025 0.6549
25.8376 0.1012 0.6557
25.8635 0.1000 0.6565
25.8893 0.0986 0.6572
25.9152 0.0972 0.6578
25.9410 0.0957 0.6586
25.9668 0.0941 0.6595
25.9927 0.0925 0.6605
26.0185 0.0910 0.6617
26.0443 0.0895 0.6631
26.0702 0.0882 0.6645
26.0960 0.0871 0.6660
26.1219 0.0862 0.6675
26.1477 0.0854 0.6689
26.1735 0.0847 0.6702
26.1994 0.0840 0.6714
26.2252 0.0833 0.6725
26.2510 0.0826 0.6735
26.2769 0.0819 0.6746
26.3027 0.0811 0.6756
26.3286 0.0803 0.6767
26.3544 0.0795 0.6778
26.3802 0.0788 0.6789
26.4061 0.0780 0.6800
26.4319 0.0773 0.6811
26.4577 0.0766 0.6823
26.4836 0.0759 0.6835
26.5094 0.0753 0.6846
26.5353 0.0747 0.6858
26.5611 0.0741 0.6870
26.5869 0.0736 0.6882
26.6128 0.0731 0.6894
26.6386 0.0727 0.6906
26.6644 0.0724 0.6918
26.6903 0.0722 0.6929
26.7161 0.0720 0.6939
26.7420 0.0719 0.6948
26.7678 0.0717 0.6956
26.7936 0.0715 0.6962
26.8195 0.0711 0.6968
26.8453 0.0705 0.6974
26.8711 0.0698 0.6980
26.8970 0.0690 0.6988
26.9228 0.0682 0.6998
26.9487 0.0674 0.7009
26.9745 0.0668 0.7022
27.0003 0.0663 0.7035
27.0262 0.0659 0.7049
27.0520 0.0657 0.7063
27.0778 0.0656 0.7076
27.1037 0.0657 0.7088
27.1295 0.0658 0.7099
27.1554 0.0661 0.7109
27.1812 0.0664 0.7117
27.2070 0.0666 0.7124
27.2329 0.0667 0.7129
27.2587 0.0667 0.7133
27.2845 0.0666 0.7137
27.3104 0.0663 0.7141
27.3362 0.0659 0.7147
27.3621 0.0655 0.7155
27.3879 0.0652 0.7163
27.4137 0.0650 0.7173
27.4396 0.0650 0.7182
27.4654 0.0651 0.7191
27.4912 0.0653 0.7199
27.5171 0.0656 0.7206
27.5429 0.0660 0.7212
27.5688 0.0664 0.7215
27.5946 0.0668 0.7217
27.6204 0.0671 0.7217
27.6463 0.0674 0.7216
27.6721 0.0674 0.7213
27.6979 0.0672 0.7210
27.7238 0.0669 0.7206
27.7496 0.0663 0.7203
27.7755 0.0656 0.7201
27.8013 0.0647 0.7201
27.8271 0.0638 0.7202
27.8530 0.0629 0.7205
27.8788 0.0621 0.7209
27.9046 0.0613 0.7214
27.9305 0.0606 0.7219
27.9563 0.0600 0.7223
27.9822 0.0594 0.7228
28.0080 0.0588 0.7231
28.0338 0.0581 0.7235
28.0597 0.0573 0.7239
28.0855 0.0565 0.7245
28.1114 0.0556 0.7251
28.1372 0.0549 0.7259
28.1630 0.0542 0.7267
28.1889 0.0537 0.7276
28.2147 0.0533 0.7284
28.2405 0.0531 0.7292
28.2664 0.0529 0.7297
28.2922 0.0526 0.7302
28.3181 0.0523 0.7305
28.3439 0.0519 0.7307
28.3697 0.0513 0.7310
28.3956 0.0505 0.7312
28.4214 0.0497 0.7316
28.4472 0.0487 0.7321
28.4731 0.0477 0.7328
28.4989 0.0467 0.7337
28.5248 0.0458 0.7347
28.5506 0.0450 0.7359
28.5764 0.0444 0.7371
28.6023 0.0440 0.7384
28.6281 0.0437 0.7396
28.6539 0.0436 0.7408
28.6798 0.0436 0.7419
28.7056 0.0436 0.7429
28.7315 0.0438 0.7439
28.7573 0.0439 0.7447
28.7831 0.0441 0.7455
28.8090 0.0444 0.7462
28.8348 0.0447 0.7468
28.8606 0.0450 0.7473
28.8865 0.0453 0.7476
28.9123 0.0455 0.7478
28.9382 0.0457 0.7479
28.9640 0.0458 0.7480
28.9898 0.0458 0.7479
29.0157 0.0457 0.7478
29.0415 0.0455 0.7476
29.0673 0.0451 0.7475
29.0932 0.0446 0.7474
29.1190 0.0440 0.7473
29.1449 0.0433 0.7474
29.1707 0.0425 0.7475
29.1965 0.0418 0.7478
29.2224 0.0411 0.7482
29.2482 0.0404 0.7486
29.2740 0.0398 0.7490
29.2999 0.0392 0.7494
29.3257 0.0386 0.7498
29.3516 0.0380 0.7502
29.3774 0.0373 0.7506
29.4032 0.0367 0.7511
29.4291 0.0360 0.7516
29.4549 0.0353 0.7521
29.4807 0.0347 0.7527
29.5066 0.0340 0.7533
29.5324 0.0335 0.7539
29.5583 0.0329 0.7545
29.5841 0.0324 0.7551
29.6099 0.0319 0.7557
29.6358 0.0313 0.7563
29.6616 0.0308 0.7569
29.6874 0.0302 0.7575
29.7133 0.0297 0.7581
29.7391 0.0291 0.7587
29.7650 0.0285 0.7594
29.7908 0.0280 0.7601
29.8166 0.0275 0.7608
29.8425 0.0270 0.7615
29.8683 0.0266 0.7622
29.8941 0.0261 0.7629
29.9200 0.0257 0.7635
29.9458 0.0252 0.7642
29.9717 0.0247 0.7649
29.9975 0.0242 0.7655
30.0233 0.0237 0.7663
30.0492 0.0232 0.7670
30.0750 0.0227 0.7678
30.1008 0.0222 0.7686
30.1267 0.0218 0.7695
30.1525 0.0214 0.7703
30.1784 0.0210 0.7712
30.2042 0.0207 0.7721
30.2300 0.0204 0.7730
30.2559 0.0201 0.7739
30.2817 0.0199 0.7747
30.3076 0.0197 0.7756
30.3334 0.0195 0.7764
30.3592 0.0194 0.7772
30.3851 0.0193 0.7780
30.4109 0.0191 0.7788
30.4367 0.0190 0.7795
30.4626 0.0189 0.7802
30.4884 0.0188 0.7809
30.5143 0.0187 0.7816
30.5401 0.0185 0.7823
30.5659 0.0184 0.7830
30.5918 0.0182 0.7837
30.6176 0.0181 0.7844
30.6434 0.0180 0.7851
30.6693 0.0178 0.7858
30.6951 0.0178 0.7866
30.7210 0.0177 0.7874
30.7468 0.0177 0.7881
30.7726 0.0178 0.7889
30.7985 0.0178 0.7896
30.8243 0.0179 0.7902
30.8501 0.0181 0.7908
30.8760 0.0182 0.7914
30.9018 0.0183 0.7919
30.9277 0.0184 0.7924
30.9535 0.0185 0.7929
30.9793 0.0186 0.7933
31.0052 0.0187 0.7938
31.0310 0.0189 0.7941
31.0568 0.0190 0.7945
31.0827 0.0191 0.7948
31.1085 0.0191 0.7950
31.1344 0.0191 0.7952
31.1602 0.0191 0.7953
31.1860 0.0189 0.7955
31.2119 0.0187 0.7957
31.2377 0.0185 0.7959
31.2635 0.0183 0.7962
31.2894 0.0180 0.7965
31.3152 0.0177 0.7968
31.3411 0.0174 0.7971
31.3669 0.0171 0.7974
31.3927 0.0169 0.7978
31.4186 0.0166 0.7982
31.4444 0.0163 0.7985
31.4702 0.0160 0.7989
31.4961 0.0157 0.7993
31.5219 0.0154 0.7996
31.5478 0.0150 0.8000
31.5736 0.0146 0.8004
31.5994 0.0142 0.8009
31.6253 0.0138 0.8014
31.6511 0.0134 0.8019
31.6769 0.0130 0.8025
31.7028 0.0126 0.8031
31.7286 0.0122 0.8038
31.7545 0.0119 0.8045
31.7803 0.0117 0.8052
31.8061 0.0115 0.8059
31.8320 0.0113 0.8066
31.8578 0.0112 0.8073
31.8836 0.0111 0.8080
31.9095 0.0110 0.8087
31.9353 0.0110 0.8094
31.9612 0.0109 0.8100
31.9870 0.0109 0.8106
32.0128 0.0109 0.8112
32.0387 0.0110 0.8117
32.0645 0.0110 0.8122
32.0903 0.0110 0.8127
32.1162 0.0110 0.8132
32.1420 0.0110 0.8136
32.1679 0.0110 0.8140
32.1937 0.0110 0.8145
32.2195 0.0109 0.8149
32.2454 0.0108 0.8153
32.2712 0.0107 0.8157
32.2970 0.0106 0.8161
32.3229 0.0105 0.8166
32.3487 0.0104 0.8170
32.3746 0.0103 0.8175
32.4004 0.0103 0.8179
32.4262 0.0102 0.8184
32.4521 0.0101 0.8188
32.4779 0.0100 0.8192
32.5037 0.0099 0.8196
32.5296 0.0098 0.8200
32.5554 0.0097 0.8204
32.5813 0.0095 0.8208
32.6071 0.0094 0.8212
32.6329 0.0092 0.8217
32.6588 0.0090 0.8222
32.6846 0.0089 0.8227
32.7105 0.0088 0.8232
32.7363 0.0087 0.8237
32.7621 0.0086 0.8243
32.7880 0.0085 0.8248
32.8138 0.0085 0.8253
32.8396 0.0084 0.8258
32.8655 0.0083 0.8263
32.8913 0.0083 0.8268
32.9172 0.0083 0.8273
32.9430 0.0082 0.8278
32.9688 0.0082 0.8284
32.9947 0.0083 0.8289
33.0205 0.0083 0.8294
33.0463 0.0083 0.8299
33.0722 0.0084 0.8303
33.0980 0.0085 0.8308
33.1239 0.0086 0.8312
33.1497 0.0086 0.8316
33.1755 0.0087 0.8319
33.2014 0.0087 0.8323
33.2272 0.0088 0.8326
33.2530 0.0088 0.8330
33.2789 0.0088 0.8333
33.3047 0.0087 0.8337
33.3306 0.0087 0.8341
33.3564 0.0087 0.8344
33.3822 0.0087 0.8348
33.4081 0.0087 0.8352
33.4339 0.0087 0.8355
33.4597 0.0087 0.8359
33.4856 0.0086 0.8362
33.5114 0.0086 0.8366
33.5373 0.0086 0.8370
33.5631 0.0085 0.8374
33.5889 0.0085 0.8378
33.6148 0.0085 0.8382
33.6406 0.0085 0.8386
33.6664 0.0085 0.8391
33.6923 0.0085 0.8395
33.7181 0.0086 0.8399
33.7440 0.0086 0.8403
33.7698 0.0087 0.8407
33.7956 0.0088 0.8411
33.8215 0.0089 0.8415
33.8473 0.0090 0.8418
33.8731 0.0091 0.8422
33.8990 0.0092 0.8425
33.9248 0.0094 0.8428
33.9507 0.0095 0.8431
33.9765 0.0097 0.8434
34.0023 0.0098 0.8436
34.0282 0.0099 0.8439
34.0540 0.0100 0.8441
34.0798 0.0101 0.8443
34.1057 0.0102 0.8444
34.1315 0.0103 0.8446
34.1574 0.0103 0.8448
34.1832 0.0103 0.8449
34.2090 0.0104 0.8451
34.2349 0.0104 0.8452
34.2607 0.0104 0.8454
34.2865 0.0104 0.8456
34.3124 0.0103 0.8457
34.3382 0.0103 0.8459
34.3641 0.0103 0.8460
34.3899 0.0102 0.8461
34.4157 0.0101 0.8463
34.4416 0.0100 0.8464
34.4674 0.0099 0.8465
34.4932 0.0097 0.8467
34.5191 0.0096 0.8469
34.5449 0.0094 0.8472
34.5708 0.0092 0.8475
34.5966 0.0091 0.8478
34.6224 0.0090 0.8481
34.6483 0.0089 0.8484
34.6741 0.0088 0.8488
34.6999 0.0088 0.8491
34.7258 0.0088 0.8494
34.7516 0.0089 0.8497
34.7775 0.0089 0.8500
34.8033 0.0090 0.8502
34.8291 0.0091 0.8504
34.8550 0.0091 0.8505
34.8808 0.0091 0.8506
34.9066 0.0091 0.8507
34.9325 0.0091 0.8507
34.9583 0.0090 0.8508
34.9842 0.0088 0.8508
35.0100 0.0086 0.8509
35.0358 0.0084 0.8511
35.0617 0.0081 0.8512
35.0875 0.0079 0.8514
35.1134 0.0076 0.8517
35.1392 0.0074 0.8520
35.1650 0.0072 0.8523
35.1909 0.0070 0.8526
35.2167 0.0069 0.8530
35.2425 0.0068 0.8533
35.2684 0.0067 0.8536
35.2942 0.0066 0.8539
35.3201 0.0065 0.8542
35.3459 0.0065 0.8544
35.3717 0.0064 0.8547
35.3976 0.0063 0.8549
35.4234 0.0061 0.8551
35.4492 0.0060 0.8554
35.4751 0.0059 0.8556
35.5009 0.0057 0.8559
35.5268 0.0056 0.8562
35.5526 0.0054 0.8564
35.5784 0.0053 0.8567
35.6043 0.0051 0.8570
35.6301 0.0050 0.8573
35.6559 0.0049 0.8576
35.6818 0.0048 0.8579
35.7076 0.0046 0.8583
35.7335 0.0045 0.8586
35.7593 0.0044 0.8589
35.7851 0.0043 0.8592
35.8110 0.0041 0.8596
35.8368 0.0040 0.8599
35.8626 0.0039 0.8603
35.8885 0.0039 0.8607
35.9143 0.0038 0.8610
35.9402 0.0038 0.8614
35.9660 0.0037 0.8618
35.9918 0.0037 0.8621
36.0177 0.0037 0.8625
36.0435 0.0037 0.8628
36.0693 0.0037 0.8631
36.0952 0.0037 0.8634
36.1210 0.0038 0.8637
36.1469 0.0038 0.8640
36.1727 0.0038 0.8643
36.1985 0.0039 0.8646
36.2244 0.0039 0.8648
36.2502 0.0040 0.8651
36.2760 0.0040 0.8653
36.3019 0.0041 0.8655
36.3277 0.0041 0.8656
36.3536 0.0041 0.8658
36.3794 0.0041 0.8659
36.4052 0.0041 0.8660
36.4311 0.0040 0.8661
36.4569 0.0039 0.8663
36.4827 0.0038 0.8664
36.5086 0.0036 0.8666
36.5344 0.0034 0.8667
36.5603 0.0032 0.8670
36.5861 0.0030 0.8672
36.6119 0.0029 0.8675
36.6378 0.0027 0.8678
36.6636 0.0026 0.8682
36.6894 0.0025 0.8685
36.7153 0.0024 0.8688
36.7411 0.0023 0.8692
36.7670 0.0023 0.8695
36.7928 0.0022 0.8698
36.8186 0.0022 0.8701
36.8445 0.0021 0.8704
36.8703 0.0021 0.8707
36.8961 0.0021 0.8710
36.9220 0.0020 0.8713
36.9478 0.0020 0.8716
36.9737 0.0020 0.8719
36.9995 0.0019 0.8721
37.0253 0.0019 0.8724
37.0512 0.0019 0.8727
37.0770 0.0019 0.8729
37.1028 0.0019 0.8732
37.1287 0.0018 0.8735
37.1545 0.0018 0.8737
37.1804 0.0018 0.8740
37.2062 0.0018 0.8743
37.2320 0.0017 0.8745
37.2579 0.0017 0.8748
37.2837 0.0017 0.8750
37.3096 0.0017 0.8753
37.3354 0.0017 0.8756
37.3612 0.0017 0.8758
37.3871 0.0016 0.8761
37.4129 0.0016 0.8763
37.4387 0.0016 0.8766
37.4646 0.0016 0.8768
37.4904 0.0016 0.8771
37.5163 0.0016 0.8773
37.5421 0.0016 0.8775
37.5679 0.0016 0.8778
37.5938 0.0016 0.8780
37.6196 0.0016 0.8782
37.6454 0.0016 0.8784
37.6713 0.0016 0.8787
37.6971 0.0016 0.8789
37.7230 0.0016 0.8791
37.7488 0.0015 0.8793
37.7746 0.0015 0.8795
37.8005 0.0015 0.8797
37.8263 0.0015 0.8799
37.8521 0.0014 0.8802
37.8780 0.0014 0.8804
37.9038 0.0014 0.8806
37.9297 0.0014 0.8808
37.9555 0.0013 0.8810
37.9813 0.0013 0.8813
38.0072 0.0013 0.8815
38.0330 0.0012 0.8817
38.0588 0.0012 0.8820
38.0847 0.0012 0.8822
38.1105 0.0012 0.8824
38.1364 0.0011 0.8826
38.1622 0.0011 0.8829
38.1880 0.0011 0.8831
38.2139 0.0011 0.8833
38.2397 0.0011 0.8836
38.2655 0.0010 0.8838
38.2914 0.0010 0.8840
38.3172 0.0010 0.8842
38.3431 0.0010 0.8845
38.3689 0.0010 0.8847
38.3947 0.0010 0.8849
38.4206 0.0010 0.8851
38.4464 0.0010 0.8854
38.4722 0.0010 0.8856
38.4981 0.0010 0.8858
38.5239 0.0010 0.8860
38.5498 0.0010 0.8862
38.5756 0.0009 0.8864
38.6014 0.0009 0.8866
38.6273 0.0009 0.8869
38.6531 0.0009 0.8871
38.6789 0.0009 0.8873
38.7048 0.0009 0.8875
38.7306 0.0009 0.8877
38.7565 0.0009 0.8879
38.7823 0.0009 0.8881
38.8081 0.0009 0.8883
38.8340 0.0009 0.8885
38.8598 0.0009 0.8887
38.8856 0.0009 0.8889
38.9115 0.0009 0.8891
38.9373 0.0009 0.8893
38.9632 0.0009 0.8895
38.9890 0.0009 0.8897
39.0148 0.0009 0.8899
39.0407 0.0009 0.8901
39.0665 0.0009 0.8903
39.0923 0.0009 0.8905
39.1182 0.0009 0.8907
39.1440 0.0009 0.8909
39.1699 0.0009 0.8911
39.1957 0.0009 0.8913
39.2215 0.0009 0.8914
39.2474 0.0009 0.8916
39.2732 0.0009 0.8918
39.2990 0.0009 0.8920
39.3249 0.0009 0.8922
39.3507 0.0009 0.8924
39.3766 0.0009 0.8926
39.4024 0.0009 0.8927
39.4282 0.0009 0.8929
39.4541 0.0009 0.8931
39.4799 0.0009 0.8933
39.5057 0.0009 0.8935
39.5316 0.0009 0.8937
39.5574 0.0009 0.8939
39.5833 0.0009 0.8940
39.6091 0.0009 0.8942
39.6349 0.0009 0.8944
39.6608 0.0009 0.8946
39.6866 0.0009 0.8947
39.7125 0.0009 0.8949
39.7383 0.0009 0.8951
39.7641 0.0009 0.8953
39.7900 0.0009 0.8955
39.8158 0.0009 0.8956
39.8416 0.0009 0.8958
39.8675 0.0009 0.8960
39.8933 0.0009 0.8961
39.9192 0.0009 0.8963
39.9450 0.0009 0.8965
39.9708 0.0009 0.8966
39.9967 0.0009 0.8968
40.0225 0.0009 0.8970
40.0483 0.0009 0.8972
40.0742 0.0009 0.8973
40.1000 0.0009 0.8975
40.1259 0.0009 0.8977
40.1517 0.0009 0.8978
40.1775 0.0009 0.8980
40.2034 0.0009 0.8981
40.2292 0.0008 0.8983
40.2550 0.0008 0.8985
40.2809 0.0008 0.8986
40.3067 0.0008 0.8988
40.3326 0.0008 0.8990
40.3584 0.0008 0.8991
40.3842 0.0008 0.8993
40.4101 0.0008 0.8995
40.4359 0.0008 0.8996
40.4617 0.0008 0.8998
40.4876 0.0008 0.8999
40.5134 0.0008 0.9001
40.5393 0.0008 0.9003
40.5651 0.0008 0.9004
40.5909 0.0008 0.9006
40.6168 0.0008 0.9007
40.6426 0.0008 0.9009
40.6684 0.0008 0.9011
40.6943 0.0008 0.9012
40.7201 0.0008 0.9014
40.7460 0.0008 0.9015
40.7718 0.0008 0.9017
40.7976 0.0008 0.9018
40.8235 0.0007 0.9020
40.8493 0.0007 0.9021
40.8751 0.0007 0.9023
40.9010 0.0007 0.9025
40.9268 0.0007 0.9026
40.9527 0.0007 0.9028
40.9785 0.0007 0.9029
41.0043 0.0007 0.9031
41.0302 0.0007 0.9032
41.0560 0.0007 0.9034
41.0818 0.0007 0.9035
41.1077 0.0007 0.9037
41.1335 0.0007 0.9038
41.1594 0.0007 0.9040
41.1852 0.0007 0.9041
41.2110 0.0007 0.9043
41.2369 0.0007 0.9044
41.2627 0.0006 0.9046
41.2885 0.0006 0.9048
41.3144 0.0006 0.9049
41.3402 0.0006 0.9051
41.3661 0.0006 0.9052
41.3919 0.0006 0.9054
41.4177 0.0006 0.9055
41.4436 0.0006 0.9057
41.4694 0.0006 0.9058
41.4952 0.0006 0.9060
41.5211 0.0006 0.9061
41.5469 0.0006 0.9063
41.5728 0.0006 0.9064
41.5986 0.0006 0.9065
41.6244 0.0006 0.9067
41.6503 0.0006 0.9068
41.6761 0.0006 0.9070
41.7019 0.0006 0.9071
41.7278 0.0006 0.9073
41.7536 0.0006 0.9074
41.7795 0.0006 0.9076
41.8053 0.0006 0.9077
41.8311 0.0006 0.9079
41.8570 0.0006 0.9080
41.8828 0.0006 0.9082
41.9087 0.0006 0.9083
41.9345 0.0006 0.9085
41.9603 0.0006 0.9086
41.9862 0.0006 0.9088
42.0120 0.0006 0.9089
42.0378 0.0006 0.9090
42.0637 0.0006 0.9092
42.0895 0.0006 0.9093
42.1154 0.0006 0.9095
42.1412 0.0007 0.9096
42.1670 0.0007 0.9097
42.1929 0.0007 0.9099
42.2187 0.0007 0.9100
42.2445 0.0007 0.9102
42.2704 0.0007 0.9103
42.2962 0.0007 0.9104
42.3221 0.0008 0.9105
42.3479 0.0008 0.9107
42.3737 0.0008 0.9108
42.3996 0.0008 0.9109
42.4254 0.0008 0.9110
42.4512 0.0008 0.9111
42.4771 0.0008 0.9112
42.5029 0.0008 0.9113
42.5288 0.0008 0.9114
42.5546 0.0008 0.9115
42.5804 0.0008 0.9116
42.6063 0.0008 0.9117
42.6321 0.0008 0.9119
42.6579 0.0008 0.9120
42.6838 0.0007 0.9121
42.7096 0.0007 0.9122
42.7355 0.0007 0.9123
42.7613 0.0006 0.9124
42.7871 0.0006 0.9126
42.8130 0.0006 0.9127
42.8388 0.0006 0.9128
42.8646 0.0006 0.9130
42.8905 0.0006 0.9131
42.9163 0.0005 0.9133
42.9422 0.0005 0.9134
42.9680 0.0005 0.9135
42.9938 0.0005 0.9137
43.0197 0.0005 0.9138
43.0455 0.0005 0.9139
43.0713 0.0005 0.9141
43.0972 0.0005 0.9142
43.1230 0.0005 0.9143
43.1489 0.0005 0.9144
43.1747 0.0005 0.9146
43.2005 0.0005 0.9147
43.2264 0.0005 0.9148
43.2522 0.0005 0.9150
43.2780 0.0005 0.9151
43.3039 0.0005 0.9152
43.3297 0.0005 0.9153
43.3556 0.0005 0.9155
43.3814 0.0005 0.9156
43.4072 0.0005 0.9157
43.4331 0.0005 0.9158
43.4589 0.0005 0.9160
43.4847 0.0005 0.9161
43.5106 0.0005 0.9162
43.5364 0.0005 0.9163
43.5623 0.0005 0.9164
43.5881 0.0005 0.9166
43.6139 0.0005 0.9167
43.6398 0.0005 0.9168
43.6656 0.0005 0.9169
43.6914 0.0005 0.9170
43.7173 0.0005 0.9172
43.7431 0.0005 0.9173
43.7690 0.0005 0.9174
43.7948 0.0005 0.9175
43.8206 0.0005 0.9176
43.8465 0.0005 0.9178
43.8723 0.0005 0.9179
43.8981 0.0005 0.9180
43.9240 0.0005 0.9181
43.9498 0.0004 0.9182
43.9757 0.0004 0.9183
44.0015 0.0004 0.9185
44.0273 0.0004 0.9186
44.0532 0.0004 0.9187
44.0790 0.0004 0.9188
44.1048 0.0004 0.9189
44.1307 0.0004 0.9190
44.1565 0.0004 0.9191
44.1824 0.0004 0.9193
44.2082 0.0004 0.9194
44.2340 0.0004 0.9195
44.2599 0.0004 0.9196
44.2857 0.0004 0.9197
44.3116 0.0004 0.9198
44.3374 0.0004 0.9199
44.3632 0.0004 0.9200
44.3891 0.0004 0.9202
44.4149 0.0004 0.9203
44.4407 0.0004 0.9204
44.4666 0.0004 0.9205
44.4924 0.0004 0.9206
44.5183 0.0004 0.9207
44.5441 0.0004 0.9208
44.5699 0.0004 0.9209
44.5958 0.0004 0.9210
44.6216 0.0004 0.9211
44.6474 0.0004 0.9213
44.6733 0.0004 0.9214
44.6991 0.0004 0.9215
44.7250 0.0004 0.9216
44.7508 0.0004 0.9217
44.7766 0.0004 0.9218
44.8025 0.0004 0.9219
44.8283 0.0004 0.9220
44.8541 0.0004 0.9221
44.8800 0.0004 0.9222
44.9058 0.0004 0.9223
44.9317 0.0004 0.9224
44.9575 0.0004 0.9225
44.9833 0.0004 0.9226
45.0092 0.0004 0.9228
45.0350 0.0004 0.9229
45.0608 0.0004 0.9230
45.0867 0.0004 0.9231
45.1125 0.0004 0.9232
45.1384 0.0004 0.9233
45.1642 0.0004 0.9234
45.1900 0.0004 0.9235
45.2159 0.0004 0.9236
45.2417 0.0004 0.9237
45.2675 0.0004 0.9238
45.2934 0.0004 0.9239
45.3192 0.0004 0.9240
45.3451 0.0004 0.9241
45.3709 0.0004 0.9242
45.3967 0.0004 0.9243
45.4226 0.0004 0.9244
45.4484 0.0004 0.9245
45.4742 0.0004 0.9246
45.5001 0.0004 0.9247
45.5259 0.0004 0.9248
45.5518 0.0004 0.9249
45.5776 0.0004 0.9250
45.6034 0.0004 0.9251
45.6293 0.0004 0.9252
45.6551 0.0004 0.9253
45.6809 0.0004 0.9254
45.7068 0.0004 0.9255
45.7326 0.0004 0.9256
45.7585 0.0004 0.9257
45.7843 0.0004 0.9258
45.8101 0.0004 0.9259
45.8360 0.0004 0.9260
45.8618 0.0004 0.9261
45.8876 0.0004 0.9262
45.9135 0.0004 0.9263
45.9393 0.0004 0.9264
45.9652 0.0004 0.9265
45.9910 0.0004 0.9266
46.0168 0.0004 0.9267
46.0427 0.0004 0.9268
46.0685 0.0004 0.9269
46.0943 0.0004 0.9270
46.1202 0.0004 0.9271
46.1460 0.0004 0.9272
46.1719 0.0004 0.9273
46.1977 0.0004 0.9274
46.2235 0.0004 0.9275
46.2494 0.0004 0.9275
46.2752 0.0004 0.9276
46.3010 0.0004 0.9277
46.3269 0.0004 0.9278
46.3527 0.0004 0.9279
46.3786 0.0004 0.9280
46.4044 0.0004 0.9281
46.4302 0.0004 0.9282
46.4561 0.0004 0.9283
46.4819 0.0004 0.9284
46.5077 0.0004 0.9285
46.5336 0.0004 0.9286
46.5594 0.0004 0.9287
46.5853 0.0004 0.9288
46.6111 0.0004 0.9289
46.6369 0.0004 0.9289
46.6628 0.0004 0.9290
46.6886 0.0004 0.9291
46.7145 0.0004 0.9292
46.7403 0.0004 0.9293
46.7661 0.0004 0.9294
46.7920 0.0004 0.9295
46.8178 0.0004 0.9296
46.8436 0.0003 0.9297
46.8695 0.0003 0.9298
46.8953 0.0003 0.9299
46.9212 0.0003 0.9299
46.9470 0.0003 0.9300
46.9728 0.0003 0.9301
46.9987 0.0003 0.9302
47.0245 0.0003 0.9303
47.0503 0.0003 0.9304
47.0762 0.0003 0.9305
47.1020 0.0003 0.9306
47.1279 0.0003 0.9307
47.1537 0.0003 0.9307
47.1795 0.0003 0.9308
47.2054 0.0003 0.9309
47.2312 0.0003 0.9310
47.2570 0.0003 0.9311
47.2829 0.0003 0.9312
47.3087 0.0003 0.9313
47.3346 0.0003 0.9314
47.3604 0.0003 0.9314
47.3862 0.0003 0.9315
47.4121 0.0003 0.9316
47.4379 0.0003 0.9317
47.4637 0.0003 0.9318
47.4896 0.0003 0.9319
47.5154 0.0003 0.9320
47.5413 0.0003 0.9320
47.5671 0.0003 0.9321
47.5929 0.0003 0.9322
47.6188 0.0003 0.9323
47.6446 0.0003 0.9324
47.6704 0.0003 0.9325
47.6963 0.0003 0.9326
47.7221 0.0003 0.9326
47.7480 0.0003 0.9327
47.7738 0.0003 0.9328
47.7996 0.0003 0.9329
47.8255 0.0003 0.9330
47.8513 0.0003 0.9331
47.8771 0.0003 0.9331
47.9030 0.0003 0.9332
47.9288 0.0003 0.9333
47.9547 0.0003 0.9334
47.9805 0.0003 0.9335
48.0063 0.0003 0.9336
48.0322 0.0003 0.9336
48.0580 0.0003 0.9337
48.0838 0.0003 0.9338
48.1097 0.0003 0.9339
48.1355 0.0003 0.9340
48.1614 0.0003 0.9340
48.1872 0.0003 0.9341
48.2130 0.0003 0.9342
48.2389 0.0003 0.9343
48.2647 0.0003 0.9344
48.2905 0.0003 0.9344
48.3164 0.0003 0.9345
48.3422 0.0003 0.9346
48.3681 0.0003 0.9347
48.3939 0.0003 0.9348
48.4197 0.0003 0.9348
48.4456 0.0003 0.9349
48.4714 0.0003 0.9350
48.4972 0.0003 0.9351
48.5231 0.0003 0.9352
48.5489 0.0003 0.9352
48.5748 0.0003 0.9353
48.6006 0.0003 0.9354
48.6264 0.0003 0.9355
48.6523 0.0003 0.9356
48.6781 0.0003 0.9356
48.7039 0.0003 0.9357
48.7298 0.0003 0.9358
48.7556 0.0003 0.9359
48.7815 0.0003 0.9360
48.8073 0.0003 0.9360
48.8331 0.0003 0.9361
48.8590 0.0003 0.9362
48.8848 0.0003 0.9363
48.9107 0.0003 0.9363
48.9365 0.0003 0.9364
48.9623 0.0003 0.9365
48.9882 0.0003 0.9366
49.0140 0.0003 0.9366
49.0398 0.0003 0.9367
49.0657 0.0003 0.9368
49.0915 0.0003 0.9369
49.1174 0.0003 0.9369
49.1432 0.0003 0.9370
49.1690 0.0003 0.9371
49.1949 0.0003 0.9372
49.2207 0.0003 0.9373
49.2465 0.0003 0.9373
49.2724 0.0003 0.9374
49.2982 0.0003 0.9375
49.3241 0.0003 0.9375
49.3499 0.0003 0.9376
49.3757 0.0003 0.9377
49.4016 0.0003 0.9378
49.4274 0.0003 0.9378
49.4532 0.0003 0.9379
49.4791 0.0003 0.9380
49.5049 0.0003 0.9381
49.5308 0.0003 0.9381
49.5566 0.0003 0.9382
49.5824 0.0003 0.9383
49.6083 0.0003 0.9384
49.6341 0.0003 0.9384
49.6599 0.0003 0.9385
49.6858 0.0003 0.9386
49.7116 0.0003 0.9387
49.7375 0.0003 0.9387
49.7633 0.0003 0.9388
49.7891 0.0003 0.9389
49.8150 0.0003 0.9389
49.8408 0.0003 0.9390
49.8666 0.0003 0.9391
49.8925 0.0003 0.9392
49.9183 0.0003 0.9392
49.9442 0.0003 0.9393
49.9700 0.0003 0.9394
49.9958 0.0003 0.9394
50.0217 0.0003 0.9395
50.0475 0.0003 0.9396
50.0733 0.0003 0.9397
50.0992 0.0003 0.9397
50.1250 0.0003 0.9398
50.1509 0.0003 0.9399
50.1767 0.0003 0.9399
50.2025 0.0003 0.9400
50.2284 0.0003 0.9401
50.2542 0.0003 0.9401
50.2800 0.0003 0.9402
50.3059 0.0003 0.9403
50.3317 0.0003 0.9404
50.3576 0.0003 0.9404
50.3834 0.0003 0.9405
50.4092 0.0003 0.9406
50.4351 0.0003 0.9406
50.4609 0.0003 0.9407
50.4867 0.0003 0.9408
50.5126 0.0003 0.9408
50.5384 0.0003 0.9409
50.5643 0.0003 0.9410
50.5901 0.0003 0.9410
50.6159 0.0003 0.9411
50.6418 0.0003 0.9412
50.6676 0.0003 0.9412
50.6934 0.0003 0.9413
50.7193 0.0003 0.9414
50.7451 0.0003 0.9414
50.7710 0.0003 0.9415
50.7968 0.0003 0.9416
50.8226 0.0003 0.9416
50.8485 0.0003 0.9417
50.8743 0.0003 0.9418
50.9001 0.0003 0.9418
50.9260 0.0003 0.9419
50.9518 0.0003 0.9420
50.9777 0.0003 0.9420
51.0035 0.0003 0.9421
51.0293 0.0003 0.9422
51.0552 0.0003 0.9422
51.0810 0.0003 0.9423
51.1068 0.0003 0.9424
51.1327 0.0003 0.9424
51.1585 0.0003 0.9425
51.1844 0.0003 0.9426
51.2102 0.0003 0.9426
51.2360 0.0003 0.9427
51.2619 0.0003 0.9428
51.2877 0.0003 0.9428
51.3136 0.0003 0.9429
51.3394 0.0003 0.9430
51.3652 0.0002 0.9430
51.3911 0.0002 0.9431
51.4169 0.0002 0.9432
51.4427 0.0002 0.9432
51.4686 0.0002 0.9433
51.4944 0.0002 0.9433
51.5203 0.0002 0.9434
51.5461 0.0002 0.9435
51.5719 0.0002 0.9435
51.5978 0.0002 0.9436
51.6236 0.0002 0.9437
51.6494 0.0002 0.9437
