0.0000 0.0000 10.2080
0.0198 0.3623 10.2137
0.0395 0.7382 10.2286
0.0593 1.1407 10.2459
0.0790 1.5806 10.2538
0.0988 2.0652 10.2361
0.1185 2.5963 10.1720
0.1383 3.1677 10.0386
0.1580 3.7636 9.8133
0.1778 4.3581 9.4784
0.1975 4.9170 9.0257
0.2173 5.4016 8.4605
0.2370 5.7752 7.8034
0.2568 6.0095 7.0894
0.2765 6.0911 6.3631
0.2963 6.0244 5.6719
0.3160 5.8314 5.0575
0.3358 5.5470 4.5496
0.3555 5.2131 4.1620
0.3753 4.8706 3.8916
0.3951 4.5534 3.7217
0.4148 4.2840 3.6272
0.4346 4.0724 3.5799
0.4543 3.9176 3.5540
0.4741 3.8104 3.5297
0.4938 3.7375 3.4946
0.5136 3.6855 3.4439
0.5333 3.6432 3.3783
0.5531 3.6035 3.3013
0.5728 3.5630 3.2168
0.5926 3.5204 3.1277
0.6123 3.4755 3.0348
0.6321 3.4268 2.9380
0.6518 3.3717 2.8375
0.6716 3.3067 2.7347
0.6913 3.2286 2.6337
0.7111 3.1360 2.5400
0.7309 3.0307 2.4600
0.7506 2.9171 2.3991
0.7704 2.8022 2.3603
0.7901 2.6937 2.3431
0.8099 2.5983 2.3437
0.8296 2.5202 2.3562
0.8494 2.4610 2.3734
0.8691 2.4189 2.3890
0.8889 2.3904 2.3982
0.9086 2.3707 2.3983
0.9284 2.3553 2.3890
0.9481 2.3403 2.3712
0.9679 2.3233 2.3469
0.9876 2.3027 2.3182
1.0074 2.2777 2.2870
1.0271 2.2481 2.2552
1.0469 2.2138 2.2243
1.0666 2.1753 2.1963
1.0864 2.1336 2.1726
1.1062 2.0903 2.1547
1.1259 2.0478 2.1428
1.1457 2.0082 2.1364
1.1654 1.9734 2.1337
1.1852 1.9437 2.1323
1.2049 1.9187 2.1300
1.2247 1.8963 2.1253
1.2444 1.8744 2.1179
1.2642 1.8511 2.1091
1.2839 1.8256 2.1008
1.3037 1.7985 2.0951
1.3234 1.7714 2.0935
1.3432 1.7467 2.0960
1.3629 1.7264 2.1013
1.3827 1.7117 2.1074
1.4024 1.7022 2.1116
1.4222 1.6967 2.1120
1.4420 1.6927 2.1075
1.4617 1.6881 2.0984
1.4815 1.6811 2.0855
1.5012 1.6705 2.0707
1.5210 1.6562 2.0556
1.5407 1.6384 2.0415
1.5605 1.6179 2.0295
1.5802 1.5955 2.0204
1.6000 1.5720 2.0146
1.6197 1.5484 2.0125
1.6395 1.5258 2.0141
1.6592 1.5053 2.0192
1.6790 1.4880 2.0270
1.6987 1.4747 2.0364
1.7185 1.4657 2.0462
1.7382 1.4608 2.0548
1.7580 1.4594 2.0610
1.7777 1.4603 2.0641
1.7975 1.4623 2.0636
1.8173 1.4641 2.0593
1.8370 1.4647 2.0518
1.8568 1.4629 2.0416
1.8765 1.4580 2.0297
1.8963 1.4494 2.0172
1.9160 1.4368 2.0056
1.9358 1.4207 1.9962
1.9555 1.4018 1.9906
1.9753 1.3817 1.9897
1.9950 1.3622 1.9942
2.0148 1.3453 2.0036
2.0345 1.3328 2.0168
2.0543 1.3262 2.0319
2.0740 1.3258 2.0465
2.0938 1.3310 2.0583
2.1135 1.3402 2.0652
2.1333 1.3512 2.0661
2.1530 1.3613 2.0607
2.1728 1.3680 2.0501
2.1926 1.3693 2.0361
2.2123 1.3644 2.0215
2.2321 1.3533 2.0090
2.2518 1.3377 2.0011
2.2716 1.3199 1.9995
2.2913 1.3029 2.0045
2.3111 1.2894 2.0153
2.3308 1.2816 2.0298
2.3506 1.2806 2.0452
2.3703 1.2857 2.0584
2.3901 1.2955 2.0672
2.4098 1.3072 2.0701
2.4296 1.3180 2.0671
2.4493 1.3255 2.0596
2.4691 1.3281 2.0498
2.4888 1.3255 2.0403
2.5086 1.3187 2.0335
2.5284 1.3095 2.0310
2.5481 1.3002 2.0333
2.5679 1.2932 2.0398
2.5876 1.2898 2.0488
2.6074 1.2907 2.0584
2.6271 1.2954 2.0665
2.6469 1.3026 2.0719
2.6666 1.3105 2.0739
2.6864 1.3176 2.0731
2.7061 1.3227 2.0704
2.7259 1.3254 2.0672
2.7456 1.3260 2.0650
2.7654 1.3255 2.0645
2.7851 1.3249 2.0659
2.8049 1.3252 2.0690
2.8246 1.3270 2.0731
2.8444 1.3303 2.0774
2.8641 1.3349 2.0812
2.8839 1.3404 2.0844
2.9037 1.3462 2.0868
2.9234 1.3522 2.0886
2.9432 1.3580 2.0901
2.9629 1.3637 2.0915
2.9827 1.3694 2.0931
3.0024 1.3753 2.0950
3.0222 1.3816 2.0970
3.0419 1.3885 2.0993
3.0617 1.3960 2.1015
3.0814 1.4042 2.1035
3.1012 1.4131 2.1052
3.1209 1.4223 2.1063
3.1407 1.4316 2.1068
3.1604 1.4410 2.1070
3.1802 1.4503 2.1070
3.1999 1.4596 2.1070
3.2197 1.4691 2.1072
3.2394 1.4789 2.1076
3.2592 1.4893 2.1079
3.2790 1.5003 2.1080
3.2987 1.5117 2.1078
3.3185 1.5233 2.1072
3.3382 1.5350 2.1064
3.3580 1.5468 2.1057
3.3777 1.5590 2.1051
3.3975 1.5716 2.1047
3.4172 1.5850 2.1043
3.4370 1.5992 2.1038
3.4567 1.6141 2.1029
3.4765 1.6295 2.1017
3.4962 1.6453 2.1003
3.5160 1.6614 2.0990
3.5357 1.6782 2.0982
3.5555 1.6963 2.0982
3.5752 1.7165 2.0986
3.5950 1.7395 2.0991
3.6148 1.7659 2.0985
3.6345 1.7957 2.0958
3.6543 1.8285 2.0896
3.6740 1.8635 2.0790
3.6938 1.8994 2.0633
3.7135 1.9348 2.0423
3.7333 1.9686 2.0162
3.7530 1.9994 1.9859
3.7728 2.0267 1.9522
3.7925 2.0499 1.9161
3.8123 2.0689 1.8786
3.8320 2.0839 1.8406
3.8518 2.0949 1.8031
3.8715 2.1026 1.7669
3.8913 2.1075 1.7328
3.9110 2.1107 1.7013
3.9308 2.1135 1.6728
3.9505 2.1173 1.6470
3.9703 2.1236 1.6230
3.9901 2.1333 1.5993
4.0098 2.1470 1.5739
4.0296 2.1640 1.5446
4.0493 2.1831 1.5095
4.0691 2.2020 1.4672
4.0888 2.2181 1.4173
4.1086 2.2287 1.3605
4.1283 2.2317 1.2982
4.1481 2.2252 1.2327
4.1678 2.2085 1.1665
4.1876 2.1817 1.1022
4.2073 2.1457 1.0424
4.2271 2.1020 0.9887
4.2468 2.0523 0.9426
4.2666 1.9987 0.9046
4.2863 1.9429 0.8747
4.3061 1.8866 0.8524
4.3259 1.8308 0.8371
4.3456 1.7763 0.8280
4.3654 1.7235 0.8243
4.3851 1.6726 0.8255
4.4049 1.6237 0.8313
4.4246 1.5769 0.8417
4.4444 1.5327 0.8565
4.4641 1.4918 0.8758
4.4839 1.4547 0.8992
4.5036 1.4224 0.9261
4.5234 1.3952 0.9556
4.5431 1.3736 0.9866
4.5629 1.3575 1.0179
4.5826 1.3463 1.0485
4.6024 1.3394 1.0778
4.6221 1.3359 1.1053
4.6419 1.3350 1.1310
4.6616 1.3361 1.1551
4.6814 1.3391 1.1780
4.7012 1.3437 1.2001
4.7209 1.3502 1.2215
4.7407 1.3590 1.2421
4.7604 1.3702 1.2618
4.7802 1.3839 1.2802
4.7999 1.4002 1.2966
4.8197 1.4187 1.3107
4.8394 1.4390 1.3221
4.8592 1.4607 1.3306
4.8789 1.4833 1.3360
4.8987 1.5064 1.3382
4.9184 1.5295 1.3373
4.9382 1.5521 1.3333
4.9579 1.5738 1.3262
4.9777 1.5937 1.3162
4.9974 1.6114 1.3038
5.0172 1.6262 1.2897
5.0369 1.6379 1.2746
5.0567 1.6463 1.2597
5.0765 1.6519 1.2459
5.0962 1.6553 1.2340
5.1160 1.6574 1.2246
5.1357 1.6592 1.2178
5.1555 1.6616 1.2135
5.1752 1.6654 1.2112
5.1950 1.6711 1.2103
5.2147 1.6790 1.2102
5.2345 1.6893 1.2103
5.2542 1.7018 1.2100
5.2740 1.7165 1.2088
5.2937 1.7333 1.2063
5.3135 1.7517 1.2020
5.3332 1.7715 1.1957
5.3530 1.7923 1.1870
5.3727 1.8135 1.1758
5.3925 1.8345 1.1621
5.4123 1.8550 1.1463
5.4320 1.8745 1.1287
5.4518 1.8930 1.1097
5.4715 1.9104 1.0898
5.4913 1.9272 1.0693
5.5110 1.9435 1.0483
5.5308 1.9599 1.0268
5.5505 1.9766 1.0047
5.5703 1.9939 0.9814
5.5900 2.0119 0.9565
5.6098 2.0305 0.9294
5.6295 2.0493 0.8996
5.6493 2.0677 0.8666
5.6690 2.0849 0.8300
5.6888 2.1000 0.7898
5.7085 2.1118 0.7467
5.7283 2.1197 0.7013
5.7480 2.1232 0.6547
5.7678 2.1225 0.6083
5.7876 2.1181 0.5629
5.8073 2.1110 0.5193
5.8271 2.1023 0.4774
5.8468 2.0929 0.4369
5.8666 2.0836 0.3968
5.8863 2.0742 0.3560
5.9061 2.0641 0.3135
5.9258 2.0524 0.2687
5.9456 2.0376 0.2215
5.9653 2.0184 0.1725
5.9851 1.9936 0.1228
6.0048 1.9627 0.0741
6.0246 1.9259 0.0280
6.0443 1.8839 -0.0138
6.0641 1.8379 -0.0501
6.0838 1.7895 -0.0803
6.1036 1.7404 -0.1043
6.1234 1.6921 -0.1226
6.1431 1.6456 -0.1362
6.1629 1.6016 -0.1461
6.1826 1.5603 -0.1534
6.2024 1.5215 -0.1591
6.2221 1.4847 -0.1639
6.2419 1.4494 -0.1681
6.2616 1.4152 -0.1719
6.2814 1.3816 -0.1752
6.3011 1.3484 -0.1778
6.3209 1.3154 -0.1796
6.3406 1.2827 -0.1802
6.3604 1.2503 -0.1794
6.3801 1.2185 -0.1773
6.3999 1.1876 -0.1737
6.4196 1.1578 -0.1686
6.4394 1.1293 -0.1624
6.4591 1.1023 -0.1552
6.4789 1.0770 -0.1474
6.4987 1.0532 -0.1392
6.5184 1.0309 -0.1311
6.5382 1.0098 -0.1231
6.5579 0.9896 -0.1156
6.5777 0.9701 -0.1084
6.5974 0.9510 -0.1014
6.6172 0.9321 -0.0944
6.6369 0.9134 -0.0873
6.6567 0.8951 -0.0797
6.6764 0.8774 -0.0717
6.6962 0.8604 -0.0632
6.7159 0.8444 -0.0543
6.7357 0.8294 -0.0454
6.7554 0.8156 -0.0366
6.7752 0.8028 -0.0282
6.7949 0.7908 -0.0205
6.8147 0.7794 -0.0135
6.8344 0.7684 -0.0074
6.8542 0.7575 -0.0021
6.8740 0.7464 0.0024
6.8937 0.7348 0.0062
6.9135 0.7224 0.0097
6.9332 0.7093 0.0133
6.9530 0.6954 0.0172
6.9727 0.6809 0.0218
6.9925 0.6660 0.0274
7.0122 0.6512 0.0342
7.0320 0.6368 0.0421
7.0517 0.6231 0.0511
7.0715 0.6104 0.0608
7.0912 0.5990 0.0711
7.1110 0.5889 0.0817
7.1307 0.5801 0.0921
7.1505 0.5725 0.1022
7.1702 0.5661 0.1115
7.1900 0.5606 0.1200
7.2098 0.5557 0.1274
7.2295 0.5512 0.1335
7.2493 0.5465 0.1385
7.2690 0.5415 0.1424
7.2888 0.5357 0.1455
7.3085 0.5290 0.1481
7.3283 0.5214 0.1506
7.3480 0.5128 0.1534
7.3678 0.5035 0.1567
7.3875 0.4938 0.1607
7.4073 0.4839 0.1656
7.4270 0.4740 0.1713
7.4468 0.4646 0.1777
7.4665 0.4556 0.1848
7.4863 0.4473 0.1924
7.5060 0.4397 0.2003
7.5258 0.4330 0.2083
7.5455 0.4270 0.2162
7.5653 0.4219 0.2238
7.5851 0.4174 0.2310
7.6048 0.4134 0.2376
7.6246 0.4097 0.2434
7.6443 0.4061 0.2485
7.6641 0.4022 0.2530
7.6838 0.3979 0.2570
7.7036 0.3931 0.2607
7.7233 0.3878 0.2644
7.7431 0.3821 0.2683
7.7628 0.3760 0.2726
7.7826 0.3699 0.2774
7.8023 0.3639 0.2826
7.8221 0.3583 0.2881
7.8418 0.3530 0.2939
7.8616 0.3482 0.2997
7.8813 0.3437 0.3054
7.9011 0.3395 0.3110
7.9209 0.3356 0.3165
7.9406 0.3319 0.3217
7.9604 0.3283 0.3268
7.9801 0.3248 0.3316
7.9999 0.3215 0.3363
8.0196 0.3182 0.3407
8.0394 0.3149 0.3449
8.0591 0.3115 0.3488
8.0789 0.3079 0.3525
8.0986 0.3041 0.3561
8.1184 0.2999 0.3597
8.1381 0.2955 0.3635
8.1579 0.2909 0.3676
8.1776 0.2863 0.3721
8.1974 0.2818 0.3770
8.2171 0.2775 0.3823
8.2369 0.2737 0.3878
8.2566 0.2702 0.3935
8.2764 0.2673 0.3992
8.2962 0.2649 0.4048
8.3159 0.2629 0.4102
8.3357 0.2613 0.4153
8.3554 0.2600 0.4199
8.3752 0.2589 0.4241
8.3949 0.2579 0.4278
8.4147 0.2569 0.4310
8.4344 0.2557 0.4338
8.4542 0.2542 0.4361
8.4739 0.2523 0.4382
8.4937 0.2500 0.4400
8.5134 0.2472 0.4418
8.5332 0.2439 0.4436
8.5529 0.2402 0.4458
8.5727 0.2362 0.4484
8.5924 0.2320 0.4515
8.6122 0.2278 0.4552
8.6319 0.2239 0.4593
8.6517 0.2203 0.4638
8.6715 0.2172 0.4685
8.6912 0.2145 0.4733
8.7110 0.2123 0.4781
8.7307 0.2105 0.4828
8.7505 0.2090 0.4872
8.7702 0.2079 0.4914
8.7900 0.2070 0.4953
8.8097 0.2063 0.4988
8.8295 0.2057 0.5018
8.8492 0.2050 0.5045
8.8690 0.2042 0.5067
8.8887 0.2031 0.5085
8.9085 0.2016 0.5101
8.9282 0.1997 0.5115
8.9480 0.1973 0.5130
8.9677 0.1945 0.5147
8.9875 0.1914 0.5166
9.0073 0.1881 0.5190
9.0270 0.1847 0.5219
9.0468 0.1815 0.5251
9.0665 0.1785 0.5287
9.0863 0.1758 0.5326
9.1060 0.1735 0.5365
9.1258 0.1716 0.5405
9.1455 0.1700 0.5443
9.1653 0.1686 0.5480
9.1850 0.1674 0.5515
9.2048 0.1664 0.5548
9.2245 0.1655 0.5579
9.2443 0.1646 0.5609
9.2640 0.1638 0.5636
9.2838 0.1631 0.5661
9.3035 0.1623 0.5682
9.3233 0.1614 0.5702
9.3430 0.1603 0.5719
9.3628 0.1589 0.5735
9.3826 0.1572 0.5750
9.4023 0.1552 0.5766
9.4221 0.1529 0.5784
9.4418 0.1504 0.5804
9.4616 0.1479 0.5827
9.4813 0.1454 0.5854
9.5011 0.1431 0.5883
9.5208 0.1411 0.5914
9.5406 0.1392 0.5946
9.5603 0.1377 0.5977
9.5801 0.1365 0.6008
9.5998 0.1354 0.6037
9.6196 0.1345 0.6064
9.6393 0.1336 0.6088
9.6591 0.1327 0.6109
9.6788 0.1317 0.6129
9.6986 0.1305 0.6147
9.7183 0.1291 0.6163
9.7381 0.1275 0.6180
9.7579 0.1257 0.6197
9.7776 0.1237 0.6215
9.7974 0.1215 0.6235
9.8171 0.1193 0.6256
9.8369 0.1171 0.6280
9.8566 0.1148 0.6305
9.8764 0.1127 0.6331
9.8961 0.1106 0.6359
9.9159 0.1087 0.6387
9.9356 0.1069 0.6416
9.9554 0.1052 0.6445
9.9751 0.1036 0.6474
9.9949 0.1020 0.6503
10.0146 0.1005 0.6532
10.0344 0.0990 0.6560
10.0541 0.0975 0.6589
10.0739 0.0960 0.6617
10.0937 0.0946 0.6646
10.1134 0.0931 0.6675
10.1332 0.0917 0.6705
10.1529 0.0903 0.6736
10.1727 0.0889 0.6767
10.1924 0.0877 0.6799
10.2122 0.0865 0.6831
10.2319 0.0854 0.6864
10.2517 0.0845 0.6897
10.2714 0.0837 0.6930
10.2912 0.0831 0.6963
10.3109 0.0826 0.6996
10.3307 0.0822 0.7027
10.3504 0.0819 0.7058
10.3702 0.0816 0.7088
10.3899 0.0814 0.7117
10.4097 0.0812 0.7144
10.4294 0.0810 0.7172
10.4492 0.0808 0.7199
10.4690 0.0806 0.7226
10.4887 0.0805 0.7253
10.5085 0.0804 0.7279
10.5282 0.0803 0.7306
10.5480 0.0804 0.7332
10.5677 0.0805 0.7358
10.5875 0.0807 0.7383
10.6072 0.0809 0.7407
10.6270 0.0812 0.7430
10.6467 0.0816 0.7452
10.6665 0.0819 0.7473
10.6862 0.0822 0.7492
10.7060 0.0825 0.7511
10.7257 0.0828 0.7529
10.7455 0.0830 0.7546
10.7652 0.0831 0.7562
10.7850 0.0832 0.7578
10.8048 0.0832 0.7593
10.8245 0.0832 0.7608
10.8443 0.0831 0.7623
10.8640 0.0829 0.7638
10.8838 0.0827 0.7654
10.9035 0.0825 0.7669
10.9233 0.0823 0.7683
10.9430 0.0821 0.7698
10.9628 0.0819 0.7712
10.9825 0.0816 0.7725
11.0023 0.0812 0.7739
11.0220 0.0807 0.7752
11.0418 0.0801 0.7764
11.0615 0.0794 0.7778
11.0813 0.0786 0.7791
11.1010 0.0777 0.7806
11.1208 0.0767 0.7822
11.1405 0.0756 0.7839
11.1603 0.0746 0.7858
11.1801 0.0735 0.7878
11.1998 0.0726 0.7900
11.2196 0.0716 0.7923
11.2393 0.0708 0.7946
11.2591 0.0701 0.7971
11.2788 0.0695 0.7996
11.2986 0.0690 0.8021
11.3183 0.0686 0.8047
11.3381 0.0683 0.8073
11.3578 0.0682 0.8099
11.3776 0.0681 0.8124
11.3973 0.0681 0.8149
11.4171 0.0682 0.8175
11.4368 0.0683 0.8199
11.4566 0.0685 0.8224
11.4763 0.0688 0.8248
11.4961 0.0692 0.8271
11.5158 0.0696 0.8294
11.5356 0.0701 0.8317
11.5554 0.0706 0.8339
11.5751 0.0711 0.8361
11.5949 0.0718 0.8382
11.6146 0.0724 0.8402
11.6344 0.0731 0.8422
11.6541 0.0738 0.8440
11.6739 0.0745 0.8458
11.6936 0.0752 0.8475
11.7134 0.0759 0.8491
11.7331 0.0765 0.8507
11.7529 0.0770 0.8522
11.7726 0.0775 0.8537
11.7924 0.0779 0.8552
11.8121 0.0782 0.8567
11.8319 0.0785 0.8583
11.8516 0.0788 0.8599
11.8714 0.0790 0.8616
11.8912 0.0793 0.8633
11.9109 0.0796 0.8652
11.9307 0.0800 0.8671
11.9504 0.0805 0.8690
11.9702 0.0810 0.8709
11.9899 0.0816 0.8729
12.0097 0.0823 0.8748
12.0294 0.0831 0.8768
12.0492 0.0839 0.8787
12.0689 0.0849 0.8805
12.0887 0.0859 0.8824
12.1084 0.0869 0.8841
12.1282 0.0880 0.8859
12.1479 0.0892 0.8876
12.1677 0.0904 0.8892
12.1874 0.0917 0.8907
12.2072 0.0930 0.8922
12.2269 0.0944 0.8936
12.2467 0.0958 0.8950
12.2665 0.0973 0.8962
12.2862 0.0988 0.8974
12.3060 0.1004 0.8984
12.3257 0.1019 0.8994
12.3455 0.1035 0.9002
12.3652 0.1051 0.9009
12.3850 0.1067 0.9015
12.4047 0.1083 0.9019
12.4245 0.1098 0.9022
12.4442 0.1112 0.9024
12.4640 0.1126 0.9024
12.4837 0.1139 0.9022
12.5035 0.1150 0.9020
12.5232 0.1160 0.9016
12.5430 0.1168 0.9012
12.5627 0.1174 0.9007
12.5825 0.1177 0.9002
12.6023 0.1179 0.8997
12.6220 0.1179 0.8993
12.6418 0.1177 0.8990
12.6615 0.1174 0.8988
12.6813 0.1169 0.8988
12.7010 0.1163 0.8989
12.7208 0.1156 0.8992
12.7405 0.1149 0.8996
12.7603 0.1142 0.9003
12.7800 0.1135 0.9011
12.7998 0.1129 0.9020
12.8195 0.1123 0.9031
12.8393 0.1118 0.9044
12.8590 0.1114 0.9057
12.8788 0.1111 0.9070
12.8985 0.1109 0.9084
12.9183 0.1108 0.9099
12.9380 0.1108 0.9113
12.9578 0.1108 0.9128
12.9776 0.1109 0.9143
12.9973 0.1111 0.9159
13.0171 0.1113 0.9174
13.0368 0.1116 0.9190
13.0566 0.1120 0.9205
13.0763 0.1124 0.9221
13.0961 0.1129 0.9237
13.1158 0.1136 0.9252
13.1356 0.1142 0.9267
13.1553 0.1150 0.9281
13.1751 0.1157 0.9296
13.1948 0.1165 0.9309
13.2146 0.1174 0.9323
13.2343 0.1182 0.9336
13.2541 0.1191 0.9349
13.2738 0.1200 0.9362
13.2936 0.1209 0.9374
13.3133 0.1219 0.9387
13.3331 0.1228 0.9399
13.3529 0.1239 0.9411
13.3726 0.1249 0.9423
13.3924 0.1260 0.9434
13.4121 0.1271 0.9445
13.4319 0.1283 0.9456
13.4516 0.1294 0.9467
13.4714 0.1306 0.9477
13.4911 0.1318 0.9487
13.5109 0.1331 0.9497
13.5306 0.1344 0.9506
13.5504 0.1357 0.9515
13.5701 0.1371 0.9523
13.5899 0.1384 0.9531
13.6096 0.1398 0.9537
13.6294 0.1411 0.9544
13.6491 0.1424 0.9549
13.6689 0.1437 0.9554
13.6887 0.1449 0.9559
13.7084 0.1460 0.9563
13.7282 0.1471 0.9568
13.7479 0.1482 0.9573
13.7677 0.1492 0.9579
13.7874 0.1503 0.9585
13.8072 0.1513 0.9592
13.8269 0.1524 0.9599
13.8467 0.1536 0.9606
13.8664 0.1549 0.9613
13.8862 0.1562 0.9621
13.9059 0.1576 0.9627
13.9257 0.1591 0.9633
13.9454 0.1607 0.9639
13.9652 0.1623 0.9643
13.9849 0.1639 0.9647
14.0047 0.1655 0.9649
14.0244 0.1670 0.9651
14.0442 0.1686 0.9651
14.0640 0.1700 0.9651
14.0837 0.1714 0.9651
14.1035 0.1727 0.9650
14.1232 0.1740 0.9650
14.1430 0.1752 0.9649
14.1627 0.1764 0.9649
14.1825 0.1775 0.9648
14.2022 0.1787 0.9648
14.2220 0.1797 0.9648
14.2417 0.1808 0.9647
14.2615 0.1819 0.9647
14.2812 0.1829 0.9648
14.3010 0.1839 0.9648
14.3207 0.1849 0.9649
14.3405 0.1859 0.9650
14.3602 0.1869 0.9652
14.3800 0.1880 0.9654
14.3998 0.1891 0.9656
14.4195 0.1903 0.9659
14.4393 0.1915 0.9661
14.4590 0.1927 0.9662
14.4788 0.1939 0.9664
14.4985 0.1952 0.9665
14.5183 0.1965 0.9666
14.5380 0.1977 0.9667
14.5578 0.1990 0.9668
14.5775 0.2002 0.9669
14.5973 0.2015 0.9671
14.6170 0.2027 0.9672
14.6368 0.2040 0.9674
14.6565 0.2053 0.9676
14.6763 0.2066 0.9678
14.6960 0.2080 0.9681
14.7158 0.2095 0.9684
14.7355 0.2111 0.9688
14.7553 0.2128 0.9691
14.7751 0.2146 0.9695
14.7948 0.2166 0.9698
14.8146 0.2187 0.9699
14.8343 0.2210 0.9700
14.8541 0.2233 0.9699
14.8738 0.2256 0.9696
14.8936 0.2280 0.9692
14.9133 0.2304 0.9686
14.9331 0.2328 0.9679
14.9528 0.2351 0.9671
14.9726 0.2374 0.9661
14.9923 0.2397 0.9650
15.0121 0.2419 0.9638
15.0318 0.2440 0.9625
15.0516 0.2461 0.9611
15.0713 0.2481 0.9595
15.0911 0.2499 0.9578
15.1108 0.2516 0.9561
15.1306 0.2532 0.9543
15.1504 0.2546 0.9525
15.1701 0.2558 0.9507
15.1899 0.2569 0.9490
15.2096 0.2579 0.9473
15.2294 0.2588 0.9457
15.2491 0.2596 0.9443
15.2689 0.2603 0.9429
15.2886 0.2611 0.9417
15.3084 0.2619 0.9406
15.3281 0.2627 0.9396
15.3479 0.2637 0.9386
15.3676 0.2647 0.9378
15.3874 0.2658 0.9369
15.4071 0.2671 0.9360
15.4269 0.2684 0.9351
15.4466 0.2698 0.9340
15.4664 0.2713 0.9330
15.4862 0.2728 0.9318
15.5059 0.2743 0.9306
15.5257 0.2758 0.9293
15.5454 0.2773 0.9279
15.5652 0.2789 0.9265
15.5849 0.2804 0.9251
15.6047 0.2820 0.9236
15.6244 0.2836 0.9221
15.6442 0.2853 0.9205
15.6639 0.2870 0.9188
15.6837 0.2888 0.9170
15.7034 0.2906 0.9151
15.7232 0.2923 0.9130
15.7429 0.2941 0.9107
15.7627 0.2957 0.9082
15.7824 0.2972 0.9057
15.8022 0.2986 0.9030
15.8219 0.2998 0.9004
15.8417 0.3010 0.8977
15.8615 0.3020 0.8950
15.8812 0.3030 0.8923
15.9010 0.3039 0.8896
15.9207 0.3049 0.8869
15.9405 0.3058 0.8841
15.9602 0.3067 0.8812
15.9800 0.3076 0.8782
15.9997 0.3083 0.8751
16.0195 0.3090 0.8719
16.0392 0.3095 0.8687
16.0590 0.3098 0.8654
16.0787 0.3100 0.8621
16.0985 0.3100 0.8589
16.1182 0.3099 0.8556
16.1380 0.3098 0.8525
16.1577 0.3096 0.8494
16.1775 0.3093 0.8463
16.1972 0.3090 0.8432
16.2170 0.3086 0.8401
16.2368 0.3082 0.8370
16.2565 0.3076 0.8340
16.2763 0.3070 0.8309
16.2960 0.3064 0.8279
16.3158 0.3057 0.8249
16.3355 0.3049 0.8219
16.3553 0.3041 0.8190
16.3750 0.3033 0.8160
16.3948 0.3025 0.8131
16.4145 0.3017 0.8101
16.4343 0.3008 0.8070
16.4540 0.2998 0.8039
16.4738 0.2988 0.8006
16.4935 0.2976 0.7974
16.5133 0.2962 0.7941
16.5330 0.2946 0.7907
16.5528 0.2929 0.7874
16.5726 0.2909 0.7842
16.5923 0.2888 0.7811
16.6121 0.2864 0.7781
16.6318 0.2840 0.7752
16.6516 0.2814 0.7726
16.6713 0.2788 0.7701
16.6911 0.2761 0.7678
16.7108 0.2734 0.7657
16.7306 0.2708 0.7637
16.7503 0.2681 0.7619
16.7701 0.2655 0.7602
16.7898 0.2629 0.7586
16.8096 0.2604 0.7571
16.8293 0.2580 0.7557
16.8491 0.2557 0.7544
16.8688 0.2534 0.7530
16.8886 0.2512 0.7516
16.9083 0.2491 0.7502
16.9281 0.2469 0.7488
16.9479 0.2448 0.7473
16.9676 0.2425 0.7458
16.9874 0.2402 0.7442
17.0071 0.2377 0.7427
17.0269 0.2352 0.7413
17.0466 0.2325 0.7399
17.0664 0.2298 0.7387
17.0861 0.2271 0.7375
17.1059 0.2243 0.7366
17.1256 0.2215 0.7358
17.1454 0.2188 0.7351
17.1651 0.2161 0.7345
17.1849 0.2135 0.7341
17.2046 0.2111 0.7337
17.2244 0.2087 0.7333
17.2441 0.2064 0.7329
17.2639 0.2042 0.7325
17.2837 0.2021 0.7321
17.3034 0.1999 0.7316
17.3232 0.1977 0.7311
17.3429 0.1955 0.7306
17.3627 0.1932 0.7301
17.3824 0.1909 0.7296
17.4022 0.1885 0.7293
17.4219 0.1862 0.7290
17.4417 0.1838 0.7288
17.4614 0.1815 0.7287
17.4812 0.1793 0.7286
17.5009 0.1772 0.7285
17.5207 0.1751 0.7285
17.5404 0.1730 0.7284
17.5602 0.1710 0.7283
17.5799 0.1689 0.7281
17.5997 0.1668 0.7280
17.6194 0.1646 0.7278
17.6392 0.1624 0.7278
17.6590 0.1602 0.7278
17.6787 0.1579 0.7279
17.6985 0.1557 0.7280
17.7182 0.1535 0.7283
17.7380 0.1514 0.7286
17.7577 0.1494 0.7289
17.7775 0.1474 0.7293
17.7972 0.1455 0.7296
17.8170 0.1436 0.7299
17.8367 0.1417 0.7303
17.8565 0.1398 0.7306
17.8762 0.1379 0.7310
17.8960 0.1360 0.7313
17.9157 0.1341 0.7317
17.9355 0.1322 0.7322
17.9552 0.1304 0.7326
17.9750 0.1286 0.7331
17.9947 0.1268 0.7337
18.0145 0.1250 0.7343
18.0343 0.1233 0.7349
18.0540 0.1217 0.7355
18.0738 0.1201 0.7361
18.0935 0.1185 0.7367
18.1133 0.1170 0.7373
18.1330 0.1155 0.7379
18.1528 0.1141 0.7384
18.1725 0.1127 0.7390
18.1923 0.1112 0.7395
18.2120 0.1098 0.7400
18.2318 0.1083 0.7404
18.2515 0.1068 0.7409
18.2713 0.1053 0.7414
18.2910 0.1038 0.7419
18.3108 0.1023 0.7425
18.3305 0.1008 0.7430
18.3503 0.0994 0.7436
18.3701 0.0979 0.7443
18.3898 0.0965 0.7449
18.4096 0.0951 0.7455
18.4293 0.0937 0.7462
18.4491 0.0923 0.7468
18.4688 0.0910 0.7475
18.4886 0.0896 0.7481
18.5083 0.0883 0.7487
18.5281 0.0870 0.7494
18.5478 0.0856 0.7500
18.5676 0.0843 0.7507
18.5873 0.0830 0.7513
18.6071 0.0816 0.7520
18.6268 0.0803 0.7527
18.6466 0.0790 0.7534
18.6663 0.0776 0.7541
18.6861 0.0763 0.7548
18.7058 0.0750 0.7556
18.7256 0.0737 0.7564
18.7454 0.0724 0.7572
18.7651 0.0711 0.7580
18.7849 0.0699 0.7589
18.8046 0.0687 0.7598
18.8244 0.0674 0.7607
18.8441 0.0663 0.7616
18.8639 0.0651 0.7626
18.8836 0.0640 0.7635
18.9034 0.0629 0.7645
18.9231 0.0619 0.7655
18.9429 0.0609 0.7665
18.9626 0.0600 0.7675
18.9824 0.0590 0.7684
19.0021 0.0581 0.7694
19.0219 0.0573 0.7703
19.0416 0.0564 0.7712
19.0614 0.0556 0.7721
19.0812 0.0548 0.7730
19.1009 0.0539 0.7739
19.1207 0.0531 0.7748
19.1404 0.0523 0.7757
19.1602 0.0515 0.7765
19.1799 0.0507 0.7774
19.1997 0.0499 0.7782
19.2194 0.0491 0.7791
19.2392 0.0484 0.7800
19.2589 0.0476 0.7809
19.2787 0.0468 0.7818
19.2984 0.0461 0.7827
19.3182 0.0454 0.7836
19.3379 0.0447 0.7845
19.3577 0.0441 0.7854
19.3774 0.0435 0.7863
19.3972 0.0429 0.7872
19.4169 0.0423 0.7880
19.4367 0.0418 0.7888
19.4565 0.0412 0.7896
19.4762 0.0407 0.7904
19.4960 0.0401 0.7912
19.5157 0.0395 0.7920
19.5355 0.0390 0.7927
19.5552 0.0384 0.7934
19.5750 0.0378 0.7942
19.5947 0.0372 0.7949
19.6145 0.0367 0.7957
19.6342 0.0361 0.7964
19.6540 0.0355 0.7972
19.6737 0.0349 0.7980
19.6935 0.0343 0.7987
19.7132 0.0338 0.7995
19.7330 0.0332 0.8003
19.7527 0.0327 0.8011
19.7725 0.0321 0.8019
19.7922 0.0316 0.8027
19.8120 0.0311 0.8034
19.8318 0.0306 0.8042
19.8515 0.0301 0.8050
19.8713 0.0296 0.8058
19.8910 0.0292 0.8066
19.9108 0.0287 0.8074
19.9305 0.0283 0.8082
19.9503 0.0278 0.8090
19.9700 0.0274 0.8098
19.9898 0.0270 0.8105
20.0095 0.0266 0.8113
20.0293 0.0262 0.8121
20.0490 0.0258 0.8128
20.0688 0.0254 0.8136
20.0885 0.0250 0.8144
20.1083 0.0246 0.8151
20.1280 0.0243 0.8159
20.1478 0.0239 0.8166
20.1676 0.0235 0.8174
20.1873 0.0232 0.8182
20.2071 0.0229 0.8189
20.2268 0.0225 0.8197
20.2466 0.0222 0.8205
20.2663 0.0220 0.8212
20.2861 0.0217 0.8220
20.3058 0.0214 0.8227
20.3256 0.0212 0.8235
20.3453 0.0210 0.8242
20.3651 0.0207 0.8249
20.3848 0.0205 0.8257
20.4046 0.0204 0.8264
20.4243 0.0202 0.8270
20.4441 0.0200 0.8277
20.4638 0.0199 0.8284
20.4836 0.0197 0.8290
20.5033 0.0196 0.8296
20.5231 0.0194 0.8302
20.5429 0.0193 0.8308
20.5626 0.0191 0.8313
20.5824 0.0189 0.8319
20.6021 0.0187 0.8324
20.6219 0.0185 0.8330
20.6416 0.0183 0.8335
20.6614 0.0181 0.8340
20.6811 0.0179 0.8346
20.7009 0.0177 0.8351
20.7206 0.0175 0.8357
20.7404 0.0173 0.8362
20.7601 0.0171 0.8368
20.7799 0.0169 0.8373
20.7996 0.0167 0.8378
20.8194 0.0165 0.8384
20.8391 0.0163 0.8389
20.8589 0.0161 0.8394
20.8787 0.0159 0.8400
20.8984 0.0157 0.8405
20.9182 0.0155 0.8410
20.9379 0.0154 0.8415
20.9577 0.0152 0.8420
20.9774 0.0150 0.8425
20.9972 0.0148 0.8430
21.0169 0.0146 0.8436
21.0367 0.0144 0.8441
21.0564 0.0142 0.8446
21.0762 0.0140 0.8451
21.0959 0.0138 0.8456
21.1157 0.0136 0.8461
21.1354 0.0134 0.8466
21.1552 0.0133 0.8472
21.1749 0.0131 0.8477
21.1947 0.0129 0.8482
21.2144 0.0128 0.8487
21.2342 0.0126 0.8492
21.2540 0.0125 0.8497
21.2737 0.0123 0.8502
21.2935 0.0121 0.8507
21.3132 0.0120 0.8512
21.3330 0.0118 0.8517
21.3527 0.0117 0.8521
21.3725 0.0115 0.8526
21.3922 0.0114 0.8531
21.4120 0.0113 0.8536
21.4317 0.0111 0.8541
21.4515 0.0110 0.8546
21.4712 0.0109 0.8550
21.4910 0.0107 0.8555
21.5107 0.0106 0.8560
21.5305 0.0105 0.8565
21.5502 0.0103 0.8569
21.5700 0.0102 0.8574
21.5897 0.0101 0.8578
21.6095 0.0100 0.8583
21.6293 0.0099 0.8588
21.6490 0.0098 0.8592
21.6688 0.0097 0.8597
21.6885 0.0096 0.8601
21.7083 0.0095 0.8605
21.7280 0.0093 0.8610
21.7478 0.0092 0.8614
21.7675 0.0091 0.8618
21.7873 0.0090 0.8623
21.8070 0.0089 0.8627
21.8268 0.0088 0.8631
21.8465 0.0087 0.8636
21.8663 0.0086 0.8640
21.8860 0.0085 0.8644
21.9058 0.0084 0.8648
21.9255 0.0083 0.8653
21.9453 0.0082 0.8657
21.9651 0.0081 0.8661
21.9848 0.0080 0.8666
22.0046 0.0079 0.8670
22.0243 0.0078 0.8674
22.0441 0.0077 0.8678
22.0638 0.0077 0.8682
22.0836 0.0076 0.8686
22.1033 0.0075 0.8691
22.1231 0.0075 0.8695
22.1428 0.0074 0.8699
22.1626 0.0073 0.8703
22.1823 0.0073 0.8706
22.2021 0.0072 0.8710
22.2218 0.0071 0.8714
22.2416 0.0071 0.8718
22.2613 0.0070 0.8722
22.2811 0.0069 0.8725
22.3008 0.0069 0.8729
22.3206 0.0068 0.8733
22.3404 0.0067 0.8737
22.3601 0.0067 0.8740
22.3799 0.0066 0.8744
22.3996 0.0065 0.8748
22.4194 0.0065 0.8751
22.4391 0.0064 0.8755
22.4589 0.0063 0.8758
22.4786 0.0063 0.8762
22.4984 0.0062 0.8766
22.5181 0.0061 0.8769
22.5379 0.0060 0.8773
22.5576 0.0060 0.8776
22.5774 0.0059 0.8780
22.5971 0.0058 0.8783
22.6169 0.0058 0.8787
22.6366 0.0057 0.8790
22.6564 0.0056 0.8794
22.6761 0.0056 0.8797
22.6959 0.0055 0.8801
22.7157 0.0054 0.8805
22.7354 0.0054 0.8808
22.7552 0.0053 0.8812
22.7749 0.0052 0.8815
22.7947 0.0052 0.8819
22.8144 0.0051 0.8823
22.8342 0.0051 0.8826
22.8539 0.0050 0.8830
22.8737 0.0050 0.8833
22.8934 0.0049 0.8837
22.9132 0.0049 0.8840
22.9329 0.0048 0.8844
22.9527 0.0048 0.8848
22.9724 0.0048 0.8851
22.9922 0.0047 0.8855
23.0119 0.0047 0.8858
23.0317 0.0047 0.8861
23.0515 0.0047 0.8865
23.0712 0.0047 0.8868
23.0910 0.0046 0.8872
23.1107 0.0046 0.8875
23.1305 0.0046 0.8878
23.1502 0.0046 0.8882
23.1700 0.0046 0.8885
23.1897 0.0046 0.8888
23.2095 0.0046 0.8891
23.2292 0.0046 0.8894
23.2490 0.0046 0.8897
23.2687 0.0046 0.8901
23.2885 0.0046 0.8904
23.3082 0.0046 0.8907
23.3280 0.0046 0.8910
23.3477 0.0046 0.8913
23.3675 0.0045 0.8916
23.3872 0.0045 0.8918
23.4070 0.0045 0.8921
23.4268 0.0045 0.8924
23.4465 0.0045 0.8927
23.4663 0.0045 0.8930
23.4860 0.0045 0.8933
23.5058 0.0045 0.8936
23.5255 0.0045 0.8939
23.5453 0.0045 0.8941
23.5650 0.0045 0.8944
23.5848 0.0045 0.8947
23.6045 0.0045 0.8950
23.6243 0.0045 0.8953
23.6440 0.0045 0.8955
23.6638 0.0045 0.8958
23.6835 0.0045 0.8961
23.7033 0.0045 0.8964
23.7230 0.0045 0.8966
23.7428 0.0045 0.8969
23.7626 0.0045 0.8972
23.7823 0.0045 0.8974
23.8021 0.0045 0.8977
23.8218 0.0046 0.8980
23.8416 0.0046 0.8983
23.8613 0.0046 0.8985
23.8811 0.0046 0.8988
23.9008 0.0047 0.8990
23.9206 0.0047 0.8993
23.9403 0.0047 0.8995
23.9601 0.0048 0.8997
23.9798 0.0048 0.9000
23.9996 0.0048 0.9002
24.0193 0.0048 0.9004
24.0391 0.0048 0.9006
24.0588 0.0048 0.9008
24.0786 0.0048 0.9011
24.0983 0.0048 0.9013
24.1181 0.0048 0.9015
24.1379 0.0048 0.9017
24.1576 0.0048 0.9020
24.1774 0.0048 0.9022
24.1971 0.0048 0.9024
24.2169 0.0049 0.9026
24.2366 0.0049 0.9029
24.2564 0.0049 0.9031
24.2761 0.0049 0.9033
24.2959 0.0049 0.9036
24.3156 0.0049 0.9038
24.3354 0.0050 0.9040
24.3551 0.0050 0.9042
24.3749 0.0050 0.9044
24.3946 0.0050 0.9046
24.4144 0.0051 0.9048
24.4341 0.0051 0.9050
24.4539 0.0051 0.9052
24.4736 0.0051 0.9054
24.4934 0.0051 0.9056
24.5132 0.0052 0.9057
24.5329 0.0052 0.9059
24.5527 0.0052 0.9061
24.5724 0.0052 0.9063
24.5922 0.0052 0.9065
24.6119 0.0052 0.9066
24.6317 0.0052 0.9068
24.6514 0.0052 0.9070
24.6712 0.0052 0.9072
24.6909 0.0052 0.9073
24.7107 0.0053 0.9075
24.7304 0.0053 0.9077
24.7502 0.0053 0.9079
24.7699 0.0053 0.9080
24.7897 0.0053 0.9082
24.8094 0.0053 0.9084
24.8292 0.0053 0.9085
24.8490 0.0053 0.9087
24.8687 0.0053 0.9088
24.8885 0.0053 0.9090
24.9082 0.0053 0.9092
24.9280 0.0052 0.9093
24.9477 0.0052 0.9095
24.9675 0.0052 0.9096
24.9872 0.0052 0.9098
25.0070 0.0052 0.9100
25.0267 0.0052 0.9101
25.0465 0.0052 0.9103
25.0662 0.0052 0.9104
25.0860 0.0051 0.9106
25.1057 0.0051 0.9108
25.1255 0.0051 0.9109
25.1452 0.0051 0.9111
25.1650 0.0051 0.9113
25.1847 0.0051 0.9114
25.2045 0.0051 0.9116
25.2243 0.0051 0.9117
25.2440 0.0051 0.9119
25.2638 0.0051 0.9120
25.2835 0.0051 0.9122
25.3033 0.0050 0.9123
25.3230 0.0050 0.9125
25.3428 0.0050 0.9126
25.3625 0.0050 0.9128
25.3823 0.0050 0.9129
25.4020 0.0050 0.9130
25.4218 0.0050 0.9132
25.4415 0.0050 0.9133
25.4613 0.0049 0.9135
25.4810 0.0049 0.9136
25.5008 0.0049 0.9137
25.5205 0.0049 0.9139
25.5403 0.0048 0.9140
25.5601 0.0048 0.9141
25.5798 0.0048 0.9143
25.5996 0.0047 0.9144
25.6193 0.0047 0.9145
25.6391 0.0046 0.9147
25.6588 0.0046 0.9148
25.6786 0.0046 0.9150
25.6983 0.0045 0.9151
25.7181 0.0045 0.9152
25.7378 0.0044 0.9154
25.7576 0.0044 0.9155
25.7773 0.0044 0.9157
25.7971 0.0043 0.9158
25.8168 0.0043 0.9160
25.8366 0.0042 0.9161
25.8563 0.0042 0.9163
25.8761 0.0041 0.9164
25.8958 0.0041 0.9166
25.9156 0.0040 0.9168
25.9354 0.0040 0.9169
25.9551 0.0039 0.9171
25.9749 0.0039 0.9173
25.9946 0.0038 0.9174
26.0144 0.0038 0.9176
26.0341 0.0037 0.9178
26.0539 0.0037 0.9180
26.0736 0.0037 0.9181
26.0934 0.0037 0.9183
26.1131 0.0036 0.9185
26.1329 0.0036 0.9187
26.1526 0.0036 0.9188
26.1724 0.0036 0.9190
26.1921 0.0036 0.9192
26.2119 0.0036 0.9194
26.2316 0.0036 0.9195
26.2514 0.0036 0.9197
26.2711 0.0035 0.9198
26.2909 0.0035 0.9200
26.3107 0.0035 0.9202
26.3304 0.0035 0.9203
26.3502 0.0035 0.9205
26.3699 0.0036 0.9206
26.3897 0.0036 0.9208
26.4094 0.0036 0.9209
26.4292 0.0036 0.9211
26.4489 0.0036 0.9212
26.4687 0.0036 0.9213
26.4884 0.0036 0.9215
26.5082 0.0036 0.9216
26.5279 0.0036 0.9217
26.5477 0.0036 0.9219
26.5674 0.0036 0.9220
26.5872 0.0036 0.9221
26.6069 0.0036 0.9222
26.6267 0.0035 0.9223
26.6465 0.0035 0.9225
26.6662 0.0035 0.9226
26.6860 0.0035 0.9227
26.7057 0.0035 0.9228
26.7255 0.0035 0.9230
26.7452 0.0034 0.9231
26.7650 0.0034 0.9232
26.7847 0.0034 0.9233
26.8045 0.0034 0.9234
26.8242 0.0033 0.9236
26.8440 0.0033 0.9237
26.8637 0.0033 0.9238
26.8835 0.0033 0.9239
26.9032 0.0033 0.9240
26.9230 0.0032 0.9242
26.9427 0.0032 0.9243
26.9625 0.0032 0.9244
26.9822 0.0031 0.9245
27.0020 0.0031 0.9247
27.0218 0.0031 0.9248
27.0415 0.0030 0.9249
27.0613 0.0030 0.9250
27.0810 0.0030 0.9252
27.1008 0.0030 0.9253
27.1205 0.0029 0.9254
27.1403 0.0029 0.9255
27.1600 0.0029 0.9257
27.1798 0.0028 0.9258
27.1995 0.0028 0.9259
27.2193 0.0028 0.9261
27.2390 0.0027 0.9262
27.2588 0.0027 0.9263
27.2785 0.0027 0.9265
27.2983 0.0027 0.9266
27.3180 0.0026 0.9268
27.3378 0.0026 0.9269
27.3575 0.0026 0.9270
27.3773 0.0026 0.9272
27.3971 0.0025 0.9273
27.4168 0.0025 0.9274
27.4366 0.0025 0.9276
27.4563 0.0025 0.9277
27.4761 0.0025 0.9278
27.4958 0.0024 0.9280
27.5156 0.0024 0.9281
27.5353 0.0024 0.9282
27.5551 0.0024 0.9284
27.5748 0.0024 0.9285
27.5946 0.0024 0.9286
27.6143 0.0023 0.9288
27.6341 0.0023 0.9289
27.6538 0.0023 0.9290
27.6736 0.0023 0.9291
27.6933 0.0023 0.9293
27.7131 0.0023 0.9294
27.7329 0.0023 0.9295
27.7526 0.0023 0.9297
27.7724 0.0023 0.9298
27.7921 0.0023 0.9299
27.8119 0.0022 0.9300
27.8316 0.0022 0.9301
27.8514 0.0022 0.9303
27.8711 0.0022 0.9304
27.8909 0.0022 0.9305
27.9106 0.0022 0.9306
27.9304 0.0022 0.9307
27.9501 0.0022 0.9308
27.9699 0.0022 0.9309
27.9896 0.0022 0.9311
28.0094 0.0022 0.9312
28.0291 0.0021 0.9313
28.0489 0.0021 0.9314
28.0686 0.0021 0.9315
28.0884 0.0021 0.9316
28.1082 0.0021 0.9317
28.1279 0.0021 0.9318
28.1477 0.0021 0.9320
28.1674 0.0020 0.9321
28.1872 0.0020 0.9322
28.2069 0.0020 0.9323
28.2267 0.0020 0.9324
28.2464 0.0020 0.9325
28.2662 0.0020 0.9326
28.2859 0.0020 0.9327
28.3057 0.0020 0.9328
28.3254 0.0019 0.9330
28.3452 0.0019 0.9331
28.3649 0.0019 0.9332
28.3847 0.0019 0.9333
28.4044 0.0019 0.9334
28.4242 0.0019 0.9335
28.4440 0.0019 0.9336
28.4637 0.0019 0.9337
28.4835 0.0018 0.9338
28.5032 0.0018 0.9339
28.5230 0.0018 0.9340
28.5427 0.0018 0.9341
28.5625 0.0018 0.9342
28.5822 0.0018 0.9343
28.6020 0.0018 0.9344
28.6217 0.0017 0.9345
28.6415 0.0017 0.9346
28.6612 0.0017 0.9347
28.6810 0.0017 0.9348
28.7007 0.0017 0.9349
28.7205 0.0016 0.9350
28.7402 0.0016 0.9351
28.7600 0.0016 0.9352
28.7797 0.0016 0.9353
28.7995 0.0015 0.9354
28.8193 0.0015 0.9355
28.8390 0.0015 0.9356
28.8588 0.0015 0.9357
28.8785 0.0015 0.9359
28.8983 0.0014 0.9360
28.9180 0.0014 0.9361
28.9378 0.0014 0.9362
28.9575 0.0014 0.9363
28.9773 0.0013 0.9364
28.9970 0.0013 0.9365
29.0168 0.0013 0.9366
29.0365 0.0013 0.9367
29.0563 0.0013 0.9368
29.0760 0.0012 0.9369
29.0958 0.0012 0.9370
29.1155 0.0012 0.9371
29.1353 0.0012 0.9372
29.1550 0.0012 0.9373
29.1748 0.0011 0.9375
29.1946 0.0011 0.9376
29.2143 0.0011 0.9377
29.2341 0.0011 0.9378
29.2538 0.0011 0.9379
29.2736 0.0011 0.9380
29.2933 0.0010 0.9381
29.3131 0.0010 0.9382
29.3328 0.0010 0.9383
29.3526 0.0010 0.9384
29.3723 0.0010 0.9385
29.3921 0.0010 0.9386
29.4118 0.0009 0.9387
29.4316 0.0009 0.9389
29.4513 0.0009 0.9390
29.4711 0.0009 0.9391
29.4908 0.0009 0.9392
29.5106 0.0009 0.9393
29.5304 0.0009 0.9394
29.5501 0.0008 0.9395
29.5699 0.0008 0.9396
29.5896 0.0008 0.9397
29.6094 0.0008 0.9398
29.6291 0.0008 0.9399
29.6489 0.0008 0.9400
29.6686 0.0008 0.9401
29.6884 0.0008 0.9402
29.7081 0.0008 0.9403
29.7279 0.0008 0.9404
29.7476 0.0008 0.9405
29.7674 0.0007 0.9407
29.7871 0.0007 0.9408
29.8069 0.0007 0.9409
29.8266 0.0007 0.9410
29.8464 0.0007 0.9411
29.8661 0.0007 0.9412
29.8859 0.0007 0.9413
29.9057 0.0007 0.9414
29.9254 0.0007 0.9415
29.9452 0.0007 0.9416
29.9649 0.0007 0.9417
29.9847 0.0007 0.9418
30.0044 0.0007 0.9419
30.0242 0.0007 0.9420
30.0439 0.0007 0.9421
30.0637 0.0007 0.9422
30.0834 0.0006 0.9422
30.1032 0.0006 0.9423
30.1229 0.0006 0.9424
30.1427 0.0006 0.9425
30.1624 0.0006 0.9426
30.1822 0.0006 0.9427
30.2019 0.0006 0.9428
30.2217 0.0006 0.9429
30.2415 0.0006 0.9430
30.2612 0.0006 0.9431
30.2810 0.0006 0.9432
30.3007 0.0006 0.9433
30.3205 0.0006 0.9434
30.3402 0.0006 0.9435
30.3600 0.0006 0.9436
30.3797 0.0006 0.9437
30.3995 0.0006 0.9438
30.4192 0.0006 0.9439
30.4390 0.0006 0.9439
30.4587 0.0006 0.9440
30.4785 0.0006 0.9441
30.4982 0.0006 0.9442
30.5180 0.0006 0.9443
30.5377 0.0006 0.9444
30.5575 0.0006 0.9445
30.5772 0.0006 0.9446
30.5970 0.0006 0.9447
30.6168 0.0006 0.9448
30.6365 0.0005 0.9448
30.6563 0.0005 0.9449
30.6760 0.0005 0.9450
30.6958 0.0005 0.9451
30.7155 0.0005 0.9452
30.7353 0.0005 0.9453
30.7550 0.0005 0.9454
30.7748 0.0005 0.9454
30.7945 0.0005 0.9455
30.8143 0.0005 0.9456
30.8340 0.0005 0.9457
30.8538 0.0005 0.9458
30.8735 0.0005 0.9459
30.8933 0.0005 0.9460
30.9130 0.0005 0.9460
30.9328 0.0005 0.9461
30.9525 0.0005 0.9462
30.9723 0.0005 0.9463
30.9921 0.0005 0.9464
31.0118 0.0005 0.9465
31.0316 0.0005 0.9465
31.0513 0.0005 0.9466
31.0711 0.0005 0.9467
31.0908 0.0005 0.9468
31.1106 0.0005 0.9469
31.1303 0.0005 0.9470
31.1501 0.0005 0.9470
31.1698 0.0005 0.9471
31.1896 0.0005 0.9472
31.2093 0.0005 0.9473
31.2291 0.0005 0.9474
31.2488 0.0005 0.9474
31.2686 0.0005 0.9475
31.2883 0.0005 0.9476
31.3081 0.0005 0.9477
31.3279 0.0005 0.9478
31.3476 0.0005 0.9478
31.3674 0.0005 0.9479
31.3871 0.0005 0.9480
31.4069 0.0005 0.9481
31.4266 0.0004 0.9482
31.4464 0.0004 0.9482
31.4661 0.0004 0.9483
31.4859 0.0004 0.9484
31.5056 0.0004 0.9485
31.5254 0.0004 0.9485
31.5451 0.0004 0.9486
31.5649 0.0004 0.9487
31.5846 0.0004 0.9488
31.6044 0.0004 0.9489
31.6241 0.0004 0.9489
31.6439 0.0004 0.9490
31.6636 0.0004 0.9491
31.6834 0.0004 0.9492
31.7032 0.0004 0.9492
31.7229 0.0004 0.9493
31.7427 0.0004 0.9494
31.7624 0.0004 0.9495
31.7822 0.0004 0.9495
31.8019 0.0004 0.9496
31.8217 0.0004 0.9497
31.8414 0.0004 0.9498
31.8612 0.0004 0.9498
31.8809 0.0004 0.9499
31.9007 0.0004 0.9500
31.9204 0.0004 0.9501
31.9402 0.0004 0.9501
31.9599 0.0004 0.9502
31.9797 0.0004 0.9503
31.9994 0.0004 0.9504
32.0192 0.0004 0.9504
32.0390 0.0004 0.9505
32.0587 0.0004 0.9506
32.0785 0.0004 0.9507
32.0982 0.0004 0.9507
32.1180 0.0004 0.9508
32.1377 0.0004 0.9509
32.1575 0.0004 0.9509
32.1772 0.0004 0.9510
32.1970 0.0004 0.9511
32.2167 0.0004 0.9512
32.2365 0.0004 0.9512
32.2562 0.0004 0.9513
32.2760 0.0004 0.9514
32.2957 0.0004 0.9514
32.3155 0.0004 0.9515
32.3352 0.0004 0.9516
32.3550 0.0004 0.9517
32.3747 0.0004 0.9517
32.3945 0.0004 0.9518
32.4143 0.0004 0.9519
32.4340 0.0004 0.9519
32.4538 0.0004 0.9520
32.4735 0.0004 0.9521
32.4933 0.0004 0.9521
32.5130 0.0004 0.9522
32.5328 0.0003 0.9523
32.5525 0.0003 0.9523
32.5723 0.0003 0.9524
32.5920 0.0003 0.9525
32.6118 0.0003 0.9525
32.6315 0.0003 0.9526
32.6513 0.0003 0.9527
32.6710 0.0003 0.9528
32.6908 0.0003 0.9528
32.7105 0.0003 0.9529
32.7303 0.0003 0.9530
32.7500 0.0003 0.9530
32.7698 0.0003 0.9531
32.7896 0.0003 0.9532
32.8093 0.0003 0.9532
32.8291 0.0003 0.9533
32.8488 0.0003 0.9534
32.8686 0.0003 0.9534
32.8883 0.0003 0.9535
32.9081 0.0003 0.9535
32.9278 0.0003 0.9536
32.9476 0.0003 0.9537
32.9673 0.0003 0.9537
32.9871 0.0003 0.9538
33.0068 0.0003 0.9539
33.0266 0.0003 0.9539
33.0463 0.0003 0.9540
33.0661 0.0003 0.9541
33.0858 0.0003 0.9541
33.1056 0.0003 0.9542
33.1254 0.0003 0.9543
33.1451 0.0003 0.9543
33.1649 0.0003 0.9544
33.1846 0.0003 0.9544
33.2044 0.0003 0.9545
33.2241 0.0003 0.9546
33.2439 0.0003 0.9546
33.2636 0.0003 0.9547
33.2834 0.0003 0.9548
33.3031 0.0003 0.9548
33.3229 0.0003 0.9549
33.3426 0.0003 0.9550
33.3624 0.0003 0.9550
33.3821 0.0003 0.9551
33.4019 0.0003 0.9551
33.4216 0.0003 0.9552
33.4414 0.0003 0.9553
33.4611 0.0003 0.9553
33.4809 0.0003 0.9554
33.5007 0.0003 0.9554
33.5204 0.0003 0.9555
33.5402 0.0003 0.9556
33.5599 0.0003 0.9556
33.5797 0.0003 0.9557
33.5994 0.0003 0.9557
33.6192 0.0003 0.9558
33.6389 0.0003 0.9559
33.6587 0.0003 0.9559
33.6784 0.0003 0.9560
33.6982 0.0003 0.9560
33.7179 0.0003 0.9561
33.7377 0.0003 0.9562
33.7574 0.0003 0.9562
33.7772 0.0003 0.9563
33.7969 0.0003 0.9563
33.8167 0.0003 0.9564
33.8364 0.0003 0.9565
33.8562 0.0003 0.9565
33.8760 0.0003 0.9566
33.8957 0.0003 0.9566
33.9155 0.0003 0.9567
33.9352 0.0003 0.9567
33.9550 0.0003 0.9568
33.9747 0.0003 0.9569
33.9945 0.0003 0.9569
34.0142 0.0003 0.9570
34.0340 0.0003 0.9570
34.0537 0.0003 0.9571
34.0735 0.0003 0.9572
34.0932 0.0003 0.9572
34.1130 0.0003 0.9573
34.1327 0.0003 0.9573
34.1525 0.0003 0.9574
34.1722 0.0003 0.9574
34.1920 0.0003 0.9575
34.2118 0.0003 0.9575
34.2315 0.0003 0.9576
34.2513 0.0003 0.9577
34.2710 0.0003 0.9577
34.2908 0.0003 0.9578
34.3105 0.0003 0.9578
34.3303 0.0003 0.9579
34.3500 0.0003 0.9579
34.3698 0.0003 0.9580
34.3895 0.0003 0.9580
34.4093 0.0003 0.9581
34.4290 0.0003 0.9582
34.4488 0.0003 0.9582
34.4685 0.0003 0.9583
34.4883 0.0003 0.9583
34.5080 0.0003 0.9584
34.5278 0.0003 0.9584
34.5475 0.0003 0.9585
34.5673 0.0003 0.9585
34.5871 0.0003 0.9586
34.6068 0.0003 0.9586
34.6266 0.0003 0.9587
34.6463 0.0003 0.9588
34.6661 0.0003 0.9588
34.6858 0.0003 0.9589
34.7056 0.0003 0.9589
34.7253 0.0003 0.9590
34.7451 0.0003 0.9590
34.7648 0.0003 0.9591
34.7846 0.0003 0.9591
34.8043 0.0003 0.9592
34.8241 0.0003 0.9592
34.8438 0.0003 0.9593
34.8636 0.0003 0.9593
34.8833 0.0003 0.9594
34.9031 0.0003 0.9594
34.9229 0.0003 0.9595
34.9426 0.0003 0.9595
34.9624 0.0003 0.9596
34.9821 0.0003 0.9597
35.0019 0.0003 0.9597
35.0216 0.0003 0.9598
35.0414 0.0003 0.9598
35.0611 0.0003 0.9599
35.0809 0.0003 0.9599
35.1006 0.0003 0.9600
35.1204 0.0003 0.9600
35.1401 0.0003 0.9601
35.1599 0.0003 0.9601
35.1796 0.0003 0.9602
35.1994 0.0003 0.9602
35.2191 0.0003 0.9603
35.2389 0.0003 0.9603
35.2586 0.0003 0.9604
35.2784 0.0003 0.9604
35.2982 0.0003 0.9605
35.3179 0.0003 0.9605
35.3377 0.0003 0.9606
35.3574 0.0003 0.9606
35.3772 0.0003 0.9607
35.3969 0.0003 0.9607
35.4167 0.0003 0.9608
35.4364 0.0002 0.9608
35.4562 0.0002 0.9609
35.4759 0.0002 0.9609
35.4957 0.0002 0.9610
35.5154 0.0002 0.9610
35.5352 0.0002 0.9611
35.5549 0.0002 0.9611
35.5747 0.0002 0.9612
35.5944 0.0002 0.9612
35.6142 0.0002 0.9613
35.6339 0.0002 0.9613
35.6537 0.0002 0.9613
35.6735 0.0002 0.9614
35.6932 0.0002 0.9614
35.7130 0.0002 0.9615
35.7327 0.0002 0.9615
35.7525 0.0002 0.9616
35.7722 0.0002 0.9616
35.7920 0.0002 0.9617
35.8117 0.0002 0.9617
35.8315 0.0002 0.9618
35.8512 0.0002 0.9618
35.8710 0.0002 0.9619
35.8907 0.0002 0.9619
35.9105 0.0002 0.9620
35.9302 0.0002 0.9620
35.9500 0.0002 0.9621
35.9697 0.0002 0.9621
35.9895 0.0002 0.9622
36.0093 0.0002 0.9622
36.0290 0.0002 0.9622
36.0488 0.0002 0.9623
36.0685 0.0002 0.9623
36.0883 0.0002 0.9624
36.1080 0.0002 0.9624
36.1278 0.0002 0.9625
36.1475 0.0002 0.9625
36.1673 0.0002 0.9626
36.1870 0.0002 0.9626
36.2068 0.0002 0.9627
36.2265 0.0002 0.9627
36.2463 0.0002 0.9628
36.2660 0.0002 0.9628
36.2858 0.0002 0.9628
36.3055 0.0002 0.9629
36.3253 0.0002 0.9629
36.3450 0.0002 0.9630
36.3648 0.0002 0.9630
36.3846 0.0002 0.9631
36.4043 0.0002 0.9631
36.4241 0.0002 0.9632
36.4438 0.0002 0.9632
36.4636 0.0002 0.9632
36.4833 0.0002 0.9633
36.5031 0.0002 0.9633
36.5228 0.0002 0.9634
36.5426 0.0002 0.9634
36.5623 0.0002 0.9635
36.5821 0.0002 0.9635
36.6018 0.0002 0.9636
36.6216 0.0002 0.9636
36.6413 0.0002 0.9636
36.6611 0.0002 0.9637
36.6808 0.0002 0.9637
36.7006 0.0002 0.9638
36.7204 0.0002 0.9638
36.7401 0.0002 0.9639
36.7599 0.0002 0.9639
36.7796 0.0002 0.9639
36.7994 0.0002 0.9640
36.8191 0.0002 0.9640
36.8389 0.0002 0.9641
36.8586 0.0002 0.9641
36.8784 0.0002 0.9642
36.8981 0.0002 0.9642
36.9179 0.0002 0.9642
36.9376 0.0002 0.9643
36.9574 0.0002 0.9643
36.9771 0.0002 0.9644
36.9969 0.0002 0.9644
37.0166 0.0002 0.9645
37.0364 0.0002 0.9645
37.0561 0.0002 0.9645
37.0759 0.0002 0.9646
37.0957 0.0002 0.9646
37.1154 0.0002 0.9647
37.1352 0.0002 0.9647
37.1549 0.0002 0.9648
37.1747 0.0002 0.9648
37.1944 0.0002 0.9648
37.2142 0.0002 0.9649
37.2339 0.0002 0.9649
37.2537 0.0002 0.9650
37.2734 0.0002 0.9650
37.2932 0.0002 0.9650
37.3129 0.0002 0.9651
37.3327 0.0002 0.9651
37.3524 0.0002 0.9652
37.3722 0.0002 0.9652
37.3919 0.0002 0.9652
37.4117 0.0002 0.9653
37.4314 0.0002 0.9653
37.4512 0.0002 0.9654
37.4710 0.0002 0.9654
37.4907 0.0002 0.9655
37.5105 0.0002 0.9655
37.5302 0.0002 0.9655
37.5500 0.0002 0.9656
37.5697 0.0002 0.9656
37.5895 0.0002 0.9657
37.6092 0.0002 0.9657
37.6290 0.0002 0.9657
37.6487 0.0002 0.9658
37.6685 0.0002 0.9658
37.6882 0.0002 0.9659
37.7080 0.0002 0.9659
37.7277 0.0002 0.9659
37.7475 0.0002 0.9660
37.7672 0.0002 0.9660
37.7870 0.0002 0.9660
37.8068 0.0002 0.9661
37.8265 0.0002 0.9661
37.8463 0.0002 0.9662
37.8660 0.0002 0.9662
37.8858 0.0002 0.9662
37.9055 0.0002 0.9663
37.9253 0.0002 0.9663
37.9450 0.0002 0.9664
37.9648 0.0002 0.9664
37.9845 0.0002 0.9664
38.0043 0.0002 0.9665
38.0240 0.0002 0.9665
38.0438 0.0002 0.9666
38.0635 0.0002 0.9666
38.0833 0.0002 0.9666
38.1030 0.0002 0.9667
38.1228 0.0002 0.9667
38.1425 0.0002 0.9667
38.1623 0.0002 0.9668
38.1821 0.0002 0.9668
38.2018 0.0002 0.9669
38.2216 0.0002 0.9669
38.2413 0.0002 0.9669
38.2611 0.0002 0.9670
38.2808 0.0002 0.9670
38.3006 0.0002 0.9670
38.3203 0.0002 0.9671
38.3401 0.0002 0.9671
38.3598 0.0002 0.9672
38.3796 0.0002 0.9672
38.3993 0.0002 0.9672
38.4191 0.0002 0.9673
38.4388 0.0002 0.9673
38.4586 0.0002 0.9673
38.4783 0.0002 0.9674
38.4981 0.0002 0.9674
38.5179 0.0002 0.9675
38.5376 0.0002 0.9675
38.5574 0.0002 0.9675
38.5771 0.0002 0.9676
38.5969 0.0002 0.9676
38.6166 0.0002 0.9676
38.6364 0.0002 0.9677
38.6561 0.0002 0.9677
38.6759 0.0002 0.9677
38.6956 0.0002 0.9678
38.7154 0.0002 0.9678
38.7351 0.0002 0.9679
38.7549 0.0002 0.9679
38.7746 0.0002 0.9679
38.7944 0.0002 0.9680
38.8141 0.0002 0.9680
38.8339 0.0002 0.9680
38.8536 0.0002 0.9681
38.8734 0.0002 0.9681
38.8932 0.0002 0.9681
38.9129 0.0002 0.9682
38.9327 0.0002 0.9682
38.9524 0.0002 0.9682
38.9722 0.0002 0.9683
38.9919 0.0002 0.9683
39.0117 0.0002 0.9683
39.0314 0.0002 0.9684
39.0512 0.0002 0.9684
39.0709 0.0002 0.9685
39.0907 0.0002 0.9685
39.1104 0.0002 0.9685
39.1302 0.0002 0.9686
39.1499 0.0002 0.9686
39.1697 0.0002 0.9686
39.1894 0.0002 0.9687
39.2092 0.0002 0.9687
39.2289 0.0002 0.9687
39.2487 0.0002 0.9688
39.2685 0.0002 0.9688
39.2882 0.0002 0.9688
39.3080 0.0002 0.9689
39.3277 0.0002 0.9689
39.3475 0.0002 0.9689
39.3672 0.0002 0.9690
39.3870 0.0002 0.9690
39.4067 0.0002 0.9690
39.4265 0.0002 0.9691
39.4462 0.0002 0.9691
39.4660 0.0002 0.9691
39.4857 0.0002 0.9692
