0.0000 0.0000 15.1463
0.0200 1.2969 15.0676
0.0400 2.6012 14.8156
0.0599 3.8957 14.3516
0.0799 5.1228 13.6370
0.0999 6.1877 12.6668
0.1199 6.9869 11.4952
0.1399 7.4528 10.2361
0.1598 7.5892 9.0281
0.1798 7.4719 7.9830
0.1998 7.2139 7.1487
0.2198 6.9175 6.5083
0.2398 6.6435 6.0075
0.2597 6.4096 5.5892
0.2797 6.2066 5.2135
0.2997 6.0160 4.8606
0.3197 5.8203 4.5261
0.3397 5.6075 4.2162
0.3597 5.3748 3.9438
0.3796 5.1314 3.7215
0.3996 4.8955 3.5530
0.4196 4.6855 3.4289
0.4396 4.5098 3.3303
0.4596 4.3645 3.2389
0.4795 4.2377 3.1444
0.4995 4.1176 3.0461
0.5195 3.9965 2.9484
0.5395 3.8724 2.8574
0.5595 3.7465 2.7779
0.5794 3.6227 2.7126
0.5994 3.5056 2.6612
0.6194 3.3991 2.6210
0.6394 3.3049 2.5872
0.6594 3.2218 2.5552
0.6793 3.1466 2.5221
0.6993 3.0759 2.4869
0.7193 3.0066 2.4507
0.7393 2.9373 2.4156
0.7593 2.8680 2.3836
0.7792 2.8000 2.3563
0.7992 2.7352 2.3333
0.8192 2.6744 2.3133
0.8392 2.6171 2.2952
0.8592 2.5625 2.2791
0.8791 2.5110 2.2653
0.8991 2.4637 2.2535
0.9191 2.4212 2.2421
0.9391 2.3826 2.2289
0.9591 2.3454 2.2128
0.9791 2.3070 2.1948
0.9990 2.2663 2.1773
1.0190 2.2236 2.1628
1.0390 2.1812 2.1530
1.0590 2.1414 2.1477
1.0790 2.1064 2.1455
1.0989 2.0769 2.1439
1.1189 2.0524 2.1403
1.1389 2.0307 2.1328
1.1589 2.0088 2.1208
1.1789 1.9836 2.1059
1.1988 1.9536 2.0915
1.2188 1.9199 2.0814
1.2388 1.8858 2.0780
1.2588 1.8560 2.0807
1.2788 1.8334 2.0861
1.2987 1.8184 2.0894
1.3187 1.8076 2.0866
1.3387 1.7961 2.0769
1.3587 1.7794 2.0630
1.3787 1.7561 2.0498
1.3986 1.7284 2.0419
1.4186 1.7008 2.0411
1.4386 1.6776 2.0460
1.4586 1.6614 2.0529
1.4786 1.6517 2.0574
1.4985 1.6454 2.0562
1.5185 1.6382 2.0489
1.5385 1.6263 2.0381
1.5585 1.6087 2.0278
1.5785 1.5870 2.0220
1.5985 1.5653 2.0226
1.6184 1.5477 2.0283
1.6384 1.5365 2.0355
1.6584 1.5312 2.0397
1.6784 1.5282 2.0382
1.6984 1.5229 2.0313
1.7183 1.5126 2.0223
1.7383 1.4973 2.0155
1.7583 1.4800 2.0138
1.7783 1.4648 2.0171
1.7983 1.4542 2.0228
1.8182 1.4485 2.0273
1.8382 1.4452 2.0281
1.8582 1.4412 2.0251
1.8782 1.4344 2.0202
1.8982 1.4246 2.0160
1.9181 1.4133 2.0144
1.9381 1.4025 2.0155
1.9581 1.3937 2.0185
1.9781 1.3874 2.0216
1.9981 1.3830 2.0236
2.0180 1.3792 2.0238
2.0380 1.3748 2.0227
2.0580 1.3693 2.0211
2.0780 1.3626 2.0201
2.0980 1.3554 2.0204
2.1179 1.3488 2.0221
2.1379 1.3434 2.0248
2.1579 1.3397 2.0274
2.1779 1.3371 2.0292
2.1979 1.3348 2.0298
2.2179 1.3320 2.0295
2.2378 1.3283 2.0291
2.2578 1.3238 2.0294
2.2778 1.3193 2.0308
2.2978 1.3157 2.0333
2.3178 1.3134 2.0361
2.3377 1.3123 2.0383
2.3577 1.3116 2.0394
2.3777 1.3104 2.0396
2.3977 1.3083 2.0398
2.4177 1.3056 2.0409
2.4376 1.3032 2.0432
2.4576 1.3020 2.0461
2.4776 1.3020 2.0488
2.4976 1.3027 2.0505
2.5176 1.3030 2.0513
2.5375 1.3024 2.0521
2.5575 1.3015 2.0537
2.5775 1.3011 2.0563
2.5975 1.3017 2.0593
2.6175 1.3032 2.0617
2.6374 1.3049 2.0635
2.6574 1.3062 2.0651
2.6774 1.3072 2.0670
2.6974 1.3085 2.0694
2.7174 1.3105 2.0722
2.7373 1.3131 2.0748
2.7573 1.3160 2.0772
2.7773 1.3190 2.0793
2.7973 1.3220 2.0817
2.8173 1.3254 2.0842
2.8373 1.3292 2.0868
2.8572 1.3335 2.0893
2.8772 1.3380 2.0917
2.8972 1.3428 2.0941
2.9172 1.3480 2.0964
2.9372 1.3534 2.0987
2.9571 1.3593 2.1009
2.9771 1.3654 2.1029
2.9971 1.3718 2.1048
3.0171 1.3785 2.1067
3.0371 1.3855 2.1085
3.0570 1.3927 2.1101
3.0770 1.4004 2.1117
3.0970 1.4083 2.1131
3.1170 1.4165 2.1144
3.1370 1.4250 2.1154
3.1569 1.4338 2.1162
3.1769 1.4426 2.1168
3.1969 1.4516 2.1173
3.2169 1.4607 2.1176
3.2369 1.4697 2.1179
3.2568 1.4787 2.1182
3.2768 1.4874 2.1187
3.2968 1.4959 2.1198
3.3168 1.5044 2.1219
3.3368 1.5133 2.1256
3.3567 1.5236 2.1310
3.3767 1.5362 2.1377
3.3967 1.5519 2.1449
3.4167 1.5709 2.1515
3.4367 1.5927 2.1563
3.4566 1.6168 2.1587
3.4766 1.6422 2.1585
3.4966 1.6682 2.1558
3.5166 1.6947 2.1508
3.5366 1.7213 2.1438
3.5566 1.7480 2.1348
3.5765 1.7748 2.1238
3.5965 1.8013 2.1107
3.6165 1.8274 2.0956
3.6365 1.8528 2.0786
3.6565 1.8773 2.0601
3.6764 1.9012 2.0401
3.6964 1.9246 2.0186
3.7164 1.9476 1.9954
3.7364 1.9700 1.9697
3.7564 1.9913 1.9410
3.7763 2.0100 1.9088
3.7963 2.0241 1.8735
3.8163 2.0318 1.8372
3.8363 2.0324 1.8028
3.8563 2.0269 1.7738
3.8762 2.0183 1.7530
3.8962 2.0104 1.7416
3.9162 2.0077 1.7389
3.9362 2.0141 1.7427
3.9562 2.0323 1.7492
3.9761 2.0640 1.7535
3.9961 2.1090 1.7503
4.0161 2.1650 1.7339
4.0361 2.2273 1.6994
4.0561 2.2891 1.6439
4.0760 2.3424 1.5674
4.0960 2.3796 1.4735
4.1160 2.3953 1.3688
4.1360 2.3873 1.2612
4.1560 2.3571 1.1585
4.1760 2.3085 1.0667
4.1959 2.2468 0.9891
4.2159 2.1771 0.9270
4.2359 2.1041 0.8801
4.2559 2.0314 0.8468
4.2759 1.9615 0.8245
4.2958 1.8957 0.8108
4.3158 1.8340 0.8035
4.3358 1.7757 0.8013
4.3558 1.7206 0.8038
4.3758 1.6687 0.8108
4.3957 1.6206 0.8219
4.4157 1.5765 0.8362
4.4357 1.5364 0.8526
4.4557 1.4996 0.8706
4.4757 1.4655 0.8898
4.4956 1.4337 0.9107
4.5156 1.4043 0.9334
4.5356 1.3775 0.9580
4.5556 1.3535 0.9843
4.5756 1.3326 1.0121
4.5955 1.3146 1.0412
4.6155 1.2995 1.0714
4.6355 1.2874 1.1030
4.6555 1.2786 1.1361
4.6755 1.2736 1.1705
4.6954 1.2729 1.2060
4.7154 1.2770 1.2422
4.7354 1.2866 1.2787
4.7554 1.3022 1.3146
4.7754 1.3246 1.3489
4.7954 1.3543 1.3797
4.8153 1.3911 1.4048
4.8353 1.4335 1.4217
4.8553 1.4793 1.4284
4.8753 1.5248 1.4240
4.8953 1.5665 1.4091
4.9152 1.6014 1.3857
4.9352 1.6274 1.3568
4.9552 1.6437 1.3260
4.9752 1.6509 1.2965
4.9952 1.6507 1.2710
5.0151 1.6458 1.2515
5.0351 1.6387 1.2385
5.0551 1.6322 1.2314
5.0751 1.6280 1.2289
5.0951 1.6271 1.2293
5.1150 1.6298 1.2310
5.1350 1.6355 1.2327
5.1550 1.6437 1.2337
5.1750 1.6538 1.2337
5.1950 1.6652 1.2325
5.2149 1.6777 1.2300
5.2349 1.6909 1.2263
5.2549 1.7046 1.2213
5.2749 1.7183 1.2152
5.2949 1.7318 1.2083
5.3148 1.7452 1.2010
5.3348 1.7586 1.1936
5.3548 1.7725 1.1865
5.3748 1.7874 1.1795
5.3948 1.8039 1.1724
5.4148 1.8222 1.1647
5.4347 1.8424 1.1555
5.4547 1.8643 1.1442
5.4747 1.8871 1.1304
5.4947 1.9103 1.1142
5.5147 1.9337 1.0959
5.5346 1.9574 1.0760
5.5546 1.9823 1.0542
5.5746 2.0091 1.0297
5.5946 2.0378 1.0004
5.6146 2.0671 0.9643
5.6345 2.0937 0.9198
5.6545 2.1140 0.8677
5.6745 2.1245 0.8108
5.6945 2.1237 0.7534
5.7145 2.1126 0.7003
5.7344 2.0941 0.6550
5.7544 2.0724 0.6197
5.7744 2.0521 0.5941
5.7944 2.0374 0.5766
5.8144 2.0315 0.5636
5.8343 2.0361 0.5505
5.8543 2.0508 0.5319
5.8743 2.0727 0.5029
5.8943 2.0966 0.4599
5.9143 2.1159 0.4025
5.9342 2.1245 0.3332
5.9542 2.1185 0.2573
5.9742 2.0967 0.1806
5.9942 2.0606 0.1088
6.0142 2.0136 0.0454
6.0342 1.9596 -0.0078
6.0541 1.9022 -0.0508
6.0741 1.8442 -0.0846
6.0941 1.7872 -0.1107
6.1141 1.7321 -0.1305
6.1341 1.6795 -0.1453
6.1540 1.6297 -0.1560
6.1740 1.5826 -0.1636
6.1940 1.5381 -0.1691
6.2140 1.4956 -0.1730
6.2340 1.4547 -0.1753
6.2539 1.4152 -0.1760
6.2739 1.3772 -0.1749
6.2939 1.3412 -0.1723
6.3139 1.3071 -0.1685
6.3339 1.2751 -0.1640
6.3538 1.2446 -0.1593
6.3738 1.2153 -0.1543
6.3938 1.1871 -0.1489
6.4138 1.1600 -0.1429
6.4338 1.1343 -0.1365
6.4537 1.1100 -0.1301
6.4737 1.0868 -0.1240
6.4937 1.0642 -0.1184
6.5137 1.0416 -0.1130
6.5337 1.0189 -0.1071
6.5536 0.9965 -0.1003
6.5736 0.9750 -0.0924
6.5936 0.9550 -0.0839
6.6136 0.9366 -0.0754
6.6336 0.9195 -0.0675
6.6536 0.9030 -0.0605
6.6735 0.8866 -0.0542
6.6935 0.8698 -0.0482
6.7135 0.8528 -0.0418
6.7335 0.8359 -0.0348
6.7535 0.8198 -0.0271
6.7734 0.8045 -0.0191
6.7934 0.7902 -0.0113
6.8134 0.7764 -0.0040
6.8334 0.7627 0.0029
6.8534 0.7490 0.0098
6.8733 0.7354 0.0171
6.8933 0.7222 0.0247
6.9133 0.7097 0.0327
6.9333 0.6981 0.0405
6.9533 0.6873 0.0478
6.9732 0.6767 0.0544
6.9932 0.6659 0.0603
7.0132 0.6546 0.0661
7.0332 0.6428 0.0722
7.0532 0.6309 0.0791
7.0731 0.6195 0.0868
7.0931 0.6090 0.0952
7.1131 0.5998 0.1035
7.1331 0.5916 0.1112
7.1531 0.5840 0.1179
7.1730 0.5763 0.1235
7.1930 0.5680 0.1285
7.2130 0.5589 0.1335
7.2330 0.5491 0.1390
7.2530 0.5393 0.1453
7.2730 0.5300 0.1524
7.2929 0.5216 0.1600
7.3129 0.5142 0.1674
7.3329 0.5075 0.1743
7.3529 0.5011 0.1804
7.3729 0.4946 0.1857
7.3928 0.4876 0.1907
7.4128 0.4800 0.1958
7.4328 0.4722 0.2013
7.4528 0.4645 0.2074
7.4728 0.4572 0.2139
7.4927 0.4506 0.2205
7.5127 0.4446 0.2269
7.5327 0.4390 0.2328
7.5527 0.4334 0.2382
7.5727 0.4276 0.2433
7.5926 0.4214 0.2482
7.6126 0.4150 0.2534
7.6326 0.4085 0.2590
7.6526 0.4024 0.2650
7.6726 0.3967 0.2711
7.6925 0.3916 0.2772
7.7125 0.3869 0.2829
7.7325 0.3824 0.2881
7.7525 0.3777 0.2928
7.7725 0.3726 0.2973
7.7924 0.3672 0.3019
7.8124 0.3615 0.3069
7.8324 0.3559 0.3124
7.8524 0.3508 0.3182
7.8724 0.3462 0.3242
7.8924 0.3422 0.3300
7.9123 0.3386 0.3354
7.9323 0.3351 0.3402
7.9523 0.3315 0.3445
7.9723 0.3274 0.3484
7.9923 0.3229 0.3525
8.0122 0.3179 0.3569
8.0322 0.3129 0.3619
8.0522 0.3083 0.3674
8.0722 0.3042 0.3732
8.0922 0.3009 0.3790
8.1121 0.2981 0.3844
8.1321 0.2957 0.3892
8.1521 0.2932 0.3934
8.1721 0.2904 0.3971
8.1921 0.2871 0.4005
8.2120 0.2832 0.4042
8.2320 0.2791 0.4083
8.2520 0.2751 0.4130
8.2720 0.2714 0.4182
8.2920 0.2684 0.4235
8.3119 0.2660 0.4287
8.3319 0.2641 0.4334
8.3519 0.2624 0.4376
8.3719 0.2607 0.4411
8.3919 0.2586 0.4442
8.4118 0.2561 0.4471
8.4318 0.2531 0.4501
8.4518 0.2498 0.4535
8.4718 0.2465 0.4573
8.4918 0.2435 0.4614
8.5118 0.2409 0.4656
8.5317 0.2387 0.4698
8.5517 0.2368 0.4736
8.5717 0.2350 0.4769
8.5917 0.2331 0.4799
8.6117 0.2308 0.4826
8.6316 0.2282 0.4853
8.6516 0.2253 0.4883
8.6716 0.2223 0.4915
8.6916 0.2194 0.4950
8.7116 0.2167 0.4988
8.7315 0.2143 0.5025
8.7515 0.2122 0.5061
8.7715 0.2102 0.5095
8.7915 0.2083 0.5127
8.8115 0.2062 0.5157
8.8314 0.2039 0.5186
8.8514 0.2015 0.5216
8.8714 0.1990 0.5247
8.8914 0.1966 0.5281
8.9114 0.1944 0.5316
8.9313 0.1925 0.5350
8.9513 0.1907 0.5383
8.9713 0.1890 0.5414
8.9913 0.1872 0.5442
9.0113 0.1854 0.5469
9.0312 0.1833 0.5496
9.0512 0.1811 0.5524
9.0712 0.1788 0.5553
9.0912 0.1765 0.5585
9.1112 0.1744 0.5619
9.1312 0.1727 0.5653
9.1511 0.1712 0.5686
9.1711 0.1700 0.5716
9.1911 0.1687 0.5743
9.2111 0.1674 0.5767
9.2311 0.1658 0.5788
9.2510 0.1638 0.5810
9.2710 0.1616 0.5834
9.2910 0.1593 0.5860
9.3110 0.1571 0.5890
9.3310 0.1551 0.5921
9.3509 0.1535 0.5953
9.3709 0.1521 0.5984
9.3909 0.1510 0.6012
9.4109 0.1499 0.6037
9.4309 0.1486 0.6059
9.4508 0.1471 0.6078
9.4708 0.1454 0.6098
9.4908 0.1433 0.6119
9.5108 0.1412 0.6142
9.5308 0.1391 0.6167
9.5507 0.1371 0.6194
9.5707 0.1353 0.6222
9.5907 0.1337 0.6249
9.6107 0.1322 0.6274
9.6307 0.1307 0.6298
9.6506 0.1291 0.6319
9.6706 0.1273 0.6340
9.6906 0.1252 0.6360
9.7106 0.1230 0.6382
9.7306 0.1206 0.6406
9.7506 0.1182 0.6432
9.7705 0.1158 0.6461
9.7905 0.1136 0.6492
9.8105 0.1116 0.6524
9.8305 0.1099 0.6556
9.8505 0.1082 0.6587
9.8704 0.1066 0.6617
9.8904 0.1051 0.6646
9.9104 0.1035 0.6676
9.9304 0.1020 0.6705
9.9504 0.1005 0.6735
9.9703 0.0991 0.6764
9.9903 0.0976 0.6794
10.0103 0.0962 0.6823
10.0303 0.0948 0.6852
10.0503 0.0934 0.6881
10.0702 0.0920 0.6911
10.0902 0.0907 0.6941
10.1102 0.0896 0.6971
10.1302 0.0884 0.7000
10.1502 0.0873 0.7028
10.1701 0.0862 0.7055
10.1901 0.0849 0.7082
10.2101 0.0835 0.7110
10.2301 0.0821 0.7138
10.2501 0.0806 0.7167
10.2700 0.0792 0.7198
10.2900 0.0778 0.7231
10.3100 0.0765 0.7265
10.3300 0.0754 0.7299
10.3500 0.0745 0.7333
10.3699 0.0737 0.7367
10.3899 0.0731 0.7401
10.4099 0.0725 0.7433
10.4299 0.0720 0.7465
10.4499 0.0715 0.7496
10.4699 0.0710 0.7526
10.4898 0.0705 0.7557
10.5098 0.0700 0.7587
10.5298 0.0695 0.7618
10.5498 0.0691 0.7649
10.5698 0.0687 0.7680
10.5897 0.0683 0.7712
10.6097 0.0681 0.7743
10.6297 0.0679 0.7775
10.6497 0.0678 0.7806
10.6697 0.0678 0.7837
10.6896 0.0679 0.7869
10.7096 0.0682 0.7900
10.7296 0.0686 0.7930
10.7496 0.0691 0.7960
10.7696 0.0697 0.7987
10.7895 0.0704 0.8013
10.8095 0.0711 0.8037
10.8295 0.0717 0.8059
10.8495 0.0722 0.8080
10.8695 0.0726 0.8100
10.8894 0.0728 0.8121
10.9094 0.0730 0.8142
10.9294 0.0732 0.8164
10.9494 0.0734 0.8187
10.9694 0.0738 0.8210
10.9893 0.0743 0.8232
11.0093 0.0750 0.8253
11.0293 0.0757 0.8273
11.0493 0.0765 0.8290
11.0693 0.0773 0.8305
11.0893 0.0780 0.8318
11.1092 0.0785 0.8327
11.1292 0.0787 0.8336
11.1492 0.0785 0.8343
11.1692 0.0780 0.8350
11.1892 0.0772 0.8359
11.2091 0.0760 0.8371
11.2291 0.0747 0.8386
11.2491 0.0733 0.8405
11.2691 0.0720 0.8427
11.2891 0.0708 0.8451
11.3090 0.0698 0.8478
11.3290 0.0690 0.8507
11.3490 0.0683 0.8537
11.3690 0.0679 0.8567
11.3890 0.0677 0.8597
11.4089 0.0677 0.8627
11.4289 0.0678 0.8657
11.4489 0.0681 0.8686
11.4689 0.0684 0.8715
11.4889 0.0689 0.8743
11.5088 0.0695 0.8770
11.5288 0.0701 0.8796
11.5488 0.0707 0.8822
11.5688 0.0714 0.8846
11.5888 0.0721 0.8870
11.6087 0.0729 0.8894
11.6287 0.0736 0.8917
11.6487 0.0743 0.8940
11.6687 0.0751 0.8963
11.6887 0.0759 0.8985
11.7087 0.0767 0.9007
11.7286 0.0776 0.9029
11.7486 0.0784 0.9051
11.7686 0.0793 0.9072
11.7886 0.0802 0.9093
11.8086 0.0812 0.9114
11.8285 0.0822 0.9134
11.8485 0.0833 0.9154
11.8685 0.0844 0.9173
11.8885 0.0855 0.9191
11.9085 0.0866 0.9208
11.9284 0.0877 0.9225
11.9484 0.0887 0.9240
11.9684 0.0895 0.9255
11.9884 0.0903 0.9271
12.0084 0.0910 0.9286
12.0283 0.0917 0.9303
12.0483 0.0923 0.9321
12.0683 0.0929 0.9340
12.0883 0.0937 0.9360
12.1083 0.0945 0.9381
12.1282 0.0955 0.9402
12.1482 0.0966 0.9423
12.1682 0.0978 0.9445
12.1882 0.0992 0.9465
12.2082 0.1007 0.9485
12.2281 0.1023 0.9504
12.2481 0.1040 0.9522
12.2681 0.1058 0.9539
12.2881 0.1076 0.9554
12.3081 0.1094 0.9569
12.3281 0.1113 0.9582
12.3480 0.1131 0.9594
12.3680 0.1149 0.9605
12.3880 0.1168 0.9615
12.4080 0.1186 0.9624
12.4280 0.1205 0.9633
12.4479 0.1223 0.9640
12.4679 0.1241 0.9646
12.4879 0.1260 0.9650
12.5079 0.1277 0.9653
12.5279 0.1295 0.9654
12.5478 0.1310 0.9654
12.5678 0.1324 0.9651
12.5878 0.1336 0.9648
12.6078 0.1345 0.9644
12.6278 0.1352 0.9641
12.6477 0.1357 0.9638
12.6677 0.1359 0.9636
12.6877 0.1360 0.9635
12.7077 0.1360 0.9636
12.7277 0.1358 0.9638
12.7476 0.1356 0.9642
12.7676 0.1353 0.9648
12.7876 0.1349 0.9656
12.8076 0.1346 0.9666
12.8276 0.1344 0.9677
12.8475 0.1343 0.9690
12.8675 0.1342 0.9704
12.8875 0.1343 0.9720
12.9075 0.1345 0.9736
12.9275 0.1348 0.9752
12.9475 0.1352 0.9769
12.9674 0.1358 0.9785
12.9874 0.1365 0.9801
13.0074 0.1372 0.9817
13.0274 0.1380 0.9833
13.0474 0.1388 0.9848
13.0673 0.1396 0.9863
13.0873 0.1405 0.9878
13.1073 0.1414 0.9893
13.1273 0.1423 0.9908
13.1473 0.1432 0.9923
13.1672 0.1442 0.9938
13.1872 0.1453 0.9954
13.2072 0.1464 0.9969
13.2272 0.1476 0.9984
13.2472 0.1488 0.9999
13.2671 0.1500 1.0014
13.2871 0.1513 1.0029
13.3071 0.1526 1.0044
13.3271 0.1540 1.0058
13.3471 0.1554 1.0073
13.3670 0.1569 1.0088
13.3870 0.1585 1.0103
13.4070 0.1601 1.0117
13.4270 0.1618 1.0132
13.4470 0.1636 1.0145
13.4669 0.1655 1.0159
13.4869 0.1675 1.0171
13.5069 0.1695 1.0182
13.5269 0.1716 1.0192
13.5469 0.1736 1.0201
13.5669 0.1757 1.0209
13.5868 0.1777 1.0216
13.6068 0.1796 1.0223
13.6268 0.1815 1.0229
13.6468 0.1834 1.0235
13.6668 0.1852 1.0242
13.6867 0.1871 1.0248
13.7067 0.1889 1.0253
13.7267 0.1908 1.0259
13.7467 0.1926 1.0265
13.7667 0.1945 1.0270
13.7866 0.1963 1.0276
13.8066 0.1982 1.0281
13.8266 0.2000 1.0286
13.8466 0.2019 1.0292
13.8666 0.2039 1.0297
13.8865 0.2059 1.0301
13.9065 0.2079 1.0305
13.9265 0.2099 1.0309
13.9465 0.2119 1.0312
13.9665 0.2139 1.0316
13.9864 0.2160 1.0318
14.0064 0.2180 1.0321
14.0264 0.2201 1.0323
14.0464 0.2221 1.0324
14.0664 0.2242 1.0325
14.0863 0.2262 1.0326
14.1063 0.2283 1.0327
14.1263 0.2303 1.0327
14.1463 0.2324 1.0327
14.1663 0.2344 1.0327
14.1863 0.2365 1.0326
14.2062 0.2386 1.0325
14.2262 0.2407 1.0323
14.2462 0.2427 1.0321
14.2662 0.2447 1.0319
14.2862 0.2467 1.0316
14.3061 0.2486 1.0313
14.3261 0.2506 1.0310
14.3461 0.2525 1.0308
14.3661 0.2544 1.0305
14.3861 0.2564 1.0302
14.4060 0.2584 1.0299
14.4260 0.2603 1.0295
14.4460 0.2623 1.0292
14.4660 0.2643 1.0287
14.4860 0.2662 1.0283
14.5059 0.2681 1.0279
14.5259 0.2700 1.0274
14.5459 0.2719 1.0270
14.5659 0.2737 1.0265
14.5859 0.2756 1.0261
14.6058 0.2775 1.0257
14.6258 0.2794 1.0253
14.6458 0.2813 1.0250
14.6658 0.2833 1.0247
14.6858 0.2853 1.0244
14.7057 0.2874 1.0240
14.7257 0.2897 1.0236
14.7457 0.2920 1.0232
14.7657 0.2943 1.0227
14.7857 0.2967 1.0220
14.8057 0.2991 1.0213
14.8256 0.3015 1.0204
14.8456 0.3039 1.0194
14.8656 0.3062 1.0184
14.8856 0.3084 1.0172
14.9056 0.3106 1.0160
14.9255 0.3126 1.0149
14.9455 0.3145 1.0138
14.9655 0.3165 1.0128
14.9855 0.3184 1.0118
15.0055 0.3204 1.0109
15.0254 0.3225 1.0100
15.0454 0.3247 1.0091
15.0654 0.3270 1.0081
15.0854 0.3293 1.0071
15.1054 0.3316 1.0060
15.1253 0.3340 1.0048
15.1453 0.3364 1.0035
15.1653 0.3388 1.0021
15.1853 0.3411 1.0007
15.2053 0.3434 0.9992
15.2252 0.3456 0.9977
15.2452 0.3478 0.9962
15.2652 0.3500 0.9947
15.2852 0.3521 0.9933
15.3052 0.3543 0.9920
15.3251 0.3566 0.9907
15.3451 0.3590 0.9894
15.3651 0.3615 0.9881
15.3851 0.3642 0.9868
15.4051 0.3670 0.9854
15.4251 0.3699 0.9839
15.4450 0.3730 0.9822
15.4650 0.3762 0.9804
15.4850 0.3795 0.9785
15.5050 0.3828 0.9763
15.5250 0.3862 0.9740
15.5449 0.3896 0.9715
15.5649 0.3931 0.9687
15.5849 0.3967 0.9657
15.6049 0.4002 0.9624
15.6249 0.4037 0.9589
15.6448 0.4071 0.9551
15.6648 0.4105 0.9510
15.6848 0.4136 0.9465
15.7048 0.4166 0.9419
15.7248 0.4192 0.9370
15.7447 0.4216 0.9319
15.7647 0.4237 0.9267
15.7847 0.4254 0.9216
15.8047 0.4270 0.9164
15.8247 0.4283 0.9112
15.8446 0.4296 0.9061
15.8646 0.4307 0.9009
15.8846 0.4317 0.8957
15.9046 0.4325 0.8904
15.9246 0.4331 0.8851
15.9445 0.4335 0.8797
15.9645 0.4337 0.8743
15.9845 0.4338 0.8690
16.0045 0.4337 0.8638
16.0245 0.4335 0.8585
16.0445 0.4332 0.8533
16.0644 0.4327 0.8479
16.0844 0.4321 0.8426
16.1044 0.4313 0.8372
16.1244 0.4302 0.8318
16.1444 0.4289 0.8265
16.1643 0.4274 0.8212
16.1843 0.4257 0.8161
16.2043 0.4237 0.8110
16.2243 0.4216 0.8061
16.2443 0.4194 0.8014
16.2642 0.4170 0.7968
16.2842 0.4145 0.7925
16.3042 0.4120 0.7883
16.3242 0.4095 0.7842
16.3442 0.4070 0.7802
16.3641 0.4045 0.7763
16.3841 0.4019 0.7724
16.4041 0.3993 0.7685
16.4241 0.3965 0.7646
16.4441 0.3936 0.7608
16.4640 0.3906 0.7571
16.4840 0.3874 0.7535
16.5040 0.3841 0.7500
16.5240 0.3807 0.7468
16.5440 0.3772 0.7437
16.5639 0.3736 0.7408
16.5839 0.3701 0.7381
16.6039 0.3665 0.7357
16.6239 0.3631 0.7334
16.6439 0.3597 0.7312
16.6639 0.3563 0.7292
16.6838 0.3531 0.7272
16.7038 0.3499 0.7254
16.7238 0.3468 0.7235
16.7438 0.3438 0.7218
16.7638 0.3408 0.7200
16.7837 0.3379 0.7183
16.8037 0.3350 0.7165
16.8237 0.3321 0.7148
16.8437 0.3292 0.7130
16.8637 0.3263 0.7112
16.8836 0.3234 0.7094
16.9036 0.3203 0.7077
16.9236 0.3172 0.7060
16.9436 0.3140 0.7043
16.9636 0.3108 0.7028
16.9835 0.3075 0.7014
17.0035 0.3042 0.7001
17.0235 0.3009 0.6989
17.0435 0.2977 0.6978
17.0635 0.2945 0.6968
17.0834 0.2914 0.6959
17.1034 0.2883 0.6950
17.1234 0.2853 0.6942
17.1434 0.2823 0.6933
17.1634 0.2792 0.6925
17.1833 0.2762 0.6918
17.2033 0.2732 0.6911
17.2233 0.2702 0.6904
17.2433 0.2672 0.6899
17.2633 0.2642 0.6894
17.2832 0.2612 0.6890
17.3032 0.2584 0.6886
17.3232 0.2555 0.6883
17.3432 0.2527 0.6880
17.3632 0.2500 0.6877
17.3832 0.2473 0.6874
17.4031 0.2446 0.6872
17.4231 0.2420 0.6869
17.4431 0.2393 0.6867
17.4631 0.2367 0.6865
17.4831 0.2340 0.6863
17.5030 0.2314 0.6862
17.5230 0.2288 0.6861
17.5430 0.2262 0.6860
17.5630 0.2237 0.6860
17.5830 0.2211 0.6859
17.6029 0.2186 0.6859
17.6229 0.2161 0.6860
17.6429 0.2136 0.6860
17.6629 0.2111 0.6862
17.6829 0.2086 0.6863
17.7028 0.2062 0.6865
17.7228 0.2038 0.6867
17.7428 0.2015 0.6869
17.7628 0.1991 0.6871
17.7828 0.1968 0.6874
17.8027 0.1946 0.6877
17.8227 0.1923 0.6880
17.8427 0.1901 0.6883
17.8627 0.1879 0.6886
17.8827 0.1857 0.6889
17.9026 0.1836 0.6892
17.9226 0.1815 0.6896
17.9426 0.1794 0.6899
17.9626 0.1773 0.6903
17.9826 0.1752 0.6906
18.0026 0.1732 0.6910
18.0225 0.1712 0.6914
18.0425 0.1692 0.6917
18.0625 0.1671 0.6921
18.0825 0.1651 0.6924
18.1025 0.1631 0.6928
18.1224 0.1611 0.6932
18.1424 0.1591 0.6936
18.1624 0.1571 0.6940
18.1824 0.1551 0.6945
18.2024 0.1531 0.6950
18.2223 0.1511 0.6955
18.2423 0.1491 0.6960
18.2623 0.1472 0.6965
18.2823 0.1452 0.6971
18.3023 0.1433 0.6977
18.3222 0.1413 0.6983
18.3422 0.1394 0.6989
18.3622 0.1375 0.6996
18.3822 0.1357 0.7003
18.4022 0.1338 0.7010
18.4221 0.1320 0.7017
18.4421 0.1303 0.7025
18.4621 0.1286 0.7032
18.4821 0.1269 0.7040
18.5021 0.1252 0.7047
18.5220 0.1235 0.7054
18.5420 0.1219 0.7061
18.5620 0.1202 0.7069
18.5820 0.1186 0.7076
18.6020 0.1169 0.7084
18.6220 0.1153 0.7091
18.6419 0.1137 0.7099
18.6619 0.1121 0.7107
18.6819 0.1105 0.7115
18.7019 0.1089 0.7123
18.7219 0.1073 0.7132
18.7418 0.1057 0.7141
18.7618 0.1042 0.7150
18.7818 0.1027 0.7159
18.8018 0.1012 0.7168
18.8218 0.0998 0.7178
18.8417 0.0985 0.7187
18.8617 0.0971 0.7197
18.8817 0.0958 0.7206
18.9017 0.0945 0.7215
18.9217 0.0932 0.7224
18.9416 0.0920 0.7233
18.9616 0.0907 0.7242
18.9816 0.0895 0.7251
19.0016 0.0882 0.7259
19.0216 0.0870 0.7268
19.0415 0.0858 0.7277
19.0615 0.0845 0.7286
19.0815 0.0833 0.7295
19.1015 0.0821 0.7303
19.1215 0.0809 0.7312
19.1414 0.0798 0.7321
19.1614 0.0786 0.7330
19.1814 0.0774 0.7339
19.2014 0.0762 0.7348
19.2214 0.0751 0.7357
19.2414 0.0739 0.7367
19.2613 0.0728 0.7376
19.2813 0.0717 0.7386
19.3013 0.0706 0.7395
19.3213 0.0695 0.7405
19.3413 0.0685 0.7415
19.3612 0.0674 0.7424
19.3812 0.0664 0.7434
19.4012 0.0654 0.7444
19.4212 0.0644 0.7454
19.4412 0.0635 0.7464
19.4611 0.0625 0.7474
19.4811 0.0616 0.7483
19.5011 0.0607 0.7493
19.5211 0.0598 0.7503
19.5411 0.0589 0.7513
19.5610 0.0580 0.7523
19.5810 0.0572 0.7532
19.6010 0.0563 0.7542
19.6210 0.0555 0.7552
19.6410 0.0546 0.7561
19.6609 0.0538 0.7571
19.6809 0.0530 0.7581
19.7009 0.0522 0.7590
19.7209 0.0514 0.7600
19.7409 0.0507 0.7610
19.7608 0.0499 0.7620
19.7808 0.0492 0.7630
19.8008 0.0485 0.7640
19.8208 0.0479 0.7650
19.8408 0.0472 0.7659
19.8608 0.0466 0.7669
19.8807 0.0459 0.7678
19.9007 0.0453 0.7687
19.9207 0.0447 0.7697
19.9407 0.0441 0.7706
19.9607 0.0434 0.7715
19.9806 0.0429 0.7724
20.0006 0.0423 0.7734
20.0206 0.0417 0.7743
20.0406 0.0412 0.7752
20.0606 0.0406 0.7761
20.0805 0.0401 0.7770
20.1005 0.0396 0.7779
20.1205 0.0390 0.7787
20.1405 0.0385 0.7796
20.1605 0.0380 0.7805
20.1804 0.0375 0.7813
20.2004 0.0371 0.7822
20.2204 0.0366 0.7831
20.2404 0.0362 0.7839
20.2604 0.0357 0.7847
20.2803 0.0352 0.7855
20.3003 0.0348 0.7864
20.3203 0.0344 0.7872
20.3403 0.0339 0.7880
20.3603 0.0335 0.7888
20.3802 0.0331 0.7896
20.4002 0.0327 0.7904
20.4202 0.0323 0.7912
20.4402 0.0319 0.7920
20.4602 0.0315 0.7927
20.4802 0.0311 0.7935
20.5001 0.0307 0.7942
20.5201 0.0303 0.7950
20.5401 0.0299 0.7957
20.5601 0.0295 0.7965
20.5801 0.0291 0.7973
20.6000 0.0287 0.7980
20.6200 0.0284 0.7988
20.6400 0.0280 0.7995
20.6600 0.0277 0.8003
20.6800 0.0273 0.8010
20.6999 0.0270 0.8017
20.7199 0.0267 0.8025
20.7399 0.0264 0.8032
20.7599 0.0260 0.8039
20.7799 0.0257 0.8046
20.7998 0.0254 0.8053
20.8198 0.0251 0.8060
20.8398 0.0248 0.8067
20.8598 0.0244 0.8074
20.8798 0.0241 0.8081
20.8997 0.0238 0.8088
20.9197 0.0235 0.8094
20.9397 0.0232 0.8101
20.9597 0.0230 0.8108
20.9797 0.0227 0.8114
20.9996 0.0224 0.8121
21.0196 0.0221 0.8128
21.0396 0.0218 0.8134
21.0596 0.0215 0.8141
21.0796 0.0213 0.8147
21.0996 0.0210 0.8154
21.1195 0.0207 0.8160
21.1395 0.0204 0.8166
21.1595 0.0201 0.8173
21.1795 0.0199 0.8179
21.1995 0.0196 0.8186
21.2194 0.0193 0.8192
21.2394 0.0191 0.8199
21.2594 0.0188 0.8205
21.2794 0.0186 0.8212
21.2994 0.0184 0.8218
21.3193 0.0181 0.8225
21.3393 0.0179 0.8231
21.3593 0.0177 0.8237
21.3793 0.0175 0.8244
21.3993 0.0173 0.8250
21.4192 0.0171 0.8256
21.4392 0.0169 0.8262
21.4592 0.0167 0.8267
21.4792 0.0165 0.8273
21.4992 0.0163 0.8279
21.5191 0.0161 0.8285
21.5391 0.0159 0.8291
21.5591 0.0157 0.8297
21.5791 0.0155 0.8303
21.5991 0.0153 0.8308
21.6190 0.0151 0.8314
21.6390 0.0149 0.8320
21.6590 0.0147 0.8326
21.6790 0.0145 0.8332
21.6990 0.0144 0.8337
21.7190 0.0142 0.8343
21.7389 0.0140 0.8349
21.7589 0.0139 0.8354
21.7789 0.0137 0.8360
21.7989 0.0135 0.8365
21.8189 0.0134 0.8371
21.8388 0.0132 0.8376
21.8588 0.0131 0.8382
21.8788 0.0129 0.8387
21.8988 0.0128 0.8393
21.9188 0.0127 0.8398
21.9387 0.0125 0.8404
21.9587 0.0124 0.8409
21.9787 0.0123 0.8414
21.9987 0.0121 0.8419
22.0187 0.0120 0.8424
22.0386 0.0119 0.8430
22.0586 0.0117 0.8435
22.0786 0.0116 0.8440
22.0986 0.0115 0.8445
22.1186 0.0114 0.8450
22.1385 0.0112 0.8455
22.1585 0.0111 0.8459
22.1785 0.0110 0.8464
22.1985 0.0109 0.8469
22.2185 0.0108 0.8474
22.2384 0.0106 0.8479
22.2584 0.0105 0.8484
22.2784 0.0104 0.8488
22.2984 0.0103 0.8493
22.3184 0.0102 0.8498
22.3384 0.0100 0.8503
22.3583 0.0099 0.8508
22.3783 0.0098 0.8512
22.3983 0.0097 0.8517
22.4183 0.0096 0.8522
22.4383 0.0095 0.8526
22.4582 0.0094 0.8531
22.4782 0.0093 0.8535
22.4982 0.0092 0.8540
22.5182 0.0091 0.8545
22.5382 0.0090 0.8549
22.5581 0.0089 0.8554
22.5781 0.0088 0.8558
22.5981 0.0087 0.8563
22.6181 0.0086 0.8567
22.6381 0.0085 0.8572
22.6580 0.0084 0.8576
22.6780 0.0083 0.8580
22.6980 0.0082 0.8585
22.7180 0.0081 0.8589
22.7380 0.0080 0.8594
22.7579 0.0079 0.8598
22.7779 0.0078 0.8602
22.7979 0.0077 0.8607
22.8179 0.0077 0.8611
22.8379 0.0076 0.8616
22.8578 0.0075 0.8620
22.8778 0.0074 0.8625
22.8978 0.0074 0.8629
22.9178 0.0073 0.8633
22.9378 0.0072 0.8638
22.9578 0.0072 0.8642
22.9777 0.0071 0.8646
22.9977 0.0070 0.8650
23.0177 0.0070 0.8654
23.0377 0.0069 0.8659
23.0577 0.0069 0.8663
23.0776 0.0068 0.8667
23.0976 0.0068 0.8671
23.1176 0.0067 0.8675
23.1376 0.0067 0.8679
23.1576 0.0066 0.8683
23.1775 0.0066 0.8687
23.1975 0.0066 0.8691
23.2175 0.0065 0.8695
23.2375 0.0065 0.8699
23.2575 0.0065 0.8703
23.2774 0.0064 0.8707
23.2974 0.0064 0.8711
23.3174 0.0064 0.8714
23.3374 0.0063 0.8718
23.3574 0.0063 0.8722
23.3773 0.0063 0.8726
23.3973 0.0062 0.8729
23.4173 0.0062 0.8733
23.4373 0.0062 0.8737
23.4573 0.0061 0.8740
23.4772 0.0061 0.8744
23.4972 0.0061 0.8748
23.5172 0.0060 0.8751
23.5372 0.0060 0.8755
23.5572 0.0060 0.8759
23.5772 0.0060 0.8763
23.5971 0.0060 0.8766
23.6171 0.0060 0.8770
23.6371 0.0060 0.8773
23.6571 0.0060 0.8777
23.6771 0.0060 0.8780
23.6970 0.0059 0.8783
23.7170 0.0059 0.8787
23.7370 0.0059 0.8790
23.7570 0.0059 0.8793
23.7770 0.0058 0.8797
23.7969 0.0058 0.8800
23.8169 0.0058 0.8804
23.8369 0.0058 0.8807
23.8569 0.0058 0.8811
23.8769 0.0058 0.8814
23.8968 0.0058 0.8818
23.9168 0.0059 0.8821
23.9368 0.0059 0.8824
23.9568 0.0059 0.8827
23.9768 0.0060 0.8830
23.9967 0.0060 0.8833
24.0167 0.0060 0.8836
24.0367 0.0060 0.8839
24.0567 0.0061 0.8842
24.0767 0.0061 0.8844
24.0966 0.0061 0.8847
24.1166 0.0061 0.8850
24.1366 0.0061 0.8852
24.1566 0.0060 0.8855
24.1766 0.0060 0.8858
24.1965 0.0060 0.8861
24.2165 0.0060 0.8863
24.2365 0.0060 0.8866
24.2565 0.0060 0.8869
24.2765 0.0060 0.8872
24.2965 0.0060 0.8875
24.3164 0.0060 0.8878
24.3364 0.0060 0.8880
24.3564 0.0061 0.8883
24.3764 0.0061 0.8886
24.3964 0.0061 0.8888
24.4163 0.0061 0.8891
24.4363 0.0061 0.8894
24.4563 0.0061 0.8896
24.4763 0.0062 0.8898
24.4963 0.0062 0.8901
24.5162 0.0062 0.8903
24.5362 0.0062 0.8906
24.5562 0.0062 0.8908
24.5762 0.0062 0.8910
24.5962 0.0062 0.8913
24.6161 0.0062 0.8915
24.6361 0.0062 0.8917
24.6561 0.0062 0.8919
24.6761 0.0062 0.8922
24.6961 0.0062 0.8924
24.7160 0.0062 0.8926
24.7360 0.0062 0.8928
24.7560 0.0062 0.8930
24.7760 0.0062 0.8933
24.7960 0.0062 0.8935
24.8159 0.0062 0.8937
24.8359 0.0062 0.8939
24.8559 0.0062 0.8941
24.8759 0.0062 0.8943
24.8959 0.0061 0.8945
24.9159 0.0061 0.8948
24.9358 0.0061 0.8950
24.9558 0.0061 0.8952
24.9758 0.0061 0.8954
24.9958 0.0061 0.8956
25.0158 0.0061 0.8958
25.0357 0.0061 0.8961
25.0557 0.0061 0.8963
25.0757 0.0061 0.8965
25.0957 0.0060 0.8967
25.1157 0.0060 0.8969
25.1356 0.0060 0.8971
25.1556 0.0060 0.8973
25.1756 0.0060 0.8975
25.1956 0.0060 0.8977
25.2156 0.0060 0.8979
25.2355 0.0060 0.8981
25.2555 0.0060 0.8983
25.2755 0.0060 0.8985
25.2955 0.0060 0.8987
25.3155 0.0060 0.8988
25.3354 0.0060 0.8990
25.3554 0.0060 0.8992
25.3754 0.0060 0.8994
25.3954 0.0060 0.8996
25.4154 0.0059 0.8997
25.4353 0.0059 0.8999
25.4553 0.0059 0.9001
25.4753 0.0059 0.9002
25.4953 0.0059 0.9004
25.5153 0.0058 0.9005
25.5353 0.0058 0.9007
25.5552 0.0058 0.9009
25.5752 0.0057 0.9010
25.5952 0.0057 0.9012
25.6152 0.0056 0.9014
25.6352 0.0056 0.9015
25.6551 0.0055 0.9017
25.6751 0.0055 0.9019
25.6951 0.0054 0.9020
25.7151 0.0054 0.9022
25.7351 0.0053 0.9024
25.7550 0.0053 0.9026
25.7750 0.0052 0.9028
25.7950 0.0052 0.9029
25.8150 0.0051 0.9031
25.8350 0.0051 0.9033
25.8549 0.0050 0.9035
25.8749 0.0049 0.9037
25.8949 0.0049 0.9039
25.9149 0.0048 0.9041
25.9349 0.0048 0.9042
25.9548 0.0047 0.9044
25.9748 0.0047 0.9046
25.9948 0.0046 0.9048
26.0148 0.0045 0.9051
26.0348 0.0045 0.9053
26.0547 0.0044 0.9055
26.0747 0.0044 0.9057
26.0947 0.0044 0.9059
26.1147 0.0043 0.9061
26.1347 0.0043 0.9063
26.1547 0.0043 0.9065
26.1746 0.0042 0.9067
26.1946 0.0042 0.9070
26.2146 0.0042 0.9072
26.2346 0.0042 0.9074
26.2546 0.0041 0.9076
26.2745 0.0041 0.9078
26.2945 0.0041 0.9080
26.3145 0.0041 0.9082
26.3345 0.0041 0.9084
26.3545 0.0041 0.9086
26.3744 0.0041 0.9088
26.3944 0.0041 0.9090
26.4144 0.0041 0.9092
26.4344 0.0041 0.9094
26.4544 0.0041 0.9095
26.4743 0.0041 0.9097
26.4943 0.0041 0.9099
26.5143 0.0041 0.9101
26.5343 0.0041 0.9102
26.5543 0.0042 0.9104
26.5742 0.0042 0.9105
26.5942 0.0041 0.9107
26.6142 0.0041 0.9108
26.6342 0.0041 0.9110
26.6542 0.0041 0.9111
26.6741 0.0041 0.9113
26.6941 0.0041 0.9114
26.7141 0.0041 0.9116
26.7341 0.0040 0.9117
26.7541 0.0040 0.9119
26.7741 0.0040 0.9120
26.7940 0.0040 0.9122
26.8140 0.0039 0.9123
26.8340 0.0039 0.9125
26.8540 0.0039 0.9126
26.8740 0.0039 0.9128
26.8939 0.0038 0.9130
26.9139 0.0038 0.9131
26.9339 0.0038 0.9133
26.9539 0.0038 0.9134
26.9739 0.0038 0.9136
26.9938 0.0037 0.9137
27.0138 0.0037 0.9139
27.0338 0.0037 0.9140
27.0538 0.0037 0.9142
27.0738 0.0036 0.9143
27.0937 0.0036 0.9145
27.1137 0.0036 0.9146
27.1337 0.0035 0.9148
27.1537 0.0035 0.9149
27.1737 0.0035 0.9151
27.1936 0.0034 0.9152
27.2136 0.0034 0.9154
27.2336 0.0034 0.9155
27.2536 0.0034 0.9157
27.2736 0.0033 0.9159
27.2935 0.0033 0.9160
27.3135 0.0033 0.9162
27.3335 0.0032 0.9163
27.3535 0.0032 0.9165
27.3735 0.0032 0.9166
27.3935 0.0032 0.9168
27.4134 0.0031 0.9170
27.4334 0.0031 0.9171
27.4534 0.0031 0.9173
27.4734 0.0031 0.9174
27.4934 0.0030 0.9176
27.5133 0.0030 0.9177
27.5333 0.0030 0.9179
27.5533 0.0030 0.9181
27.5733 0.0030 0.9182
27.5933 0.0029 0.9184
27.6132 0.0029 0.9185
27.6332 0.0029 0.9187
27.6532 0.0029 0.9188
27.6732 0.0029 0.9190
27.6932 0.0029 0.9191
27.7131 0.0029 0.9193
27.7331 0.0028 0.9194
27.7531 0.0028 0.9196
27.7731 0.0028 0.9197
27.7931 0.0028 0.9199
27.8130 0.0028 0.9200
27.8330 0.0028 0.9201
27.8530 0.0028 0.9203
27.8730 0.0027 0.9204
27.8930 0.0027 0.9206
27.9129 0.0027 0.9207
27.9329 0.0027 0.9209
27.9529 0.0027 0.9210
27.9729 0.0027 0.9211
27.9929 0.0027 0.9213
28.0129 0.0026 0.9214
28.0328 0.0026 0.9216
28.0528 0.0026 0.9217
28.0728 0.0026 0.9218
28.0928 0.0026 0.9220
28.1128 0.0026 0.9221
28.1327 0.0026 0.9222
28.1527 0.0025 0.9224
28.1727 0.0025 0.9225
28.1927 0.0025 0.9227
28.2127 0.0025 0.9228
28.2326 0.0025 0.9229
28.2526 0.0025 0.9231
28.2726 0.0025 0.9232
28.2926 0.0025 0.9233
28.3126 0.0024 0.9235
28.3325 0.0024 0.9236
28.3525 0.0024 0.9237
28.3725 0.0024 0.9239
28.3925 0.0024 0.9240
28.4125 0.0024 0.9241
28.4324 0.0024 0.9242
28.4524 0.0024 0.9244
28.4724 0.0024 0.9245
28.4924 0.0023 0.9246
28.5124 0.0023 0.9247
28.5323 0.0023 0.9249
28.5523 0.0023 0.9250
28.5723 0.0023 0.9251
28.5923 0.0023 0.9252
28.6123 0.0023 0.9253
28.6323 0.0023 0.9255
28.6522 0.0022 0.9256
28.6722 0.0022 0.9257
28.6922 0.0022 0.9258
28.7122 0.0022 0.9259
28.7322 0.0022 0.9260
28.7521 0.0021 0.9262
28.7721 0.0021 0.9263
28.7921 0.0021 0.9264
28.8121 0.0021 0.9265
28.8321 0.0021 0.9266
28.8520 0.0020 0.9267
28.8720 0.0020 0.9269
28.8920 0.0020 0.9270
28.9120 0.0020 0.9271
28.9320 0.0020 0.9272
28.9519 0.0019 0.9273
28.9719 0.0019 0.9275
28.9919 0.0019 0.9276
29.0119 0.0019 0.9277
29.0319 0.0018 0.9278
29.0518 0.0018 0.9279
29.0718 0.0018 0.9280
29.0918 0.0018 0.9282
29.1118 0.0017 0.9283
29.1318 0.0017 0.9284
29.1517 0.0017 0.9285
29.1717 0.0017 0.9286
29.1917 0.0016 0.9288
29.2117 0.0016 0.9289
29.2317 0.0016 0.9290
29.2517 0.0016 0.9291
29.2716 0.0016 0.9292
29.2916 0.0015 0.9294
29.3116 0.0015 0.9295
29.3316 0.0015 0.9296
29.3516 0.0015 0.9297
29.3715 0.0014 0.9299
29.3915 0.0014 0.9300
29.4115 0.0014 0.9301
29.4315 0.0014 0.9302
29.4515 0.0013 0.9303
29.4714 0.0013 0.9305
29.4914 0.0013 0.9306
29.5114 0.0013 0.9307
29.5314 0.0013 0.9308
29.5514 0.0012 0.9309
29.5713 0.0012 0.9311
29.5913 0.0012 0.9312
29.6113 0.0012 0.9313
29.6313 0.0012 0.9314
29.6513 0.0012 0.9316
29.6712 0.0011 0.9317
29.6912 0.0011 0.9318
29.7112 0.0011 0.9319
29.7312 0.0011 0.9320
29.7512 0.0011 0.9322
29.7711 0.0011 0.9323
29.7911 0.0010 0.9324
29.8111 0.0010 0.9325
29.8311 0.0010 0.9327
29.8511 0.0010 0.9328
29.8711 0.0010 0.9329
29.8910 0.0010 0.9330
29.9110 0.0010 0.9331
29.9310 0.0009 0.9332
29.9510 0.0009 0.9334
29.9710 0.0009 0.9335
29.9909 0.0009 0.9336
30.0109 0.0009 0.9337
30.0309 0.0009 0.9338
30.0509 0.0009 0.9340
30.0709 0.0009 0.9341
30.0908 0.0009 0.9342
30.1108 0.0008 0.9343
30.1308 0.0008 0.9344
30.1508 0.0008 0.9345
30.1708 0.0008 0.9347
30.1907 0.0008 0.9348
30.2107 0.0008 0.9349
30.2307 0.0008 0.9350
30.2507 0.0008 0.9351
30.2707 0.0008 0.9352
30.2906 0.0008 0.9353
30.3106 0.0008 0.9355
30.3306 0.0008 0.9356
30.3506 0.0008 0.9357
30.3706 0.0007 0.9358
30.3905 0.0007 0.9359
30.4105 0.0007 0.9360
30.4305 0.0007 0.9361
30.4505 0.0007 0.9362
30.4705 0.0007 0.9363
30.4904 0.0007 0.9364
30.5104 0.0007 0.9366
30.5304 0.0007 0.9367
30.5504 0.0007 0.9368
30.5704 0.0007 0.9369
30.5904 0.0007 0.9370
30.6103 0.0007 0.9371
30.6303 0.0007 0.9372
30.6503 0.0007 0.9373
30.6703 0.0007 0.9374
30.6903 0.0007 0.9375
30.7102 0.0007 0.9376
30.7302 0.0007 0.9377
30.7502 0.0007 0.9378
30.7702 0.0007 0.9379
30.7902 0.0007 0.9380
30.8101 0.0007 0.9381
30.8301 0.0007 0.9382
30.8501 0.0006 0.9383
30.8701 0.0006 0.9384
30.8901 0.0006 0.9385
30.9100 0.0006 0.9386
30.9300 0.0006 0.9387
30.9500 0.0006 0.9388
30.9700 0.0006 0.9389
30.9900 0.0006 0.9390
31.0099 0.0006 0.9391
31.0299 0.0006 0.9392
31.0499 0.0006 0.9393
31.0699 0.0006 0.9394
31.0899 0.0006 0.9395
31.1098 0.0006 0.9396
31.1298 0.0006 0.9397
31.1498 0.0006 0.9398
31.1698 0.0006 0.9399
31.1898 0.0006 0.9400
31.2098 0.0006 0.9401
31.2297 0.0006 0.9402
31.2497 0.0006 0.9403
31.2697 0.0006 0.9404
31.2897 0.0006 0.9405
31.3097 0.0006 0.9406
31.3296 0.0006 0.9407
31.3496 0.0006 0.9408
31.3696 0.0006 0.9409
31.3896 0.0006 0.9409
31.4096 0.0006 0.9410
31.4295 0.0006 0.9411
31.4495 0.0006 0.9412
31.4695 0.0005 0.9413
31.4895 0.0005 0.9414
31.5095 0.0005 0.9415
31.5294 0.0005 0.9416
31.5494 0.0005 0.9417
31.5694 0.0005 0.9418
31.5894 0.0005 0.9419
31.6094 0.0005 0.9420
31.6293 0.0005 0.9420
31.6493 0.0005 0.9421
31.6693 0.0005 0.9422
31.6893 0.0005 0.9423
31.7093 0.0005 0.9424
31.7292 0.0005 0.9425
31.7492 0.0005 0.9426
31.7692 0.0005 0.9427
31.7892 0.0005 0.9428
31.8092 0.0005 0.9429
31.8292 0.0005 0.9429
31.8491 0.0005 0.9430
31.8691 0.0005 0.9431
31.8891 0.0005 0.9432
31.9091 0.0005 0.9433
31.9291 0.0005 0.9434
31.9490 0.0005 0.9435
31.9690 0.0005 0.9436
31.9890 0.0005 0.9436
32.0090 0.0005 0.9437
32.0290 0.0005 0.9438
32.0489 0.0005 0.9439
32.0689 0.0005 0.9440
32.0889 0.0005 0.9441
32.1089 0.0005 0.9442
32.1289 0.0005 0.9442
32.1488 0.0005 0.9443
32.1688 0.0005 0.9444
32.1888 0.0004 0.9445
32.2088 0.0004 0.9446
32.2288 0.0004 0.9447
32.2487 0.0004 0.9447
32.2687 0.0004 0.9448
32.2887 0.0004 0.9449
32.3087 0.0004 0.9450
32.3287 0.0004 0.9451
32.3486 0.0004 0.9452
32.3686 0.0004 0.9452
32.3886 0.0004 0.9453
32.4086 0.0004 0.9454
32.4286 0.0004 0.9455
32.4486 0.0004 0.9456
32.4685 0.0004 0.9457
32.4885 0.0004 0.9457
32.5085 0.0004 0.9458
32.5285 0.0004 0.9459
32.5485 0.0004 0.9460
32.5684 0.0004 0.9461
32.5884 0.0004 0.9461
32.6084 0.0004 0.9462
32.6284 0.0004 0.9463
32.6484 0.0004 0.9464
32.6683 0.0004 0.9465
32.6883 0.0004 0.9465
32.7083 0.0004 0.9466
32.7283 0.0004 0.9467
32.7483 0.0004 0.9468
32.7682 0.0004 0.9469
32.7882 0.0004 0.9469
32.8082 0.0004 0.9470
32.8282 0.0004 0.9471
32.8482 0.0004 0.9472
32.8681 0.0004 0.9472
32.8881 0.0004 0.9473
32.9081 0.0004 0.9474
32.9281 0.0004 0.9475
32.9481 0.0004 0.9476
32.9680 0.0004 0.9476
32.9880 0.0004 0.9477
33.0080 0.0004 0.9478
33.0280 0.0004 0.9479
33.0480 0.0004 0.9479
33.0680 0.0004 0.9480
33.0879 0.0004 0.9481
33.1079 0.0004 0.9482
33.1279 0.0004 0.9482
33.1479 0.0004 0.9483
33.1679 0.0004 0.9484
33.1878 0.0004 0.9485
33.2078 0.0004 0.9485
33.2278 0.0004 0.9486
33.2478 0.0004 0.9487
33.2678 0.0004 0.9488
33.2877 0.0004 0.9488
33.3077 0.0004 0.9489
33.3277 0.0004 0.9490
33.3477 0.0004 0.9490
33.3677 0.0004 0.9491
33.3876 0.0004 0.9492
33.4076 0.0004 0.9493
33.4276 0.0004 0.9493
33.4476 0.0004 0.9494
33.4676 0.0004 0.9495
33.4875 0.0004 0.9495
33.5075 0.0004 0.9496
33.5275 0.0004 0.9497
33.5475 0.0004 0.9498
33.5675 0.0004 0.9498
33.5874 0.0004 0.9499
33.6074 0.0004 0.9500
33.6274 0.0004 0.9500
33.6474 0.0004 0.9501
33.6674 0.0004 0.9502
33.6874 0.0003 0.9503
33.7073 0.0003 0.9503
33.7273 0.0003 0.9504
33.7473 0.0003 0.9505
33.7673 0.0003 0.9505
33.7873 0.0003 0.9506
33.8072 0.0003 0.9507
33.8272 0.0003 0.9507
33.8472 0.0003 0.9508
33.8672 0.0003 0.9509
33.8872 0.0003 0.9509
33.9071 0.0003 0.9510
33.9271 0.0003 0.9511
33.9471 0.0003 0.9511
33.9671 0.0003 0.9512
33.9871 0.0003 0.9513
34.0070 0.0003 0.9514
34.0270 0.0003 0.9514
34.0470 0.0003 0.9515
34.0670 0.0003 0.9516
34.0870 0.0003 0.9516
34.1069 0.0003 0.9517
34.1269 0.0003 0.9518
34.1469 0.0003 0.9518
34.1669 0.0003 0.9519
34.1869 0.0003 0.9520
34.2068 0.0003 0.9520
34.2268 0.0003 0.9521
34.2468 0.0003 0.9521
34.2668 0.0003 0.9522
34.2868 0.0003 0.9523
34.3068 0.0003 0.9523
34.3267 0.0003 0.9524
34.3467 0.0003 0.9525
34.3667 0.0003 0.9525
34.3867 0.0003 0.9526
34.4067 0.0003 0.9527
34.4266 0.0003 0.9527
34.4466 0.0003 0.9528
34.4666 0.0003 0.9529
34.4866 0.0003 0.9529
34.5066 0.0003 0.9530
34.5265 0.0003 0.9530
34.5465 0.0003 0.9531
34.5665 0.0003 0.9532
34.5865 0.0003 0.9532
34.6065 0.0003 0.9533
34.6264 0.0003 0.9534
34.6464 0.0003 0.9534
34.6664 0.0003 0.9535
34.6864 0.0003 0.9535
34.7064 0.0003 0.9536
34.7263 0.0003 0.9537
34.7463 0.0003 0.9537
34.7663 0.0003 0.9538
34.7863 0.0003 0.9539
34.8063 0.0003 0.9539
34.8262 0.0003 0.9540
34.8462 0.0003 0.9540
34.8662 0.0003 0.9541
34.8862 0.0003 0.9542
34.9062 0.0003 0.9542
34.9262 0.0003 0.9543
34.9461 0.0003 0.9543
34.9661 0.0003 0.9544
34.9861 0.0003 0.9545
35.0061 0.0003 0.9545
35.0261 0.0003 0.9546
35.0460 0.0003 0.9546
35.0660 0.0003 0.9547
35.0860 0.0003 0.9548
35.1060 0.0003 0.9548
35.1260 0.0003 0.9549
35.1459 0.0003 0.9549
35.1659 0.0003 0.9550
35.1859 0.0003 0.9551
35.2059 0.0003 0.9551
35.2259 0.0003 0.9552
35.2458 0.0003 0.9552
35.2658 0.0003 0.9553
35.2858 0.0003 0.9554
35.3058 0.0003 0.9554
35.3258 0.0003 0.9555
35.3457 0.0003 0.9555
35.3657 0.0003 0.9556
35.3857 0.0003 0.9556
35.4057 0.0003 0.9557
35.4257 0.0003 0.9558
35.4456 0.0003 0.9558
35.4656 0.0003 0.9559
35.4856 0.0003 0.9559
35.5056 0.0003 0.9560
35.5256 0.0003 0.9560
35.5456 0.0003 0.9561
35.5655 0.0003 0.9562
35.5855 0.0003 0.9562
35.6055 0.0003 0.9563
35.6255 0.0003 0.9563
35.6455 0.0003 0.9564
35.6654 0.0003 0.9564
35.6854 0.0003 0.9565
35.7054 0.0003 0.9566
35.7254 0.0003 0.9566
35.7454 0.0003 0.9567
35.7653 0.0003 0.9567
35.7853 0.0003 0.9568
35.8053 0.0003 0.9568
35.8253 0.0003 0.9569
35.8453 0.0003 0.9569
35.8652 0.0003 0.9570
35.8852 0.0003 0.9571
35.9052 0.0003 0.9571
35.9252 0.0003 0.9572
35.9452 0.0003 0.9572
35.9651 0.0003 0.9573
35.9851 0.0003 0.9573
36.0051 0.0003 0.9574
36.0251 0.0003 0.9574
36.0451 0.0003 0.9575
36.0650 0.0003 0.9575
36.0850 0.0003 0.9576
36.1050 0.0003 0.9576
36.1250 0.0003 0.9577
36.1450 0.0003 0.9578
36.1650 0.0003 0.9578
36.1849 0.0003 0.9579
36.2049 0.0003 0.9579
36.2249 0.0003 0.9580
36.2449 0.0003 0.9580
36.2649 0.0003 0.9581
36.2848 0.0003 0.9581
36.3048 0.0003 0.9582
36.3248 0.0003 0.9582
36.3448 0.0003 0.9583
36.3648 0.0003 0.9583
36.3847 0.0003 0.9584
36.4047 0.0003 0.9584
36.4247 0.0003 0.9585
36.4447 0.0003 0.9585
36.4647 0.0003 0.9586
36.4846 0.0003 0.9586
36.5046 0.0003 0.9587
36.5246 0.0003 0.9587
36.5446 0.0003 0.9588
36.5646 0.0003 0.9588
36.5845 0.0003 0.9589
36.6045 0.0003 0.9590
36.6245 0.0003 0.9590
36.6445 0.0003 0.9591
36.6645 0.0003 0.9591
36.6844 0.0003 0.9592
36.7044 0.0003 0.9592
36.7244 0.0003 0.9593
36.7444 0.0003 0.9593
36.7644 0.0003 0.9594
36.7844 0.0003 0.9594
36.8043 0.0002 0.9595
36.8243 0.0002 0.9595
36.8443 0.0002 0.9596
36.8643 0.0002 0.9596
36.8843 0.0002 0.9597
36.9042 0.0002 0.9597
36.9242 0.0002 0.9598
36.9442 0.0002 0.9598
36.9642 0.0002 0.9599
36.9842 0.0002 0.9599
37.0041 0.0002 0.9599
37.0241 0.0002 0.9600
37.0441 0.0002 0.9600
37.0641 0.0002 0.9601
37.0841 0.0002 0.9601
37.1040 0.0002 0.9602
37.1240 0.0002 0.9602
37.1440 0.0002 0.9603
37.1640 0.0002 0.9603
37.1840 0.0002 0.9604
37.2039 0.0002 0.9604
37.2239 0.0002 0.9605
37.2439 0.0002 0.9605
37.2639 0.0002 0.9606
37.2839 0.0002 0.9606
37.3038 0.0002 0.9607
37.3238 0.0002 0.9607
37.3438 0.0002 0.9608
37.3638 0.0002 0.9608
37.3838 0.0002 0.9609
37.4037 0.0002 0.9609
37.4237 0.0002 0.9610
37.4437 0.0002 0.9610
37.4637 0.0002 0.9610
37.4837 0.0002 0.9611
37.5037 0.0002 0.9611
37.5236 0.0002 0.9612
37.5436 0.0002 0.9612
37.5636 0.0002 0.9613
37.5836 0.0002 0.9613
37.6036 0.0002 0.9614
37.6235 0.0002 0.9614
37.6435 0.0002 0.9615
37.6635 0.0002 0.9615
37.6835 0.0002 0.9616
37.7035 0.0002 0.9616
37.7234 0.0002 0.9617
37.7434 0.0002 0.9617
37.7634 0.0002 0.9617
37.7834 0.0002 0.9618
37.8034 0.0002 0.9618
37.8233 0.0002 0.9619
37.8433 0.0002 0.9619
37.8633 0.0002 0.9620
37.8833 0.0002 0.9620
37.9033 0.0002 0.9621
37.9232 0.0002 0.9621
37.9432 0.0002 0.9621
37.9632 0.0002 0.9622
37.9832 0.0002 0.9622
38.0032 0.0002 0.9623
38.0231 0.0002 0.9623
38.0431 0.0002 0.9624
38.0631 0.0002 0.9624
38.0831 0.0002 0.9625
38.1031 0.0002 0.9625
38.1231 0.0002 0.9625
38.1430 0.0002 0.9626
38.1630 0.0002 0.9626
38.1830 0.0002 0.9627
38.2030 0.0002 0.9627
38.2230 0.0002 0.9628
38.2429 0.0002 0.9628
38.2629 0.0002 0.9629
38.2829 0.0002 0.9629
38.3029 0.0002 0.9629
38.3229 0.0002 0.9630
38.3428 0.0002 0.9630
38.3628 0.0002 0.9631
38.3828 0.0002 0.9631
38.4028 0.0002 0.9632
38.4228 0.0002 0.9632
38.4427 0.0002 0.9632
38.4627 0.0002 0.9633
38.4827 0.0002 0.9633
38.5027 0.0002 0.9634
38.5227 0.0002 0.9634
38.5426 0.0002 0.9635
38.5626 0.0002 0.9635
38.5826 0.0002 0.9635
38.6026 0.0002 0.9636
38.6226 0.0002 0.9636
38.6425 0.0002 0.9637
38.6625 0.0002 0.9637
38.6825 0.0002 0.9637
38.7025 0.0002 0.9638
38.7225 0.0002 0.9638
38.7425 0.0002 0.9639
38.7624 0.0002 0.9639
38.7824 0.0002 0.9640
38.8024 0.0002 0.9640
38.8224 0.0002 0.9640
38.8424 0.0002 0.9641
38.8623 0.0002 0.9641
38.8823 0.0002 0.9642
38.9023 0.0002 0.9642
38.9223 0.0002 0.9642
38.9423 0.0002 0.9643
38.9622 0.0002 0.9643
38.9822 0.0002 0.9644
39.0022 0.0002 0.9644
39.0222 0.0002 0.9644
39.0422 0.0002 0.9645
39.0621 0.0002 0.9645
39.0821 0.0002 0.9646
39.1021 0.0002 0.9646
39.1221 0.0002 0.9646
39.1421 0.0002 0.9647
39.1620 0.0002 0.9647
39.1820 0.0002 0.9648
39.2020 0.0002 0.9648
39.2220 0.0002 0.9648
39.2420 0.0002 0.9649
39.2619 0.0002 0.9649
39.2819 0.0002 0.9650
39.3019 0.0002 0.9650
39.3219 0.0002 0.9650
39.3419 0.0002 0.9651
39.3619 0.0002 0.9651
39.3818 0.0002 0.9652
39.4018 0.0002 0.9652
39.4218 0.0002 0.9652
39.4418 0.0002 0.9653
39.4618 0.0002 0.9653
39.4817 0.0002 0.9654
39.5017 0.0002 0.9654
39.5217 0.0002 0.9654
39.5417 0.0002 0.9655
39.5617 0.0002 0.9655
39.5816 0.0002 0.9655
39.6016 0.0002 0.9656
39.6216 0.0002 0.9656
39.6416 0.0002 0.9657
39.6616 0.0002 0.9657
39.6815 0.0002 0.9657
39.7015 0.0002 0.9658
39.7215 0.0002 0.9658
39.7415 0.0002 0.9659
39.7615 0.0002 0.9659
39.7814 0.0002 0.9659
39.8014 0.0002 0.9660
39.8214 0.0002 0.9660
39.8414 0.0002 0.9660
39.8614 0.0002 0.9661
39.8813 0.0002 0.9661
39.9013 0.0002 0.9662
39.9213 0.0002 0.9662
39.9413 0.0002 0.9662
