0.0000 0.0000 11.9143
0.0192 0.5409 11.9097
0.0384 1.0967 11.8920
0.0576 1.6795 11.8508
0.0768 2.2970 11.7692
0.0960 2.9492 11.6259
0.1152 3.6268 11.3982
0.1344 4.3100 11.0652
0.1536 4.9690 10.6132
0.1728 5.5670 10.0400
0.1920 6.0652 9.3578
0.2112 6.4295 8.5941
0.2304 6.6367 7.7895
0.2496 6.6800 6.9915
0.2688 6.5704 6.2477
0.2880 6.3354 5.5977
0.3072 6.0140 5.0679
0.3264 5.6498 4.6683
0.3456 5.2844 4.3927
0.3648 4.9513 4.2224
0.3840 4.6729 4.1307
0.4032 4.4599 4.0886
0.4224 4.3123 4.0687
0.4416 4.2219 4.0485
0.4608 4.1761 4.0120
0.4800 4.1599 3.9495
0.4992 4.1583 3.8568
0.5184 4.1578 3.7341
0.5376 4.1462 3.5852
0.5567 4.1139 3.4168
0.5759 4.0535 3.2377
0.5951 3.9610 3.0589
0.6143 3.8361 2.8923
0.6335 3.6829 2.7496
0.6527 3.5096 2.6403
0.6719 3.3278 2.5707
0.6911 3.1508 2.5420
0.7103 2.9915 2.5505
0.7295 2.8608 2.5881
0.7487 2.7653 2.6431
0.7679 2.7072 2.7023
0.7871 2.6836 2.7533
0.8063 2.6874 2.7856
0.8255 2.7088 2.7924
0.8447 2.7363 2.7711
0.8639 2.7592 2.7233
0.8831 2.7685 2.6545
0.9023 2.7581 2.5720
0.9215 2.7253 2.4848
0.9407 2.6706 2.4012
0.9599 2.5971 2.3284
0.9791 2.5099 2.2720
0.9983 2.4150 2.2353
1.0175 2.3191 2.2194
1.0367 2.2285 2.2236
1.0559 2.1491 2.2452
1.0751 2.0857 2.2798
1.0943 2.0411 2.3215
1.1135 2.0163 2.3639
1.1327 2.0100 2.4006
1.1519 2.0185 2.4258
1.1711 2.0364 2.4357
1.1903 2.0573 2.4288
1.2095 2.0748 2.4058
1.2287 2.0835 2.3701
1.2479 2.0797 2.3265
1.2671 2.0621 2.2805
1.2863 2.0314 2.2376
1.3055 1.9903 2.2022
1.3247 1.9428 2.1770
1.3439 1.8929 2.1631
1.3631 1.8448 2.1598
1.3823 1.8016 2.1653
1.4015 1.7652 2.1769
1.4207 1.7364 2.1917
1.4399 1.7149 2.2073
1.4591 1.6996 2.2218
1.4783 1.6892 2.2339
1.4975 1.6824 2.2431
1.5167 1.6781 2.2493
1.5359 1.6755 2.2525
1.5551 1.6741 2.2528
1.5743 1.6733 2.2501
1.5935 1.6724 2.2445
1.6127 1.6708 2.2359
1.6318 1.6677 2.2246
1.6510 1.6623 2.2112
1.6702 1.6539 2.1963
1.6894 1.6421 2.1809
1.7086 1.6267 2.1660
1.7278 1.6079 2.1529
1.7470 1.5860 2.1424
1.7662 1.5619 2.1358
1.7854 1.5365 2.1338
1.8046 1.5113 2.1372
1.8238 1.4881 2.1459
1.8430 1.4689 2.1595
1.8622 1.4554 2.1766
1.8814 1.4487 2.1951
1.9006 1.4493 2.2123
1.9198 1.4562 2.2257
1.9390 1.4678 2.2331
1.9582 1.4811 2.2330
1.9774 1.4932 2.2255
1.9966 1.5014 2.2119
2.0158 1.5035 2.1943
2.0350 1.4989 2.1756
2.0542 1.4879 2.1585
2.0734 1.4718 2.1451
2.0926 1.4526 2.1368
2.1118 1.4323 2.1340
2.1310 1.4129 2.1365
2.1502 1.3959 2.1434
2.1694 1.3822 2.1535
2.1886 1.3724 2.1656
2.2078 1.3667 2.1786
2.2270 1.3650 2.1913
2.2462 1.3670 2.2028
2.2654 1.3722 2.2120
2.2846 1.3797 2.2183
2.3038 1.3886 2.2210
2.3230 1.3976 2.2199
2.3422 1.4055 2.2151
2.3614 1.4109 2.2072
2.3806 1.4129 2.1973
2.3998 1.4109 2.1869
2.4190 1.4049 2.1775
2.4382 1.3955 2.1707
2.4574 1.3841 2.1675
2.4766 1.3721 2.1687
2.4958 1.3612 2.1741
2.5150 1.3529 2.1830
2.5342 1.3483 2.1941
2.5534 1.3478 2.2060
2.5726 1.3513 2.2172
2.5918 1.3580 2.2262
2.6110 1.3669 2.2322
2.6302 1.3767 2.2349
2.6494 1.3859 2.2344
2.6686 1.3934 2.2314
2.6878 1.3987 2.2270
2.7069 1.4014 2.2221
2.7261 1.4019 2.2181
2.7453 1.4006 2.2156
2.7645 1.3986 2.2152
2.7837 1.3967 2.2170
2.8029 1.3958 2.2205
2.8221 1.3965 2.2253
2.8413 1.3989 2.2307
2.8605 1.4029 2.2359
2.8797 1.4083 2.2404
2.8989 1.4146 2.2441
2.9181 1.4214 2.2469
2.9373 1.4282 2.2489
2.9565 1.4350 2.2503
2.9757 1.4415 2.2514
2.9949 1.4477 2.2523
3.0141 1.4539 2.2534
3.0333 1.4600 2.2545
3.0525 1.4661 2.2559
3.0717 1.4723 2.2575
3.0909 1.4786 2.2594
3.1101 1.4851 2.2617
3.1293 1.4919 2.2644
3.1485 1.4992 2.2675
3.1677 1.5069 2.2711
3.1869 1.5154 2.2752
3.2061 1.5247 2.2796
3.2253 1.5348 2.2843
3.2445 1.5459 2.2892
3.2637 1.5578 2.2946
3.2829 1.5709 2.3004
3.3021 1.5855 2.3068
3.3213 1.6021 2.3137
3.3405 1.6212 2.3209
3.3597 1.6436 2.3276
3.3789 1.6696 2.3330
3.3981 1.6992 2.3358
3.4173 1.7319 2.3346
3.4365 1.7666 2.3284
3.4557 1.8018 2.3164
3.4749 1.8357 2.2986
3.4941 1.8666 2.2756
3.5133 1.8932 2.2487
3.5325 1.9148 2.2196
3.5517 1.9314 2.1900
3.5709 1.9436 2.1613
3.5901 1.9525 2.1347
3.6093 1.9594 2.1105
3.6285 1.9656 2.0887
3.6477 1.9721 2.0687
3.6669 1.9795 2.0494
3.6861 1.9878 2.0300
3.7053 1.9966 2.0094
3.7245 2.0051 1.9870
3.7437 2.0119 1.9626
3.7629 2.0160 1.9366
3.7821 2.0161 1.9102
3.8012 2.0117 1.8849
3.8204 2.0030 1.8626
3.8396 1.9908 1.8451
3.8588 1.9768 1.8341
3.8780 1.9635 1.8304
3.8972 1.9534 1.8339
3.9164 1.9491 1.8436
3.9356 1.9529 1.8578
3.9548 1.9663 1.8739
3.9740 1.9901 1.8888
3.9932 2.0241 1.8994
4.0124 2.0671 1.9027
4.0316 2.1172 1.8958
4.0508 2.1715 1.8769
4.0700 2.2269 1.8446
4.0892 2.2797 1.7987
4.1084 2.3263 1.7400
4.1276 2.3636 1.6703
4.1468 2.3890 1.5921
4.1660 2.4007 1.5086
4.1852 2.3980 1.4234
4.2044 2.3813 1.3399
4.2236 2.3516 1.2612
4.2428 2.3111 1.1898
4.2620 2.2619 1.1275
4.2812 2.2068 1.0751
4.3004 2.1480 1.0329
4.3196 2.0879 1.0005
4.3388 2.0281 0.9771
4.3580 1.9700 0.9617
4.3772 1.9146 0.9530
4.3964 1.8623 0.9500
4.4156 1.8134 0.9516
4.4348 1.7679 0.9569
4.4540 1.7256 0.9652
4.4732 1.6864 0.9761
4.4924 1.6500 0.9893
4.5116 1.6162 1.0046
4.5308 1.5852 1.0217
4.5500 1.5567 1.0407
4.5692 1.5310 1.0614
4.5884 1.5080 1.0835
4.6076 1.4878 1.1071
4.6268 1.4705 1.1319
4.6460 1.4562 1.1578
4.6652 1.4449 1.1847
4.6844 1.4370 1.2123
4.7036 1.4325 1.2405
4.7228 1.4318 1.2690
4.7420 1.4350 1.2973
4.7612 1.4423 1.3249
4.7804 1.4537 1.3512
4.7996 1.4692 1.3755
4.8188 1.4884 1.3971
4.8380 1.5111 1.4154
4.8572 1.5365 1.4297
4.8763 1.5638 1.4395
4.8955 1.5924 1.4447
4.9147 1.6211 1.4451
4.9339 1.6490 1.4409
4.9531 1.6754 1.4325
4.9723 1.6993 1.4204
4.9915 1.7203 1.4055
5.0107 1.7380 1.3884
5.0299 1.7522 1.3703
5.0491 1.7629 1.3519
5.0683 1.7706 1.3341
5.0875 1.7756 1.3175
5.1067 1.7787 1.3027
5.1259 1.7805 1.2900
5.1451 1.7818 1.2794
5.1643 1.7834 1.2708
5.1835 1.7856 1.2639
5.2027 1.7891 1.2583
5.2219 1.7940 1.2535
5.2411 1.8004 1.2490
5.2603 1.8083 1.2445
5.2795 1.8175 1.2395
5.2987 1.8279 1.2340
5.3179 1.8393 1.2279
5.3371 1.8517 1.2209
5.3563 1.8650 1.2130
5.3755 1.8792 1.2041
5.3947 1.8941 1.1942
5.4139 1.9097 1.1830
5.4331 1.9259 1.1706
5.4523 1.9427 1.1569
5.4715 1.9601 1.1419
5.4907 1.9781 1.1256
5.5099 1.9971 1.1076
5.5291 2.0171 1.0877
5.5483 2.0382 1.0652
5.5675 2.0602 1.0391
5.5867 2.0824 1.0086
5.6059 2.1037 0.9729
5.6251 2.1223 0.9318
5.6443 2.1365 0.8855
5.6635 2.1445 0.8352
5.6827 2.1450 0.7826
5.7019 2.1372 0.7302
5.7211 2.1215 0.6803
5.7403 2.0989 0.6353
5.7595 2.0715 0.5969
5.7787 2.0416 0.5661
5.7979 2.0117 0.5430
5.8171 1.9842 0.5270
5.8363 1.9612 0.5164
5.8555 1.9439 0.5094
5.8747 1.9331 0.5037
5.8939 1.9286 0.4969
5.9131 1.9298 0.4871
5.9323 1.9351 0.4723
5.9514 1.9427 0.4513
5.9706 1.9505 0.4236
5.9898 1.9563 0.3893
6.0090 1.9580 0.3492
6.0282 1.9540 0.3047
6.0474 1.9433 0.2578
6.0666 1.9257 0.2102
6.0858 1.9013 0.1639
6.1050 1.8710 0.1203
6.1242 1.8358 0.0804
6.1434 1.7969 0.0450
6.1626 1.7555 0.0141
6.1818 1.7126 -0.0121
6.2010 1.6688 -0.0340
6.2202 1.6249 -0.0518
6.2394 1.5814 -0.0658
6.2586 1.5385 -0.0764
6.2778 1.4967 -0.0840
6.2970 1.4561 -0.0887
6.3162 1.4170 -0.0909
6.3354 1.3795 -0.0910
6.3546 1.3437 -0.0892
6.3738 1.3099 -0.0857
6.3930 1.2779 -0.0811
6.4122 1.2480 -0.0755
6.4314 1.2199 -0.0694
6.4506 1.1935 -0.0631
6.4698 1.1687 -0.0568
6.4890 1.1452 -0.0508
6.5082 1.1225 -0.0451
6.5274 1.1006 -0.0398
6.5466 1.0790 -0.0346
6.5658 1.0578 -0.0294
6.5850 1.0368 -0.0242
6.6042 1.0161 -0.0188
6.6234 0.9956 -0.0130
6.6426 0.9755 -0.0068
6.6618 0.9558 -0.0002
6.6810 0.9365 0.0069
6.7002 0.9179 0.0145
6.7194 0.9000 0.0226
6.7386 0.8830 0.0310
6.7578 0.8670 0.0395
6.7770 0.8520 0.0480
6.7962 0.8378 0.0560
6.8154 0.8243 0.0636
6.8346 0.8112 0.0706
6.8538 0.7981 0.0770
6.8730 0.7849 0.0831
6.8922 0.7715 0.0891
6.9114 0.7578 0.0953
6.9306 0.7440 0.1019
6.9498 0.7304 0.1090
6.9690 0.7170 0.1167
6.9882 0.7043 0.1249
7.0074 0.6922 0.1334
7.0266 0.6810 0.1420
7.0457 0.6706 0.1505
7.0649 0.6609 0.1588
7.0841 0.6519 0.1667
7.1033 0.6433 0.1740
7.1225 0.6350 0.1807
7.1417 0.6268 0.1868
7.1609 0.6185 0.1924
7.1801 0.6099 0.1976
7.1993 0.6008 0.2026
7.2185 0.5914 0.2077
7.2377 0.5816 0.2130
7.2569 0.5716 0.2187
7.2761 0.5615 0.2251
7.2953 0.5517 0.2319
7.3145 0.5423 0.2393
7.3337 0.5335 0.2469
7.3529 0.5254 0.2547
7.3721 0.5178 0.2625
7.3913 0.5108 0.2701
7.4105 0.5043 0.2774
7.4297 0.4981 0.2844
7.4489 0.4922 0.2911
7.4681 0.4864 0.2975
7.4873 0.4808 0.3035
7.5065 0.4753 0.3093
7.5257 0.4699 0.3147
7.5449 0.4644 0.3198
7.5641 0.4588 0.3245
7.5833 0.4529 0.3290
7.6025 0.4467 0.3334
7.6217 0.4401 0.3379
7.6409 0.4332 0.3426
7.6601 0.4260 0.3477
7.6793 0.4188 0.3533
7.6985 0.4117 0.3594
7.7177 0.4051 0.3660
7.7369 0.3989 0.3729
7.7561 0.3934 0.3799
7.7753 0.3884 0.3868
7.7945 0.3840 0.3935
7.8137 0.3799 0.3998
7.8329 0.3761 0.4057
7.8521 0.3723 0.4111
7.8713 0.3685 0.4163
7.8905 0.3646 0.4212
7.9097 0.3605 0.4260
7.9289 0.3563 0.4307
7.9481 0.3521 0.4353
7.9673 0.3478 0.4400
7.9865 0.3434 0.4446
8.0057 0.3389 0.4493
8.0249 0.3344 0.4540
8.0441 0.3299 0.4587
8.0633 0.3253 0.4637
8.0825 0.3207 0.4688
8.1017 0.3163 0.4741
8.1208 0.3120 0.4797
8.1400 0.3081 0.4853
8.1592 0.3045 0.4910
8.1784 0.3012 0.4966
8.1976 0.2982 0.5020
8.2168 0.2954 0.5071
8.2360 0.2927 0.5119
8.2552 0.2900 0.5164
8.2744 0.2871 0.5207
8.2936 0.2841 0.5250
8.3128 0.2809 0.5292
8.3320 0.2775 0.5335
8.3512 0.2742 0.5380
8.3704 0.2709 0.5426
8.3896 0.2677 0.5473
8.4088 0.2647 0.5521
8.4280 0.2618 0.5570
8.4472 0.2592 0.5617
8.4664 0.2566 0.5663
8.4856 0.2541 0.5709
8.5048 0.2517 0.5754
8.5240 0.2494 0.5798
8.5432 0.2470 0.5841
8.5624 0.2448 0.5884
8.5816 0.2425 0.5926
8.6008 0.2404 0.5968
8.6200 0.2382 0.6009
8.6392 0.2361 0.6048
8.6584 0.2339 0.6087
8.6776 0.2317 0.6126
8.6968 0.2295 0.6164
8.7160 0.2272 0.6203
8.7352 0.2249 0.6242
8.7544 0.2226 0.6282
8.7736 0.2203 0.6322
8.7928 0.2182 0.6364
8.8120 0.2161 0.6406
8.8312 0.2143 0.6448
8.8504 0.2126 0.6489
8.8696 0.2111 0.6529
8.8888 0.2096 0.6568
8.9080 0.2083 0.6605
8.9272 0.2069 0.6640
8.9464 0.2055 0.6674
8.9656 0.2041 0.6707
8.9848 0.2026 0.6738
9.0040 0.2010 0.6769
9.0232 0.1993 0.6800
9.0424 0.1975 0.6830
9.0616 0.1956 0.6860
9.0808 0.1937 0.6891
9.1000 0.1916 0.6922
9.1192 0.1895 0.6954
9.1384 0.1873 0.6988
9.1576 0.1852 0.7022
9.1768 0.1831 0.7059
9.1959 0.1812 0.7096
9.2151 0.1794 0.7134
9.2343 0.1778 0.7171
9.2535 0.1764 0.7208
9.2727 0.1751 0.7244
9.2919 0.1739 0.7279
9.3111 0.1728 0.7311
9.3303 0.1715 0.7342
9.3495 0.1702 0.7372
9.3687 0.1687 0.7401
9.3879 0.1671 0.7431
9.4071 0.1655 0.7461
9.4263 0.1637 0.7492
9.4455 0.1620 0.7525
9.4647 0.1603 0.7558
9.4839 0.1587 0.7591
9.5031 0.1572 0.7625
9.5223 0.1558 0.7658
9.5415 0.1544 0.7691
9.5607 0.1531 0.7723
9.5799 0.1517 0.7755
9.5991 0.1503 0.7786
9.6183 0.1488 0.7817
9.6375 0.1473 0.7848
9.6567 0.1458 0.7880
9.6759 0.1442 0.7912
9.6951 0.1427 0.7945
9.7143 0.1412 0.7978
9.7335 0.1397 0.8012
9.7527 0.1382 0.8046
9.7719 0.1369 0.8080
9.7911 0.1356 0.8115
9.8103 0.1343 0.8149
9.8295 0.1330 0.8182
9.8487 0.1317 0.8216
9.8679 0.1304 0.8249
9.8871 0.1291 0.8282
9.9063 0.1278 0.8316
9.9255 0.1264 0.8350
9.9447 0.1249 0.8384
9.9639 0.1235 0.8419
9.9831 0.1220 0.8455
10.0023 0.1206 0.8493
10.0215 0.1192 0.8531
10.0407 0.1178 0.8570
10.0599 0.1166 0.8610
10.0791 0.1154 0.8652
10.0983 0.1143 0.8694
10.1175 0.1134 0.8737
10.1367 0.1125 0.8780
10.1559 0.1119 0.8825
10.1751 0.1114 0.8869
10.1943 0.1111 0.8913
10.2135 0.1109 0.8958
10.2327 0.1110 0.9002
10.2519 0.1112 0.9045
10.2711 0.1116 0.9087
10.2902 0.1122 0.9128
10.3094 0.1129 0.9167
10.3286 0.1136 0.9204
10.3478 0.1144 0.9239
10.3670 0.1151 0.9272
10.3862 0.1158 0.9305
10.4054 0.1164 0.9336
10.4246 0.1169 0.9367
10.4438 0.1174 0.9397
10.4630 0.1179 0.9427
10.4822 0.1183 0.9458
10.5014 0.1188 0.9488
10.5206 0.1193 0.9518
10.5398 0.1197 0.9548
10.5590 0.1202 0.9578
10.5782 0.1208 0.9608
10.5974 0.1213 0.9637
10.6166 0.1219 0.9666
10.6358 0.1226 0.9695
10.6550 0.1234 0.9724
10.6742 0.1242 0.9751
10.6934 0.1252 0.9778
10.7126 0.1262 0.9802
10.7318 0.1273 0.9823
10.7510 0.1283 0.9842
10.7702 0.1291 0.9857
10.7894 0.1297 0.9870
10.8086 0.1299 0.9881
10.8278 0.1296 0.9891
10.8470 0.1289 0.9902
10.8662 0.1278 0.9914
10.8854 0.1263 0.9930
10.9046 0.1245 0.9949
10.9238 0.1225 0.9973
10.9430 0.1204 1.0002
10.9622 0.1185 1.0035
10.9814 0.1166 1.0072
11.0006 0.1150 1.0113
11.0198 0.1136 1.0156
11.0390 0.1126 1.0202
11.0582 0.1118 1.0249
11.0774 0.1113 1.0297
11.0966 0.1111 1.0345
11.1158 0.1112 1.0394
11.1350 0.1115 1.0443
11.1542 0.1120 1.0491
11.1734 0.1128 1.0540
11.1926 0.1138 1.0587
11.2118 0.1150 1.0634
11.2310 0.1164 1.0679
11.2502 0.1179 1.0723
11.2694 0.1196 1.0766
11.2886 0.1214 1.0807
11.3078 0.1234 1.0846
11.3270 0.1253 1.0884
11.3462 0.1273 1.0920
11.3653 0.1293 1.0955
11.3845 0.1313 1.0989
11.4037 0.1333 1.1021
11.4229 0.1352 1.1052
11.4421 0.1372 1.1083
11.4613 0.1391 1.1113
11.4805 0.1409 1.1142
11.4997 0.1427 1.1170
11.5189 0.1445 1.1198
11.5381 0.1462 1.1225
11.5573 0.1479 1.1252
11.5765 0.1495 1.1278
11.5957 0.1510 1.1305
11.6149 0.1524 1.1332
11.6341 0.1537 1.1359
11.6533 0.1550 1.1386
11.6725 0.1563 1.1415
11.6917 0.1575 1.1444
11.7109 0.1587 1.1475
11.7301 0.1600 1.1507
11.7493 0.1613 1.1539
11.7685 0.1627 1.1573
11.7877 0.1642 1.1607
11.8069 0.1658 1.1641
11.8261 0.1675 1.1675
11.8453 0.1693 1.1710
11.8645 0.1712 1.1744
11.8837 0.1732 1.1777
11.9029 0.1752 1.1811
11.9221 0.1772 1.1844
11.9413 0.1793 1.1877
11.9605 0.1814 1.1911
11.9797 0.1836 1.1944
11.9989 0.1858 1.1977
12.0181 0.1880 1.2011
12.0373 0.1903 1.2044
12.0565 0.1927 1.2078
12.0757 0.1951 1.2112
12.0949 0.1977 1.2146
12.1141 0.2003 1.2180
12.1333 0.2029 1.2214
12.1525 0.2057 1.2247
12.1717 0.2086 1.2281
12.1909 0.2115 1.2314
12.2101 0.2145 1.2347
12.2293 0.2175 1.2380
12.2485 0.2207 1.2412
12.2677 0.2239 1.2444
12.2869 0.2273 1.2476
12.3061 0.2307 1.2507
12.3253 0.2343 1.2538
12.3445 0.2379 1.2567
12.3637 0.2416 1.2595
12.3829 0.2453 1.2622
12.4021 0.2490 1.2648
12.4213 0.2528 1.2672
12.4404 0.2564 1.2695
12.4596 0.2600 1.2718
12.4788 0.2635 1.2741
12.4980 0.2669 1.2763
12.5172 0.2702 1.2786
12.5364 0.2735 1.2810
12.5556 0.2768 1.2835
12.5748 0.2802 1.2861
12.5940 0.2835 1.2888
12.6132 0.2871 1.2915
12.6324 0.2907 1.2944
12.6516 0.2945 1.2972
12.6708 0.2984 1.3000
12.6900 0.3025 1.3028
12.7092 0.3067 1.3056
12.7284 0.3110 1.3082
12.7476 0.3154 1.3108
12.7668 0.3198 1.3133
12.7860 0.3243 1.3157
12.8052 0.3288 1.3180
12.8244 0.3334 1.3203
12.8436 0.3379 1.3226
12.8628 0.3425 1.3249
12.8820 0.3472 1.3272
12.9012 0.3520 1.3295
12.9204 0.3568 1.3318
12.9396 0.3618 1.3341
12.9588 0.3669 1.3363
12.9780 0.3721 1.3385
12.9972 0.3774 1.3405
13.0164 0.3827 1.3426
13.0356 0.3882 1.3445
13.0548 0.3937 1.3463
13.0740 0.3993 1.3481
13.0932 0.4050 1.3499
13.1124 0.4108 1.3516
13.1316 0.4167 1.3533
13.1508 0.4227 1.3549
13.1700 0.4288 1.3564
13.1892 0.4352 1.3579
13.2084 0.4417 1.3592
13.2276 0.4485 1.3603
13.2468 0.4554 1.3611
13.2660 0.4624 1.3617
13.2852 0.4695 1.3619
13.3044 0.4766 1.3618
13.3236 0.4837 1.3614
13.3428 0.4907 1.3605
13.3620 0.4974 1.3594
13.3812 0.5040 1.3580
13.4004 0.5102 1.3563
13.4196 0.5161 1.3546
13.4388 0.5217 1.3527
13.4580 0.5269 1.3508
13.4772 0.5318 1.3490
13.4964 0.5364 1.3474
13.5156 0.5408 1.3459
13.5347 0.5450 1.3446
13.5539 0.5490 1.3436
13.5731 0.5529 1.3429
13.5923 0.5568 1.3424
13.6115 0.5607 1.3422
13.6307 0.5646 1.3424
13.6499 0.5687 1.3427
13.6691 0.5730 1.3433
13.6883 0.5774 1.3441
13.7075 0.5821 1.3450
13.7267 0.5870 1.3461
13.7459 0.5921 1.3472
13.7651 0.5975 1.3484
13.7843 0.6031 1.3497
13.8035 0.6089 1.3510
13.8227 0.6149 1.3522
13.8419 0.6211 1.3535
13.8611 0.6274 1.3547
13.8803 0.6340 1.3560
13.8995 0.6406 1.3572
13.9187 0.6474 1.3585
13.9379 0.6542 1.3599
13.9571 0.6613 1.3614
13.9763 0.6685 1.3631
13.9955 0.6760 1.3651
14.0147 0.6839 1.3672
14.0339 0.6921 1.3695
14.0531 0.7009 1.3720
14.0723 0.7101 1.3747
14.0915 0.7200 1.3774
14.1107 0.7304 1.3801
14.1299 0.7415 1.3829
14.1491 0.7532 1.3858
14.1683 0.7658 1.3887
14.1875 0.7793 1.3916
14.2067 0.7938 1.3945
14.2259 0.8096 1.3971
14.2451 0.8267 1.3993
14.2643 0.8453 1.4008
14.2835 0.8653 1.4014
14.3027 0.8868 1.4006
14.3219 0.9096 1.3983
14.3411 0.9335 1.3941
14.3603 0.9583 1.3877
14.3795 0.9837 1.3789
14.3987 1.0092 1.3676
14.4179 1.0346 1.3537
14.4371 1.0593 1.3372
14.4563 1.0831 1.3182
14.4755 1.1055 1.2967
14.4947 1.1261 1.2731
14.5139 1.1447 1.2477
14.5331 1.1609 1.2208
14.5523 1.1747 1.1928
14.5715 1.1860 1.1643
14.5907 1.1949 1.1355
14.6098 1.2016 1.1068
14.6290 1.2063 1.0786
14.6482 1.2092 1.0509
14.6674 1.2105 1.0239
14.6866 1.2106 0.9976
14.7058 1.2097 0.9721
14.7250 1.2079 0.9471
14.7442 1.2052 0.9225
14.7634 1.2017 0.8983
14.7826 1.1974 0.8743
14.8018 1.1920 0.8506
14.8210 1.1855 0.8271
14.8402 1.1777 0.8040
14.8594 1.1686 0.7815
14.8786 1.1581 0.7599
14.8978 1.1463 0.7393
14.9170 1.1334 0.7201
14.9362 1.1197 0.7025
14.9554 1.1054 0.6865
14.9746 1.0909 0.6721
14.9938 1.0764 0.6592
15.0130 1.0623 0.6478
15.0322 1.0487 0.6375
15.0514 1.0357 0.6281
15.0706 1.0234 0.6195
15.0898 1.0116 0.6113
15.1090 1.0003 0.6034
15.1282 0.9893 0.5958
15.1474 0.9786 0.5884
15.1666 0.9680 0.5812
15.1858 0.9576 0.5743
15.2050 0.9473 0.5677
15.2242 0.9371 0.5614
15.2434 0.9270 0.5554
15.2626 0.9171 0.5496
15.2818 0.9074 0.5441
15.3010 0.8977 0.5388
15.3202 0.8881 0.5337
15.3394 0.8786 0.5289
15.3586 0.8691 0.5243
15.3778 0.8596 0.5201
15.3970 0.8502 0.5162
15.4162 0.8410 0.5127
15.4354 0.8319 0.5097
15.4546 0.8232 0.5070
15.4738 0.8148 0.5047
15.4930 0.8070 0.5026
15.5122 0.7996 0.5006
15.5314 0.7926 0.4986
15.5506 0.7861 0.4965
15.5698 0.7798 0.4942
15.5890 0.7738 0.4916
15.6082 0.7678 0.4889
15.6274 0.7618 0.4859
15.6466 0.7557 0.4829
15.6658 0.7496 0.4797
15.6849 0.7433 0.4766
15.7041 0.7369 0.4736
15.7233 0.7305 0.4706
15.7425 0.7241 0.4678
15.7617 0.7176 0.4651
15.7809 0.7112 0.4626
15.8001 0.7048 0.4602
15.8193 0.6986 0.4579
15.8385 0.6924 0.4557
15.8577 0.6864 0.4536
15.8769 0.6805 0.4515
15.8961 0.6747 0.4494
15.9153 0.6691 0.4473
15.9345 0.6635 0.4452
15.9537 0.6580 0.4429
15.9729 0.6525 0.4407
15.9921 0.6470 0.4383
16.0113 0.6414 0.4359
16.0305 0.6358 0.4334
16.0497 0.6302 0.4310
16.0689 0.6244 0.4285
16.0881 0.6186 0.4260
16.1073 0.6126 0.4235
16.1265 0.6066 0.4211
16.1457 0.6004 0.4188
16.1649 0.5942 0.4166
16.1841 0.5879 0.4145
16.2033 0.5815 0.4125
16.2225 0.5750 0.4107
16.2417 0.5685 0.4090
16.2609 0.5620 0.4074
16.2801 0.5554 0.4061
16.2993 0.5489 0.4049
16.3185 0.5425 0.4039
16.3377 0.5360 0.4029
16.3569 0.5297 0.4022
16.3761 0.5234 0.4015
16.3953 0.5172 0.4008
16.4145 0.5111 0.4003
16.4337 0.5049 0.3998
16.4529 0.4988 0.3994
16.4721 0.4927 0.3991
16.4913 0.4866 0.3990
16.5105 0.4806 0.3989
16.5297 0.4746 0.3990
16.5489 0.4688 0.3992
16.5681 0.4631 0.3996
16.5873 0.4574 0.3999
16.6065 0.4520 0.4004
16.6257 0.4466 0.4008
16.6449 0.4414 0.4012
16.6641 0.4362 0.4016
16.6833 0.4311 0.4020
16.7025 0.4260 0.4023
16.7217 0.4209 0.4026
16.7409 0.4157 0.4030
16.7601 0.4106 0.4034
16.7792 0.4054 0.4038
16.7984 0.4002 0.4043
16.8176 0.3950 0.4049
16.8368 0.3898 0.4057
16.8560 0.3847 0.4065
16.8752 0.3797 0.4074
16.8944 0.3747 0.4085
16.9136 0.3699 0.4095
16.9328 0.3652 0.4107
16.9520 0.3606 0.4118
16.9712 0.3560 0.4129
16.9904 0.3516 0.4140
17.0096 0.3472 0.4151
17.0288 0.3428 0.4161
17.0480 0.3384 0.4171
17.0672 0.3340 0.4182
17.0864 0.3297 0.4193
17.1056 0.3253 0.4204
17.1248 0.3209 0.4215
17.1440 0.3166 0.4228
17.1632 0.3123 0.4240
17.1824 0.3081 0.4254
17.2016 0.3039 0.4267
17.2208 0.2997 0.4281
17.2400 0.2956 0.4295
17.2592 0.2916 0.4310
17.2784 0.2876 0.4325
17.2976 0.2837 0.4340
17.3168 0.2798 0.4355
17.3360 0.2759 0.4370
17.3552 0.2721 0.4386
17.3744 0.2684 0.4401
17.3936 0.2646 0.4417
17.4128 0.2609 0.4433
17.4320 0.2573 0.4448
17.4512 0.2536 0.4464
17.4704 0.2500 0.4480
17.4896 0.2463 0.4497
17.5088 0.2427 0.4514
17.5280 0.2392 0.4531
17.5472 0.2357 0.4549
17.5664 0.2322 0.4567
17.5856 0.2288 0.4586
17.6048 0.2254 0.4604
17.6240 0.2221 0.4623
17.6432 0.2188 0.4642
17.6624 0.2156 0.4661
17.6816 0.2124 0.4680
17.7008 0.2092 0.4699
17.7200 0.2060 0.4719
17.7392 0.2029 0.4740
17.7584 0.1999 0.4761
17.7776 0.1969 0.4782
17.7968 0.1941 0.4803
17.8160 0.1913 0.4825
17.8352 0.1885 0.4846
17.8543 0.1859 0.4867
17.8735 0.1833 0.4888
17.8927 0.1808 0.4909
17.9119 0.1783 0.4930
17.9311 0.1759 0.4950
17.9503 0.1735 0.4970
17.9695 0.1712 0.4990
17.9887 0.1688 0.5009
18.0079 0.1665 0.5029
18.0271 0.1643 0.5048
18.0463 0.1620 0.5066
18.0655 0.1597 0.5085
18.0847 0.1574 0.5104
18.1039 0.1551 0.5122
18.1231 0.1529 0.5141
18.1423 0.1506 0.5160
18.1615 0.1483 0.5180
18.1807 0.1461 0.5200
18.1999 0.1440 0.5220
18.2191 0.1419 0.5240
18.2383 0.1398 0.5260
18.2575 0.1378 0.5281
18.2767 0.1359 0.5301
18.2959 0.1340 0.5321
18.3151 0.1322 0.5341
18.3343 0.1304 0.5361
18.3535 0.1286 0.5380
18.3727 0.1269 0.5399
18.3919 0.1252 0.5418
18.4111 0.1235 0.5436
18.4303 0.1218 0.5455
18.4495 0.1201 0.5473
18.4687 0.1185 0.5491
18.4879 0.1169 0.5510
18.5071 0.1153 0.5528
18.5263 0.1137 0.5545
18.5455 0.1122 0.5563
18.5647 0.1106 0.5580
18.5839 0.1091 0.5597
18.6031 0.1076 0.5614
18.6223 0.1060 0.5631
18.6415 0.1045 0.5648
18.6607 0.1030 0.5664
18.6799 0.1014 0.5680
18.6991 0.0999 0.5697
18.7183 0.0983 0.5713
18.7375 0.0967 0.5730
18.7567 0.0952 0.5747
18.7759 0.0936 0.5764
18.7951 0.0920 0.5782
18.8143 0.0905 0.5799
18.8335 0.0890 0.5817
18.8527 0.0875 0.5836
18.8719 0.0861 0.5854
18.8911 0.0847 0.5872
18.9103 0.0833 0.5891
18.9294 0.0820 0.5909
18.9486 0.0807 0.5928
18.9678 0.0794 0.5946
18.9870 0.0782 0.5965
19.0062 0.0770 0.5983
19.0254 0.0759 0.6001
19.0446 0.0748 0.6020
19.0638 0.0737 0.6038
19.0830 0.0726 0.6056
19.1022 0.0716 0.6073
19.1214 0.0706 0.6091
19.1406 0.0696 0.6108
19.1598 0.0687 0.6125
19.1790 0.0678 0.6142
19.1982 0.0668 0.6158
19.2174 0.0659 0.6175
19.2366 0.0650 0.6191
19.2558 0.0641 0.6206
19.2750 0.0632 0.6222
19.2942 0.0623 0.6238
19.3134 0.0613 0.6254
19.3326 0.0604 0.6269
19.3518 0.0595 0.6285
19.3710 0.0586 0.6301
19.3902 0.0577 0.6317
19.4094 0.0569 0.6333
19.4286 0.0560 0.6350
19.4478 0.0552 0.6366
19.4670 0.0545 0.6382
19.4862 0.0537 0.6398
19.5054 0.0530 0.6414
19.5246 0.0523 0.6429
19.5438 0.0517 0.6445
19.5630 0.0510 0.6460
19.5822 0.0504 0.6475
19.6014 0.0497 0.6490
19.6206 0.0491 0.6504
19.6398 0.0485 0.6519
19.6590 0.0479 0.6533
19.6782 0.0473 0.6547
19.6974 0.0467 0.6561
19.7166 0.0461 0.6576
19.7358 0.0456 0.6589
19.7550 0.0450 0.6603
19.7742 0.0445 0.6617
19.7934 0.0440 0.6630
19.8126 0.0434 0.6643
19.8318 0.0429 0.6656
19.8510 0.0424 0.6669
19.8702 0.0419 0.6681
19.8894 0.0414 0.6694
19.9086 0.0408 0.6706
19.9278 0.0403 0.6718
19.9470 0.0397 0.6730
19.9662 0.0392 0.6742
19.9854 0.0386 0.6754
20.0046 0.0381 0.6766
20.0237 0.0375 0.6778
20.0429 0.0369 0.6791
20.0621 0.0364 0.6803
20.0813 0.0358 0.6815
20.1005 0.0352 0.6827
20.1197 0.0346 0.6840
20.1389 0.0341 0.6852
20.1581 0.0336 0.6864
20.1773 0.0330 0.6877
20.1965 0.0325 0.6890
20.2157 0.0320 0.6902
20.2349 0.0315 0.6915
20.2541 0.0311 0.6928
20.2733 0.0306 0.6940
20.2925 0.0302 0.6953
20.3117 0.0298 0.6965
20.3309 0.0294 0.6977
20.3501 0.0290 0.6990
20.3693 0.0287 0.7002
20.3885 0.0283 0.7014
20.4077 0.0280 0.7026
20.4269 0.0277 0.7037
20.4461 0.0273 0.7049
20.4653 0.0270 0.7060
20.4845 0.0267 0.7072
20.5037 0.0264 0.7083
20.5229 0.0261 0.7094
20.5421 0.0258 0.7105
20.5613 0.0255 0.7116
20.5805 0.0252 0.7127
20.5997 0.0249 0.7137
20.6189 0.0247 0.7148
20.6381 0.0244 0.7159
20.6573 0.0241 0.7169
20.6765 0.0239 0.7179
20.6957 0.0236 0.7190
20.7149 0.0234 0.7200
20.7341 0.0231 0.7210
20.7533 0.0229 0.7220
20.7725 0.0226 0.7230
20.7917 0.0224 0.7240
20.8109 0.0221 0.7249
20.8301 0.0219 0.7259
20.8493 0.0217 0.7269
20.8685 0.0214 0.7278
20.8877 0.0212 0.7287
20.9069 0.0210 0.7297
20.9261 0.0208 0.7306
20.9453 0.0205 0.7315
20.9645 0.0203 0.7324
20.9837 0.0201 0.7333
21.0029 0.0198 0.7342
21.0221 0.0196 0.7351
21.0413 0.0194 0.7359
21.0605 0.0191 0.7368
21.0797 0.0189 0.7377
21.0988 0.0186 0.7385
21.1180 0.0184 0.7394
21.1372 0.0181 0.7403
21.1564 0.0179 0.7411
21.1756 0.0177 0.7420
21.1948 0.0174 0.7428
21.2140 0.0172 0.7437
21.2332 0.0170 0.7446
21.2524 0.0167 0.7454
21.2716 0.0165 0.7462
21.2908 0.0163 0.7471
21.3100 0.0161 0.7479
21.3292 0.0158 0.7487
21.3484 0.0156 0.7496
21.3676 0.0154 0.7504
21.3868 0.0152 0.7512
21.4060 0.0149 0.7520
21.4252 0.0147 0.7528
21.4444 0.0145 0.7536
21.4636 0.0142 0.7544
21.4828 0.0140 0.7553
21.5020 0.0138 0.7561
21.5212 0.0136 0.7569
21.5404 0.0133 0.7577
21.5596 0.0131 0.7585
21.5788 0.0129 0.7593
21.5980 0.0127 0.7601
21.6172 0.0125 0.7609
21.6364 0.0123 0.7618
21.6556 0.0121 0.7626
21.6748 0.0119 0.7634
21.6940 0.0117 0.7642
21.7132 0.0115 0.7650
21.7324 0.0114 0.7657
21.7516 0.0112 0.7665
21.7708 0.0110 0.7673
21.7900 0.0108 0.7681
21.8092 0.0107 0.7689
21.8284 0.0105 0.7697
21.8476 0.0103 0.7705
21.8668 0.0102 0.7712
21.8860 0.0100 0.7720
21.9052 0.0098 0.7728
21.9244 0.0097 0.7736
21.9436 0.0096 0.7744
21.9628 0.0094 0.7751
21.9820 0.0093 0.7759
22.0012 0.0092 0.7767
22.0204 0.0090 0.7774
22.0396 0.0089 0.7782
22.0588 0.0088 0.7789
22.0780 0.0087 0.7797
22.0972 0.0086 0.7804
22.1164 0.0084 0.7812
22.1356 0.0083 0.7819
22.1548 0.0082 0.7827
22.1739 0.0081 0.7834
22.1931 0.0080 0.7842
22.2123 0.0080 0.7849
22.2315 0.0079 0.7856
22.2507 0.0078 0.7864
22.2699 0.0077 0.7871
22.2891 0.0077 0.7878
22.3083 0.0076 0.7886
22.3275 0.0076 0.7893
22.3467 0.0076 0.7900
22.3659 0.0075 0.7907
22.3851 0.0075 0.7914
22.4043 0.0075 0.7921
22.4235 0.0075 0.7927
22.4427 0.0074 0.7934
22.4619 0.0074 0.7940
22.4811 0.0074 0.7947
22.5003 0.0074 0.7953
22.5195 0.0074 0.7960
22.5387 0.0074 0.7966
22.5579 0.0074 0.7972
22.5771 0.0073 0.7978
22.5963 0.0073 0.7984
22.6155 0.0073 0.7990
22.6347 0.0073 0.7996
22.6539 0.0073 0.8002
22.6731 0.0072 0.8008
22.6923 0.0072 0.8014
22.7115 0.0072 0.8019
22.7307 0.0072 0.8025
22.7499 0.0071 0.8031
22.7691 0.0071 0.8037
22.7883 0.0071 0.8042
22.8075 0.0070 0.8048
22.8267 0.0070 0.8054
22.8459 0.0069 0.8059
22.8651 0.0069 0.8065
22.8843 0.0068 0.8071
22.9035 0.0068 0.8076
22.9227 0.0068 0.8082
22.9419 0.0068 0.8088
22.9611 0.0067 0.8094
22.9803 0.0067 0.8099
22.9995 0.0067 0.8105
23.0187 0.0067 0.8110
23.0379 0.0067 0.8116
23.0571 0.0067 0.8121
23.0763 0.0067 0.8127
23.0955 0.0067 0.8132
23.1147 0.0067 0.8137
23.1339 0.0067 0.8143
23.1531 0.0067 0.8148
23.1723 0.0067 0.8153
23.1915 0.0067 0.8158
23.2107 0.0067 0.8163
23.2299 0.0067 0.8168
23.2491 0.0067 0.8173
23.2682 0.0067 0.8178
23.2874 0.0067 0.8183
23.3066 0.0067 0.8188
23.3258 0.0067 0.8193
23.3450 0.0067 0.8198
23.3642 0.0068 0.8203
23.3834 0.0068 0.8207
23.4026 0.0068 0.8212
23.4218 0.0068 0.8217
23.4410 0.0068 0.8222
23.4602 0.0068 0.8226
23.4794 0.0068 0.8231
23.4986 0.0068 0.8236
23.5178 0.0068 0.8240
23.5370 0.0068 0.8245
23.5562 0.0068 0.8250
23.5754 0.0068 0.8254
23.5946 0.0069 0.8259
23.6138 0.0069 0.8263
23.6330 0.0069 0.8268
23.6522 0.0069 0.8272
23.6714 0.0070 0.8276
23.6906 0.0070 0.8281
23.7098 0.0070 0.8285
23.7290 0.0071 0.8289
23.7482 0.0071 0.8293
23.7674 0.0071 0.8297
23.7866 0.0071 0.8301
23.8058 0.0072 0.8304
23.8250 0.0072 0.8308
23.8442 0.0072 0.8312
23.8634 0.0072 0.8316
23.8826 0.0072 0.8319
23.9018 0.0072 0.8323
23.9210 0.0071 0.8327
23.9402 0.0071 0.8330
23.9594 0.0071 0.8334
23.9786 0.0070 0.8338
23.9978 0.0070 0.8342
24.0170 0.0070 0.8345
24.0362 0.0069 0.8349
24.0554 0.0069 0.8353
24.0746 0.0069 0.8357
24.0938 0.0068 0.8361
24.1130 0.0068 0.8365
24.1322 0.0068 0.8369
24.1514 0.0068 0.8373
24.1706 0.0068 0.8377
24.1898 0.0067 0.8381
24.2090 0.0067 0.8385
24.2282 0.0067 0.8389
24.2474 0.0067 0.8393
24.2666 0.0067 0.8397
24.2858 0.0067 0.8400
24.3050 0.0067 0.8404
24.3242 0.0067 0.8408
24.3433 0.0067 0.8412
24.3625 0.0067 0.8415
24.3817 0.0068 0.8419
24.4009 0.0068 0.8423
24.4201 0.0068 0.8426
24.4393 0.0068 0.8430
24.4585 0.0068 0.8434
24.4777 0.0068 0.8437
24.4969 0.0068 0.8441
24.5161 0.0068 0.8444
24.5353 0.0068 0.8448
24.5545 0.0068 0.8451
24.5737 0.0068 0.8455
24.5929 0.0068 0.8458
24.6121 0.0069 0.8461
24.6313 0.0069 0.8465
24.6505 0.0069 0.8468
24.6697 0.0069 0.8472
24.6889 0.0069 0.8475
24.7081 0.0069 0.8478
24.7273 0.0070 0.8482
24.7465 0.0070 0.8485
24.7657 0.0070 0.8488
24.7849 0.0070 0.8491
24.8041 0.0071 0.8495
24.8233 0.0071 0.8498
24.8425 0.0071 0.8501
24.8617 0.0072 0.8504
24.8809 0.0072 0.8507
24.9001 0.0072 0.8509
24.9193 0.0073 0.8512
24.9385 0.0073 0.8515
24.9577 0.0073 0.8517
24.9769 0.0073 0.8520
24.9961 0.0073 0.8523
25.0153 0.0073 0.8525
25.0345 0.0073 0.8528
25.0537 0.0073 0.8530
25.0729 0.0073 0.8533
25.0921 0.0073 0.8535
25.1113 0.0073 0.8538
25.1305 0.0072 0.8540
25.1497 0.0072 0.8543
25.1689 0.0072 0.8546
25.1881 0.0072 0.8548
25.2073 0.0071 0.8551
25.2265 0.0071 0.8553
25.2457 0.0071 0.8556
25.2649 0.0070 0.8558
25.2841 0.0070 0.8561
25.3033 0.0070 0.8564
25.3225 0.0069 0.8566
25.3417 0.0069 0.8569
25.3609 0.0068 0.8571
25.3801 0.0068 0.8574
25.3993 0.0068 0.8576
25.4184 0.0067 0.8579
25.4376 0.0067 0.8582
25.4568 0.0066 0.8584
25.4760 0.0066 0.8587
25.4952 0.0065 0.8590
25.5144 0.0065 0.8592
25.5336 0.0064 0.8595
25.5528 0.0063 0.8598
25.5720 0.0063 0.8601
25.5912 0.0062 0.8603
25.6104 0.0062 0.8606
25.6296 0.0061 0.8609
25.6488 0.0061 0.8612
25.6680 0.0061 0.8615
25.6872 0.0060 0.8618
25.7064 0.0060 0.8620
25.7256 0.0060 0.8623
25.7448 0.0059 0.8626
25.7640 0.0059 0.8629
25.7832 0.0059 0.8632
25.8024 0.0059 0.8634
25.8216 0.0059 0.8637
25.8408 0.0059 0.8640
25.8600 0.0059 0.8642
25.8792 0.0058 0.8645
25.8984 0.0058 0.8647
25.9176 0.0058 0.8649
25.9368 0.0058 0.8652
25.9560 0.0057 0.8654
25.9752 0.0057 0.8656
25.9944 0.0056 0.8659
26.0136 0.0056 0.8661
26.0328 0.0055 0.8664
26.0520 0.0054 0.8666
26.0712 0.0054 0.8669
26.0904 0.0053 0.8672
26.1096 0.0052 0.8674
26.1288 0.0052 0.8677
26.1480 0.0051 0.8680
26.1672 0.0051 0.8683
26.1864 0.0050 0.8686
26.2056 0.0050 0.8689
26.2248 0.0050 0.8692
26.2440 0.0049 0.8695
26.2632 0.0049 0.8698
26.2824 0.0049 0.8701
26.3016 0.0049 0.8704
26.3208 0.0049 0.8707
26.3400 0.0049 0.8710
26.3592 0.0049 0.8713
26.3784 0.0049 0.8716
26.3976 0.0050 0.8718
26.4168 0.0050 0.8721
26.4360 0.0050 0.8724
26.4552 0.0050 0.8726
26.4744 0.0051 0.8729
26.4936 0.0051 0.8732
26.5127 0.0052 0.8734
26.5319 0.0052 0.8736
26.5511 0.0052 0.8739
26.5703 0.0053 0.8741
26.5895 0.0053 0.8743
26.6087 0.0053 0.8745
26.6279 0.0054 0.8747
26.6471 0.0054 0.8749
26.6663 0.0054 0.8751
26.6855 0.0055 0.8753
26.7047 0.0055 0.8755
26.7239 0.0055 0.8757
26.7431 0.0055 0.8759
26.7623 0.0055 0.8761
26.7815 0.0055 0.8763
26.8007 0.0056 0.8764
26.8199 0.0056 0.8766
26.8391 0.0056 0.8768
26.8583 0.0055 0.8769
26.8775 0.0055 0.8771
26.8967 0.0055 0.8773
26.9159 0.0055 0.8774
26.9351 0.0055 0.8776
26.9543 0.0054 0.8778
26.9735 0.0054 0.8780
26.9927 0.0054 0.8781
27.0119 0.0053 0.8783
27.0311 0.0053 0.8785
27.0503 0.0052 0.8787
27.0695 0.0052 0.8789
27.0887 0.0052 0.8791
27.1079 0.0051 0.8792
27.1271 0.0051 0.8794
27.1463 0.0051 0.8796
27.1655 0.0050 0.8798
27.1847 0.0050 0.8800
27.2039 0.0050 0.8802
27.2231 0.0049 0.8804
27.2423 0.0049 0.8806
27.2615 0.0049 0.8807
27.2807 0.0048 0.8809
27.2999 0.0048 0.8811
27.3191 0.0048 0.8813
27.3383 0.0047 0.8814
27.3575 0.0047 0.8816
27.3767 0.0046 0.8818
27.3959 0.0046 0.8820
27.4151 0.0045 0.8821
27.4343 0.0045 0.8823
27.4535 0.0044 0.8825
27.4727 0.0044 0.8827
27.4919 0.0043 0.8829
27.5111 0.0043 0.8830
27.5303 0.0042 0.8832
27.5495 0.0041 0.8834
27.5687 0.0041 0.8836
27.5878 0.0040 0.8838
27.6070 0.0040 0.8840
27.6262 0.0039 0.8842
27.6454 0.0038 0.8844
27.6646 0.0038 0.8846
27.6838 0.0037 0.8848
27.7030 0.0037 0.8850
27.7222 0.0036 0.8852
27.7414 0.0036 0.8854
27.7606 0.0035 0.8856
27.7798 0.0035 0.8858
27.7990 0.0034 0.8860
27.8182 0.0034 0.8862
27.8374 0.0033 0.8864
27.8566 0.0033 0.8866
27.8758 0.0032 0.8868
27.8950 0.0032 0.8870
27.9142 0.0031 0.8872
27.9334 0.0031 0.8874
27.9526 0.0030 0.8876
27.9718 0.0030 0.8878
27.9910 0.0029 0.8880
28.0102 0.0029 0.8882
28.0294 0.0028 0.8885
28.0486 0.0028 0.8887
28.0678 0.0028 0.8889
28.0870 0.0027 0.8891
28.1062 0.0027 0.8893
28.1254 0.0026 0.8895
28.1446 0.0026 0.8897
28.1638 0.0026 0.8899
28.1830 0.0025 0.8901
28.2022 0.0025 0.8903
28.2214 0.0025 0.8905
28.2406 0.0024 0.8907
28.2598 0.0024 0.8909
28.2790 0.0024 0.8911
28.2982 0.0023 0.8913
28.3174 0.0023 0.8915
28.3366 0.0023 0.8917
28.3558 0.0022 0.8919
28.3750 0.0022 0.8921
28.3942 0.0022 0.8923
28.4134 0.0022 0.8925
28.4326 0.0021 0.8927
28.4518 0.0021 0.8929
28.4710 0.0021 0.8931
28.4902 0.0021 0.8934
28.5094 0.0021 0.8936
28.5286 0.0020 0.8938
28.5478 0.0020 0.8940
28.5670 0.0020 0.8942
28.5862 0.0020 0.8944
28.6054 0.0020 0.8945
28.6246 0.0020 0.8947
28.6438 0.0019 0.8949
28.6629 0.0019 0.8951
28.6821 0.0019 0.8953
28.7013 0.0019 0.8955
28.7205 0.0019 0.8957
28.7397 0.0019 0.8959
28.7589 0.0019 0.8961
28.7781 0.0019 0.8963
28.7973 0.0019 0.8964
28.8165 0.0019 0.8966
28.8357 0.0019 0.8968
28.8549 0.0019 0.8970
28.8741 0.0019 0.8971
28.8933 0.0019 0.8973
28.9125 0.0019 0.8975
28.9317 0.0019 0.8976
28.9509 0.0018 0.8978
28.9701 0.0018 0.8980
28.9893 0.0018 0.8981
29.0085 0.0018 0.8983
29.0277 0.0018 0.8985
29.0469 0.0017 0.8986
29.0661 0.0017 0.8988
29.0853 0.0017 0.8989
29.1045 0.0017 0.8991
29.1237 0.0016 0.8993
29.1429 0.0016 0.8995
29.1621 0.0016 0.8996
29.1813 0.0016 0.8998
29.2005 0.0015 0.9000
29.2197 0.0015 0.9001
29.2389 0.0015 0.9003
29.2581 0.0015 0.9005
29.2773 0.0014 0.9007
29.2965 0.0014 0.9008
29.3157 0.0014 0.9010
29.3349 0.0014 0.9012
29.3541 0.0014 0.9014
29.3733 0.0014 0.9015
29.3925 0.0013 0.9017
29.4117 0.0013 0.9019
29.4309 0.0013 0.9021
29.4501 0.0013 0.9022
29.4693 0.0013 0.9024
29.4885 0.0013 0.9026
29.5077 0.0013 0.9027
29.5269 0.0012 0.9029
29.5461 0.0012 0.9031
29.5653 0.0012 0.9033
29.5845 0.0012 0.9034
29.6037 0.0012 0.9036
29.6229 0.0012 0.9038
29.6421 0.0012 0.9039
29.6613 0.0012 0.9041
29.6805 0.0012 0.9043
29.6997 0.0011 0.9044
29.7189 0.0011 0.9046
29.7381 0.0011 0.9047
29.7572 0.0011 0.9049
29.7764 0.0011 0.9051
29.7956 0.0011 0.9052
29.8148 0.0011 0.9054
29.8340 0.0011 0.9056
29.8532 0.0011 0.9057
29.8724 0.0011 0.9059
29.8916 0.0011 0.9060
29.9108 0.0011 0.9062
29.9300 0.0011 0.9064
29.9492 0.0011 0.9065
29.9684 0.0010 0.9067
29.9876 0.0010 0.9068
30.0068 0.0010 0.9070
30.0260 0.0010 0.9071
30.0452 0.0010 0.9073
30.0644 0.0010 0.9074
30.0836 0.0010 0.9076
30.1028 0.0010 0.9077
30.1220 0.0010 0.9079
30.1412 0.0010 0.9081
30.1604 0.0010 0.9082
30.1796 0.0010 0.9084
30.1988 0.0010 0.9085
30.2180 0.0010 0.9086
30.2372 0.0010 0.9088
30.2564 0.0010 0.9089
30.2756 0.0010 0.9091
30.2948 0.0010 0.9092
30.3140 0.0010 0.9094
30.3332 0.0010 0.9095
30.3524 0.0009 0.9097
30.3716 0.0009 0.9098
30.3908 0.0009 0.9100
30.4100 0.0009 0.9101
30.4292 0.0009 0.9103
30.4484 0.0009 0.9104
30.4676 0.0009 0.9105
30.4868 0.0009 0.9107
30.5060 0.0009 0.9108
30.5252 0.0009 0.9110
30.5444 0.0009 0.9111
30.5636 0.0009 0.9113
30.5828 0.0009 0.9114
30.6020 0.0009 0.9115
30.6212 0.0009 0.9117
30.6404 0.0009 0.9118
30.6596 0.0009 0.9119
30.6788 0.0009 0.9121
30.6980 0.0009 0.9122
30.7172 0.0009 0.9124
30.7364 0.0008 0.9125
30.7556 0.0008 0.9126
30.7748 0.0008 0.9128
30.7940 0.0008 0.9129
30.8132 0.0008 0.9130
30.8323 0.0008 0.9132
30.8515 0.0008 0.9133
30.8707 0.0008 0.9135
30.8899 0.0008 0.9136
30.9091 0.0008 0.9137
30.9283 0.0008 0.9139
30.9475 0.0008 0.9140
30.9667 0.0008 0.9141
30.9859 0.0008 0.9143
31.0051 0.0008 0.9144
31.0243 0.0008 0.9145
31.0435 0.0007 0.9147
31.0627 0.0007 0.9148
31.0819 0.0007 0.9149
31.1011 0.0007 0.9151
31.1203 0.0007 0.9152
31.1395 0.0007 0.9153
31.1587 0.0007 0.9155
31.1779 0.0007 0.9156
31.1971 0.0007 0.9157
31.2163 0.0007 0.9159
31.2355 0.0007 0.9160
31.2547 0.0007 0.9161
31.2739 0.0007 0.9162
31.2931 0.0007 0.9164
31.3123 0.0007 0.9165
31.3315 0.0007 0.9166
31.3507 0.0007 0.9168
31.3699 0.0007 0.9169
31.3891 0.0007 0.9170
31.4083 0.0007 0.9172
31.4275 0.0007 0.9173
31.4467 0.0007 0.9174
31.4659 0.0007 0.9175
31.4851 0.0007 0.9177
31.5043 0.0007 0.9178
31.5235 0.0007 0.9179
31.5427 0.0007 0.9180
31.5619 0.0007 0.9182
31.5811 0.0006 0.9183
31.6003 0.0006 0.9184
31.6195 0.0006 0.9185
31.6387 0.0006 0.9187
31.6579 0.0006 0.9188
31.6771 0.0006 0.9189
31.6963 0.0006 0.9190
31.7155 0.0006 0.9191
31.7347 0.0006 0.9193
31.7539 0.0006 0.9194
31.7731 0.0006 0.9195
31.7923 0.0006 0.9196
31.8115 0.0006 0.9198
31.8307 0.0006 0.9199
31.8499 0.0006 0.9200
31.8691 0.0006 0.9201
31.8883 0.0006 0.9202
31.9074 0.0006 0.9203
31.9266 0.0006 0.9205
31.9458 0.0006 0.9206
31.9650 0.0006 0.9207
31.9842 0.0006 0.9208
32.0034 0.0006 0.9209
32.0226 0.0006 0.9211
32.0418 0.0006 0.9212
32.0610 0.0006 0.9213
32.0802 0.0006 0.9214
32.0994 0.0006 0.9215
32.1186 0.0006 0.9216
32.1378 0.0006 0.9217
32.1570 0.0006 0.9219
32.1762 0.0006 0.9220
32.1954 0.0006 0.9221
32.2146 0.0006 0.9222
32.2338 0.0006 0.9223
32.2530 0.0006 0.9224
32.2722 0.0006 0.9225
32.2914 0.0006 0.9227
32.3106 0.0006 0.9228
32.3298 0.0006 0.9229
32.3490 0.0006 0.9230
32.3682 0.0006 0.9231
32.3874 0.0006 0.9232
32.4066 0.0006 0.9233
32.4258 0.0006 0.9234
32.4450 0.0006 0.9235
32.4642 0.0006 0.9237
32.4834 0.0006 0.9238
32.5026 0.0006 0.9239
32.5218 0.0006 0.9240
32.5410 0.0006 0.9241
32.5602 0.0006 0.9242
32.5794 0.0006 0.9243
32.5986 0.0006 0.9244
32.6178 0.0006 0.9245
32.6370 0.0006 0.9246
32.6562 0.0006 0.9247
32.6754 0.0006 0.9248
32.6946 0.0006 0.9250
32.7138 0.0006 0.9251
32.7330 0.0006 0.9252
32.7522 0.0006 0.9253
32.7714 0.0006 0.9254
32.7906 0.0005 0.9255
32.8098 0.0005 0.9256
32.8290 0.0005 0.9257
32.8482 0.0005 0.9258
32.8674 0.0005 0.9259
32.8866 0.0005 0.9260
32.9058 0.0005 0.9261
32.9250 0.0005 0.9262
32.9442 0.0005 0.9263
32.9634 0.0005 0.9264
32.9826 0.0005 0.9265
33.0017 0.0005 0.9266
33.0209 0.0005 0.9267
33.0401 0.0005 0.9268
33.0593 0.0005 0.9269
33.0785 0.0005 0.9270
33.0977 0.0005 0.9271
33.1169 0.0005 0.9272
33.1361 0.0005 0.9273
33.1553 0.0005 0.9274
33.1745 0.0005 0.9275
33.1937 0.0005 0.9276
33.2129 0.0005 0.9277
33.2321 0.0005 0.9278
33.2513 0.0005 0.9279
33.2705 0.0005 0.9280
33.2897 0.0005 0.9281
33.3089 0.0005 0.9282
33.3281 0.0005 0.9283
33.3473 0.0005 0.9284
33.3665 0.0005 0.9285
33.3857 0.0005 0.9286
33.4049 0.0005 0.9287
33.4241 0.0005 0.9288
33.4433 0.0005 0.9289
33.4625 0.0005 0.9290
33.4817 0.0005 0.9291
33.5009 0.0005 0.9292
33.5201 0.0005 0.9293
33.5393 0.0005 0.9294
33.5585 0.0005 0.9295
33.5777 0.0005 0.9296
33.5969 0.0005 0.9297
33.6161 0.0005 0.9298
33.6353 0.0005 0.9299
33.6545 0.0005 0.9300
33.6737 0.0005 0.9301
33.6929 0.0005 0.9302
33.7121 0.0005 0.9303
33.7313 0.0005 0.9304
33.7505 0.0005 0.9305
33.7697 0.0005 0.9305
33.7889 0.0005 0.9306
33.8081 0.0005 0.9307
33.8273 0.0005 0.9308
33.8465 0.0005 0.9309
33.8657 0.0005 0.9310
33.8849 0.0005 0.9311
33.9041 0.0005 0.9312
33.9233 0.0005 0.9313
33.9425 0.0005 0.9314
33.9617 0.0005 0.9315
33.9809 0.0005 0.9316
34.0001 0.0005 0.9317
34.0193 0.0005 0.9317
34.0385 0.0005 0.9318
34.0577 0.0005 0.9319
34.0768 0.0005 0.9320
34.0960 0.0005 0.9321
34.1152 0.0005 0.9322
34.1344 0.0005 0.9323
34.1536 0.0005 0.9324
34.1728 0.0005 0.9325
34.1920 0.0005 0.9326
34.2112 0.0005 0.9327
34.2304 0.0005 0.9327
34.2496 0.0005 0.9328
34.2688 0.0005 0.9329
34.2880 0.0005 0.9330
34.3072 0.0005 0.9331
34.3264 0.0005 0.9332
34.3456 0.0005 0.9333
34.3648 0.0005 0.9334
34.3840 0.0005 0.9334
34.4032 0.0005 0.9335
34.4224 0.0005 0.9336
34.4416 0.0005 0.9337
34.4608 0.0005 0.9338
34.4800 0.0005 0.9339
34.4992 0.0004 0.9340
34.5184 0.0004 0.9341
34.5376 0.0004 0.9341
34.5568 0.0004 0.9342
34.5760 0.0004 0.9343
34.5952 0.0004 0.9344
34.6144 0.0004 0.9345
34.6336 0.0004 0.9346
34.6528 0.0004 0.9347
34.6720 0.0004 0.9347
34.6912 0.0004 0.9348
34.7104 0.0004 0.9349
34.7296 0.0004 0.9350
34.7488 0.0004 0.9351
34.7680 0.0004 0.9352
34.7872 0.0004 0.9352
34.8064 0.0004 0.9353
34.8256 0.0004 0.9354
34.8448 0.0004 0.9355
34.8640 0.0004 0.9356
34.8832 0.0004 0.9357
34.9024 0.0004 0.9357
34.9216 0.0004 0.9358
34.9408 0.0004 0.9359
34.9600 0.0004 0.9360
34.9792 0.0004 0.9361
34.9984 0.0004 0.9361
35.0176 0.0004 0.9362
35.0368 0.0004 0.9363
35.0560 0.0004 0.9364
35.0752 0.0004 0.9365
35.0944 0.0004 0.9366
35.1136 0.0004 0.9366
35.1328 0.0004 0.9367
35.1519 0.0004 0.9368
35.1711 0.0004 0.9369
35.1903 0.0004 0.9370
35.2095 0.0004 0.9370
35.2287 0.0004 0.9371
35.2479 0.0004 0.9372
35.2671 0.0004 0.9373
35.2863 0.0004 0.9374
35.3055 0.0004 0.9374
35.3247 0.0004 0.9375
35.3439 0.0004 0.9376
35.3631 0.0004 0.9377
35.3823 0.0004 0.9377
35.4015 0.0004 0.9378
35.4207 0.0004 0.9379
35.4399 0.0004 0.9380
35.4591 0.0004 0.9381
35.4783 0.0004 0.9381
35.4975 0.0004 0.9382
35.5167 0.0004 0.9383
35.5359 0.0004 0.9384
35.5551 0.0004 0.9384
35.5743 0.0004 0.9385
35.5935 0.0004 0.9386
35.6127 0.0004 0.9387
35.6319 0.0004 0.9388
35.6511 0.0004 0.9388
35.6703 0.0004 0.9389
35.6895 0.0004 0.9390
35.7087 0.0004 0.9391
35.7279 0.0004 0.9391
35.7471 0.0004 0.9392
35.7663 0.0004 0.9393
35.7855 0.0004 0.9394
35.8047 0.0004 0.9394
35.8239 0.0004 0.9395
35.8431 0.0004 0.9396
35.8623 0.0004 0.9397
35.8815 0.0004 0.9397
35.9007 0.0004 0.9398
35.9199 0.0004 0.9399
35.9391 0.0004 0.9400
35.9583 0.0004 0.9400
35.9775 0.0004 0.9401
35.9967 0.0004 0.9402
36.0159 0.0004 0.9403
36.0351 0.0004 0.9403
36.0543 0.0004 0.9404
36.0735 0.0004 0.9405
36.0927 0.0004 0.9405
36.1119 0.0004 0.9406
36.1311 0.0004 0.9407
36.1503 0.0004 0.9408
36.1695 0.0004 0.9408
36.1887 0.0004 0.9409
36.2079 0.0004 0.9410
36.2271 0.0004 0.9411
36.2462 0.0004 0.9411
36.2654 0.0004 0.9412
36.2846 0.0004 0.9413
36.3038 0.0004 0.9413
36.3230 0.0004 0.9414
36.3422 0.0004 0.9415
36.3614 0.0004 0.9416
36.3806 0.0004 0.9416
36.3998 0.0004 0.9417
36.4190 0.0004 0.9418
36.4382 0.0004 0.9418
36.4574 0.0004 0.9419
36.4766 0.0004 0.9420
36.4958 0.0004 0.9420
36.5150 0.0004 0.9421
36.5342 0.0004 0.9422
36.5534 0.0004 0.9423
36.5726 0.0004 0.9423
36.5918 0.0004 0.9424
36.6110 0.0004 0.9425
36.6302 0.0004 0.9425
36.6494 0.0004 0.9426
36.6686 0.0004 0.9427
36.6878 0.0004 0.9427
36.7070 0.0004 0.9428
36.7262 0.0004 0.9429
36.7454 0.0004 0.9429
36.7646 0.0004 0.9430
36.7838 0.0004 0.9431
36.8030 0.0004 0.9431
36.8222 0.0004 0.9432
36.8414 0.0004 0.9433
36.8606 0.0004 0.9433
36.8798 0.0004 0.9434
36.8990 0.0003 0.9435
36.9182 0.0003 0.9435
36.9374 0.0003 0.9436
36.9566 0.0003 0.9437
36.9758 0.0003 0.9438
36.9950 0.0003 0.9438
37.0142 0.0003 0.9439
37.0334 0.0003 0.9439
37.0526 0.0003 0.9440
37.0718 0.0003 0.9441
37.0910 0.0003 0.9441
37.1102 0.0003 0.9442
37.1294 0.0003 0.9443
37.1486 0.0003 0.9443
37.1678 0.0003 0.9444
37.1870 0.0003 0.9445
37.2062 0.0003 0.9445
37.2254 0.0003 0.9446
37.2446 0.0003 0.9447
37.2638 0.0003 0.9447
37.2830 0.0003 0.9448
37.3022 0.0003 0.9449
37.3213 0.0003 0.9449
37.3405 0.0003 0.9450
37.3597 0.0003 0.9451
37.3789 0.0003 0.9451
37.3981 0.0003 0.9452
37.4173 0.0003 0.9453
37.4365 0.0003 0.9453
37.4557 0.0003 0.9454
37.4749 0.0003 0.9454
37.4941 0.0003 0.9455
37.5133 0.0003 0.9456
37.5325 0.0003 0.9456
37.5517 0.0003 0.9457
37.5709 0.0003 0.9458
37.5901 0.0003 0.9458
37.6093 0.0003 0.9459
37.6285 0.0003 0.9459
37.6477 0.0003 0.9460
37.6669 0.0003 0.9461
37.6861 0.0003 0.9461
37.7053 0.0003 0.9462
37.7245 0.0003 0.9463
37.7437 0.0003 0.9463
37.7629 0.0003 0.9464
37.7821 0.0003 0.9464
37.8013 0.0003 0.9465
37.8205 0.0003 0.9466
37.8397 0.0003 0.9466
37.8589 0.0003 0.9467
37.8781 0.0003 0.9468
37.8973 0.0003 0.9468
37.9165 0.0003 0.9469
37.9357 0.0003 0.9469
37.9549 0.0003 0.9470
37.9741 0.0003 0.9471
37.9933 0.0003 0.9471
38.0125 0.0003 0.9472
38.0317 0.0003 0.9472
38.0509 0.0003 0.9473
38.0701 0.0003 0.9474
38.0893 0.0003 0.9474
38.1085 0.0003 0.9475
38.1277 0.0003 0.9475
38.1469 0.0003 0.9476
38.1661 0.0003 0.9477
38.1853 0.0003 0.9477
38.2045 0.0003 0.9478
38.2237 0.0003 0.9478
38.2429 0.0003 0.9479
38.2621 0.0003 0.9480
38.2813 0.0003 0.9480
38.3005 0.0003 0.9481
38.3197 0.0003 0.9481
38.3389 0.0003 0.9482
38.3581 0.0003 0.9482
38.3773 0.0003 0.9483
