0.0000 0.0000 16.4988
0.0154 1.2174 16.4276
0.0309 2.4309 16.2068
0.0463 3.6257 15.8193
0.0618 4.7693 15.2469
0.0772 5.8103 14.4839
0.0926 6.6878 13.5506
0.1081 7.3485 12.4980
0.1235 7.7652 11.4018
0.1389 7.9484 10.3431
0.1544 7.9429 9.3865
0.1698 7.8121 8.5655
0.1853 7.6173 7.8809
0.2007 7.4032 7.3112
0.2161 7.1936 6.8269
0.2316 6.9953 6.4018
0.2470 6.8060 6.0176
0.2624 6.6197 5.6638
0.2779 6.4302 5.3361
0.2933 6.2329 5.0350
0.3088 6.0263 4.7644
0.3242 5.8141 4.5290
0.3396 5.6039 4.3306
0.3551 5.4046 4.1662
0.3705 5.2223 4.0281
0.3859 5.0584 3.9073
0.4014 4.9099 3.7967
0.4168 4.7727 3.6927
0.4323 4.6431 3.5944
0.4477 4.5193 3.5020
0.4631 4.4002 3.4155
0.4786 4.2852 3.3346
0.4940 4.1733 3.2594
0.5094 4.0641 3.1905
0.5249 3.9577 3.1286
0.5403 3.8549 3.0738
0.5558 3.7567 3.0258
0.5712 3.6637 2.9839
0.5866 3.5765 2.9474
0.6021 3.4955 2.9151
0.6175 3.4212 2.8857
0.6329 3.3535 2.8575
0.6484 3.2914 2.8283
0.6638 3.2327 2.7968
0.6793 3.1748 2.7628
0.6947 3.1151 2.7278
0.7101 3.0523 2.6943
0.7256 2.9868 2.6655
0.7410 2.9210 2.6438
0.7564 2.8584 2.6298
0.7719 2.8022 2.6217
0.7873 2.7544 2.6166
0.8028 2.7149 2.6103
0.8182 2.6816 2.5996
0.8336 2.6508 2.5828
0.8491 2.6185 2.5603
0.8645 2.5815 2.5348
0.8799 2.5386 2.5102
0.8954 2.4910 2.4902
0.9108 2.4416 2.4777
0.9263 2.3947 2.4730
0.9417 2.3540 2.4745
0.9571 2.3217 2.4783
0.9726 2.2977 2.4803
0.9880 2.2793 2.4767
1.0034 2.2624 2.4660
1.0189 2.2427 2.4492
1.0343 2.2175 2.4297
1.0498 2.1861 2.4114
1.0652 2.1504 2.3980
1.0806 2.1138 2.3910
1.0961 2.0799 2.3903
1.1115 2.0511 2.3936
1.1269 2.0286 2.3980
1.1424 2.0117 2.4004
1.1578 1.9983 2.3987
1.1733 1.9856 2.3923
1.1887 1.9710 2.3821
1.2041 1.9529 2.3702
1.2196 1.9312 2.3590
1.2350 1.9070 2.3506
1.2504 1.8824 2.3459
1.2659 1.8592 2.3443
1.2813 1.8386 2.3448
1.2968 1.8207 2.3459
1.3122 1.8051 2.3468
1.3276 1.7914 2.3468
1.3431 1.7791 2.3457
1.3585 1.7675 2.3431
1.3740 1.7561 2.3390
1.3894 1.7442 2.3336
1.4048 1.7309 2.3274
1.4203 1.7160 2.3211
1.4357 1.6996 2.3160
1.4511 1.6823 2.3127
1.4666 1.6649 2.3119
1.4820 1.6489 2.3135
1.4975 1.6354 2.3169
1.5129 1.6251 2.3207
1.5283 1.6179 2.3232
1.5438 1.6126 2.3229
1.5592 1.6074 2.3193
1.5746 1.6003 2.3130
1.5901 1.5902 2.3058
1.6055 1.5770 2.2996
1.6210 1.5620 2.2961
1.6364 1.5468 2.2960
1.6518 1.5335 2.2988
1.6673 1.5230 2.3030
1.6827 1.5157 2.3071
1.6981 1.5107 2.3096
1.7136 1.5069 2.3098
1.7290 1.5028 2.3078
1.7445 1.4976 2.3041
1.7599 1.4906 2.2998
1.7753 1.4819 2.2960
1.7908 1.4721 2.2932
1.8062 1.4618 2.2921
1.8216 1.4518 2.2925
1.8371 1.4426 2.2943
1.8525 1.4349 2.2971
1.8680 1.4289 2.3003
1.8834 1.4247 2.3030
1.8988 1.4220 2.3044
1.9143 1.4198 2.3039
1.9297 1.4171 2.3014
1.9451 1.4127 2.2977
1.9606 1.4062 2.2939
1.9760 1.3978 2.2915
1.9915 1.3887 2.2913
2.0069 1.3801 2.2933
2.0223 1.3733 2.2971
2.0378 1.3687 2.3014
2.0532 1.3663 2.3050
2.0686 1.3652 2.3070
2.0841 1.3645 2.3072
2.0995 1.3631 2.3059
2.1150 1.3603 2.3036
2.1304 1.3561 2.3014
2.1458 1.3507 2.3001
2.1613 1.3447 2.3000
2.1767 1.3388 2.3014
2.1921 1.3337 2.3041
2.2076 1.3300 2.3077
2.2230 1.3280 2.3113
2.2385 1.3275 2.3142
2.2539 1.3280 2.3157
2.2693 1.3283 2.3154
2.2848 1.3277 2.3139
2.3002 1.3254 2.3119
2.3156 1.3217 2.3106
2.3311 1.3171 2.3108
2.3465 1.3127 2.3126
2.3620 1.3093 2.3158
2.3774 1.3075 2.3195
2.3928 1.3071 2.3230
2.4083 1.3079 2.3256
2.4237 1.3092 2.3269
2.4391 1.3101 2.3269
2.4546 1.3102 2.3262
2.4700 1.3091 2.3254
2.4855 1.3069 2.3253
2.5009 1.3044 2.3263
2.5163 1.3021 2.3287
2.5318 1.3009 2.3321
2.5472 1.3011 2.3357
2.5626 1.3026 2.3387
2.5781 1.3048 2.3407
2.5935 1.3069 2.3415
2.6090 1.3083 2.3414
2.6244 1.3087 2.3412
2.6398 1.3083 2.3416
2.6553 1.3076 2.3429
2.6707 1.3071 2.3453
2.6862 1.3076 2.3484
2.7016 1.3091 2.3516
2.7170 1.3116 2.3543
2.7325 1.3146 2.3562
2.7479 1.3174 2.3572
2.7633 1.3196 2.3578
2.7788 1.3211 2.3585
2.7942 1.3222 2.3599
2.8097 1.3236 2.3620
2.8251 1.3255 2.3647
2.8405 1.3282 2.3674
2.8560 1.3316 2.3699
2.8714 1.3353 2.3717
2.8868 1.3390 2.3731
2.9023 1.3424 2.3743
2.9177 1.3455 2.3756
2.9332 1.3486 2.3771
2.9486 1.3519 2.3788
2.9640 1.3554 2.3806
2.9795 1.3591 2.3823
2.9949 1.3627 2.3838
3.0103 1.3662 2.3854
3.0258 1.3694 2.3872
3.0412 1.3724 2.3895
3.0567 1.3756 2.3924
3.0721 1.3791 2.3960
3.0875 1.3832 2.4003
3.1030 1.3881 2.4049
3.1184 1.3939 2.4096
3.1338 1.4005 2.4144
3.1493 1.4078 2.4191
3.1647 1.4159 2.4236
3.1802 1.4245 2.4278
3.1956 1.4338 2.4318
3.2110 1.4436 2.4355
3.2265 1.4541 2.4390
3.2419 1.4651 2.4420
3.2573 1.4767 2.4446
3.2728 1.4888 2.4467
3.2882 1.5014 2.4481
3.3037 1.5142 2.4490
3.3191 1.5271 2.4492
3.3345 1.5402 2.4490
3.3500 1.5533 2.4485
3.3654 1.5666 2.4477
3.3808 1.5801 2.4467
3.3963 1.5939 2.4455
3.4117 1.6082 2.4441
3.4272 1.6230 2.4423
3.4426 1.6386 2.4400
3.4580 1.6547 2.4370
3.4735 1.6711 2.4330
3.4889 1.6877 2.4281
3.5043 1.7043 2.4225
3.5198 1.7210 2.4163
3.5352 1.7381 2.4094
3.5507 1.7554 2.4015
3.5661 1.7729 2.3925
3.5815 1.7900 2.3823
3.5970 1.8066 2.3711
3.6124 1.8226 2.3592
3.6278 1.8382 2.3471
3.6433 1.8538 2.3347
3.6587 1.8700 2.3216
3.6742 1.8868 2.3071
3.6896 1.9037 2.2903
3.7050 1.9197 2.2706
3.7205 1.9333 2.2479
3.7359 1.9429 2.2233
3.7513 1.9476 2.1983
3.7668 1.9471 2.1751
3.7822 1.9425 2.1558
3.7977 1.9353 2.1419
3.8131 1.9277 2.1341
3.8285 1.9218 2.1320
3.8440 1.9192 2.1351
3.8594 1.9212 2.1424
3.8748 1.9292 2.1526
3.8903 1.9438 2.1645
3.9057 1.9661 2.1763
3.9212 1.9963 2.1862
3.9366 2.0343 2.1917
3.9520 2.0792 2.1908
3.9675 2.1295 2.1815
3.9829 2.1832 2.1624
3.9984 2.2380 2.1327
4.0138 2.2918 2.0921
4.0292 2.3424 2.0407
4.0447 2.3874 1.9789
4.0601 2.4248 1.9075
4.0755 2.4520 1.8279
4.0910 2.4671 1.7423
4.1064 2.4684 1.6537
4.1219 2.4556 1.5655
4.1373 2.4293 1.4813
4.1527 2.3915 1.4039
4.1682 2.3447 1.3353
4.1836 2.2917 1.2765
4.1990 2.2349 1.2275
4.2145 2.1766 1.1876
4.2299 2.1181 1.1559
4.2454 2.0606 1.1314
4.2608 2.0046 1.1132
4.2762 1.9507 1.1003
4.2917 1.8990 1.0921
4.3071 1.8497 1.0880
4.3225 1.8030 1.0873
4.3380 1.7588 1.0895
4.3534 1.7171 1.0942
4.3689 1.6779 1.1010
4.3843 1.6409 1.1094
4.3997 1.6060 1.1194
4.4152 1.5731 1.1306
4.4306 1.5419 1.1430
4.4460 1.5125 1.1565
4.4615 1.4847 1.1711
4.4769 1.4583 1.1867
4.4924 1.4335 1.2034
4.5078 1.4102 1.2211
4.5232 1.3885 1.2398
4.5387 1.3684 1.2594
4.5541 1.3498 1.2799
4.5695 1.3329 1.3012
4.5850 1.3177 1.3233
4.6004 1.3040 1.3461
4.6159 1.2920 1.3697
4.6313 1.2817 1.3939
4.6467 1.2731 1.4190
4.6622 1.2664 1.4448
4.6776 1.2616 1.4715
4.6930 1.2590 1.4990
4.7085 1.2589 1.5273
4.7239 1.2616 1.5563
4.7394 1.2674 1.5859
4.7548 1.2768 1.6157
4.7702 1.2902 1.6452
4.7857 1.3080 1.6739
4.8011 1.3303 1.7008
4.8165 1.3573 1.7249
4.8320 1.3885 1.7450
4.8474 1.4232 1.7601
4.8629 1.4602 1.7693
4.8783 1.4982 1.7720
4.8937 1.5356 1.7684
4.9092 1.5711 1.7588
4.9246 1.6034 1.7440
4.9400 1.6319 1.7250
4.9555 1.6561 1.7028
4.9709 1.6756 1.6783
4.9864 1.6903 1.6525
5.0018 1.7000 1.6262
5.0172 1.7049 1.6005
5.0327 1.7051 1.5765
5.0481 1.7013 1.5551
5.0635 1.6945 1.5374
5.0790 1.6856 1.5237
5.0944 1.6760 1.5143
5.1099 1.6668 1.5091
5.1253 1.6591 1.5076
5.1407 1.6537 1.5090
5.1562 1.6512 1.5125
5.1716 1.6518 1.5169
5.1870 1.6553 1.5214
5.2025 1.6614 1.5253
5.2179 1.6695 1.5279
5.2334 1.6789 1.5291
5.2488 1.6892 1.5290
5.2642 1.6999 1.5277
5.2797 1.7108 1.5254
5.2951 1.7220 1.5225
5.3105 1.7334 1.5190
5.3260 1.7451 1.5150
5.3414 1.7572 1.5105
5.3569 1.7697 1.5054
5.3723 1.7826 1.4997
5.3877 1.7959 1.4934
5.4032 1.8094 1.4863
5.4186 1.8230 1.4787
5.4341 1.8368 1.4708
5.4495 1.8509 1.4628
5.4649 1.8660 1.4549
5.4804 1.8825 1.4468
5.4958 1.9011 1.4381
5.5112 1.9223 1.4277
5.5267 1.9458 1.4144
5.5421 1.9711 1.3968
5.5576 1.9968 1.3741
5.5730 2.0212 1.3457
5.5884 2.0424 1.3118
5.6039 2.0584 1.2735
5.6193 2.0679 1.2326
5.6347 2.0702 1.1913
5.6502 2.0655 1.1520
5.6656 2.0552 1.1169
5.6811 2.0409 1.0874
5.6965 2.0247 1.0644
5.7119 2.0088 1.0478
5.7274 1.9952 1.0373
5.7428 1.9857 1.0320
5.7582 1.9818 1.0304
5.7737 1.9848 1.0308
5.7891 1.9956 1.0311
5.8046 2.0143 1.0285
5.8200 2.0404 1.0204
5.8354 2.0723 1.0040
5.8509 2.1073 0.9772
5.8663 2.1421 0.9387
5.8817 2.1729 0.8887
5.8972 2.1961 0.8285
5.9126 2.2089 0.7609
5.9281 2.2096 0.6893
5.9435 2.1980 0.6174
5.9589 2.1751 0.5484
5.9744 2.1426 0.4848
5.9898 2.1031 0.4281
6.0052 2.0587 0.3791
6.0207 2.0115 0.3376
6.0361 1.9634 0.3030
6.0516 1.9154 0.2744
6.0670 1.8684 0.2510
6.0824 1.8227 0.2318
6.0979 1.7784 0.2161
6.1133 1.7357 0.2035
6.1287 1.6945 0.1934
6.1442 1.6548 0.1856
6.1596 1.6167 0.1798
6.1751 1.5802 0.1757
6.1905 1.5452 0.1730
6.2059 1.5117 0.1713
6.2214 1.4795 0.1706
6.2368 1.4484 0.1707
6.2522 1.4184 0.1717
6.2677 1.3895 0.1735
6.2831 1.3617 0.1760
6.2986 1.3351 0.1791
6.3140 1.3095 0.1826
6.3294 1.2851 0.1864
6.3449 1.2614 0.1903
6.3603 1.2385 0.1943
6.3757 1.2162 0.1985
6.3912 1.1945 0.2029
6.4066 1.1732 0.2075
6.4221 1.1526 0.2125
6.4375 1.1325 0.2178
6.4529 1.1131 0.2234
6.4684 1.0944 0.2291
6.4838 1.0763 0.2349
6.4992 1.0588 0.2407
6.5147 1.0417 0.2466
6.5301 1.0252 0.2524
6.5456 1.0091 0.2583
6.5610 0.9933 0.2641
6.5764 0.9780 0.2700
6.5919 0.9630 0.2759
6.6073 0.9483 0.2818
6.6227 0.9339 0.2878
6.6382 0.9198 0.2937
6.6536 0.9059 0.2998
6.6691 0.8924 0.3058
6.6845 0.8791 0.3120
6.6999 0.8661 0.3183
6.7154 0.8534 0.3247
6.7308 0.8412 0.3311
6.7463 0.8293 0.3376
6.7617 0.8177 0.3439
6.7771 0.8065 0.3502
6.7926 0.7955 0.3563
6.8080 0.7847 0.3623
6.8234 0.7740 0.3682
6.8389 0.7633 0.3742
6.8543 0.7528 0.3802
6.8698 0.7424 0.3863
6.8852 0.7323 0.3925
6.9006 0.7224 0.3988
6.9161 0.7127 0.4051
6.9315 0.7034 0.4114
6.9469 0.6942 0.4177
6.9624 0.6853 0.4239
6.9778 0.6766 0.4301
6.9933 0.6681 0.4362
7.0087 0.6597 0.4422
7.0241 0.6515 0.4482
7.0396 0.6434 0.4541
7.0550 0.6355 0.4599
7.0704 0.6276 0.4657
7.0859 0.6199 0.4715
7.1013 0.6121 0.4773
7.1168 0.6045 0.4831
7.1322 0.5969 0.4891
7.1476 0.5896 0.4951
7.1631 0.5826 0.5012
7.1785 0.5758 0.5072
7.1939 0.5693 0.5131
7.2094 0.5629 0.5187
7.2248 0.5566 0.5243
7.2403 0.5503 0.5296
7.2557 0.5440 0.5349
7.2711 0.5376 0.5403
7.2866 0.5312 0.5456
7.3020 0.5249 0.5511
7.3174 0.5187 0.5566
7.3329 0.5127 0.5622
7.3483 0.5069 0.5678
7.3638 0.5011 0.5733
7.3792 0.4955 0.5788
7.3946 0.4900 0.5842
7.4101 0.4846 0.5896
7.4255 0.4792 0.5949
7.4409 0.4739 0.6003
7.4564 0.4688 0.6056
7.4718 0.4637 0.6109
7.4873 0.4588 0.6161
7.5027 0.4538 0.6212
7.5181 0.4489 0.6263
7.5336 0.4439 0.6314
7.5490 0.4390 0.6365
7.5644 0.4342 0.6416
7.5799 0.4294 0.6468
7.5953 0.4247 0.6521
7.6108 0.4201 0.6573
7.6262 0.4157 0.6626
7.6416 0.4115 0.6678
7.6571 0.4073 0.6730
7.6725 0.4033 0.6780
7.6879 0.3992 0.6830
7.7034 0.3952 0.6878
7.7188 0.3912 0.6926
7.7343 0.3872 0.6974
7.7497 0.3832 0.7022
7.7651 0.3791 0.7070
7.7806 0.3751 0.7119
7.7960 0.3711 0.7169
7.8114 0.3673 0.7220
7.8269 0.3636 0.7271
7.8423 0.3600 0.7321
7.8578 0.3566 0.7370
7.8732 0.3533 0.7419
7.8886 0.3499 0.7466
7.9041 0.3466 0.7514
7.9195 0.3433 0.7560
7.9349 0.3400 0.7607
7.9504 0.3367 0.7654
7.9658 0.3334 0.7700
7.9813 0.3301 0.7747
7.9967 0.3269 0.7794
8.0121 0.3237 0.7842
8.0276 0.3207 0.7891
8.0430 0.3177 0.7939
8.0585 0.3148 0.7986
8.0739 0.3120 0.8033
8.0893 0.3093 0.8080
8.1048 0.3066 0.8127
8.1202 0.3039 0.8173
8.1356 0.3013 0.8220
8.1511 0.2988 0.8266
8.1665 0.2963 0.8311
8.1820 0.2939 0.8356
8.1974 0.2915 0.8400
8.2128 0.2890 0.8445
8.2283 0.2866 0.8489
8.2437 0.2842 0.8533
8.2591 0.2819 0.8577
8.2746 0.2795 0.8621
8.2900 0.2772 0.8666
8.3055 0.2751 0.8711
8.3209 0.2730 0.8756
8.3363 0.2710 0.8801
8.3518 0.2692 0.8845
8.3672 0.2674 0.8887
8.3826 0.2656 0.8928
8.3981 0.2638 0.8969
8.4135 0.2620 0.9008
8.4290 0.2601 0.9048
8.4444 0.2582 0.9087
8.4598 0.2562 0.9127
8.4753 0.2543 0.9166
8.4907 0.2524 0.9206
8.5061 0.2505 0.9246
8.5216 0.2487 0.9286
8.5370 0.2469 0.9326
8.5525 0.2452 0.9365
8.5679 0.2435 0.9403
8.5833 0.2418 0.9441
8.5988 0.2400 0.9478
8.6142 0.2381 0.9515
8.6296 0.2362 0.9553
8.6451 0.2342 0.9591
8.6605 0.2323 0.9631
8.6760 0.2305 0.9671
8.6914 0.2287 0.9711
8.7068 0.2270 0.9750
8.7223 0.2254 0.9790
8.7377 0.2237 0.9829
8.7531 0.2221 0.9867
8.7686 0.2205 0.9905
8.7840 0.2188 0.9944
8.7995 0.2171 0.9982
8.8149 0.2154 1.0021
8.8303 0.2138 1.0061
8.8458 0.2122 1.0101
8.8612 0.2107 1.0141
8.8766 0.2092 1.0180
8.8921 0.2078 1.0219
8.9075 0.2064 1.0257
8.9230 0.2050 1.0295
8.9384 0.2035 1.0333
8.9538 0.2020 1.0372
8.9693 0.2004 1.0410
8.9847 0.1989 1.0450
9.0001 0.1975 1.0490
9.0156 0.1960 1.0530
9.0310 0.1947 1.0570
9.0465 0.1935 1.0610
9.0619 0.1923 1.0650
9.0773 0.1911 1.0689
9.0928 0.1900 1.0728
9.1082 0.1888 1.0765
9.1236 0.1876 1.0802
9.1391 0.1862 1.0840
9.1545 0.1848 1.0878
9.1700 0.1834 1.0918
9.1854 0.1821 1.0958
9.2008 0.1808 1.0999
9.2163 0.1797 1.1041
9.2317 0.1787 1.1082
9.2471 0.1777 1.1122
9.2626 0.1768 1.1162
9.2780 0.1759 1.1200
9.2935 0.1749 1.1238
9.3089 0.1738 1.1276
9.3243 0.1726 1.1314
9.3398 0.1714 1.1353
9.3552 0.1702 1.1394
9.3707 0.1691 1.1435
9.3861 0.1681 1.1476
9.4015 0.1671 1.1518
9.4170 0.1663 1.1559
9.4324 0.1654 1.1600
9.4478 0.1646 1.1640
9.4633 0.1637 1.1680
9.4787 0.1629 1.1719
9.4942 0.1620 1.1759
9.5096 0.1610 1.1799
9.5250 0.1601 1.1840
9.5405 0.1592 1.1881
9.5559 0.1583 1.1923
9.5713 0.1575 1.1965
9.5868 0.1567 1.2007
9.6022 0.1560 1.2049
9.6177 0.1553 1.2091
9.6331 0.1546 1.2132
9.6485 0.1539 1.2173
9.6640 0.1531 1.2214
9.6794 0.1523 1.2256
9.6948 0.1515 1.2299
9.7103 0.1507 1.2342
9.7257 0.1500 1.2386
9.7412 0.1494 1.2430
9.7566 0.1488 1.2474
9.7720 0.1483 1.2517
9.7875 0.1478 1.2560
9.8029 0.1473 1.2603
9.8183 0.1468 1.2646
9.8338 0.1461 1.2689
9.8492 0.1455 1.2732
9.8647 0.1448 1.2777
9.8801 0.1442 1.2823
9.8955 0.1437 1.2869
9.9110 0.1432 1.2916
9.9264 0.1428 1.2962
9.9418 0.1425 1.3008
9.9573 0.1422 1.3054
9.9727 0.1419 1.3100
9.9882 0.1416 1.3146
10.0036 0.1412 1.3192
10.0190 0.1409 1.3238
10.0345 0.1405 1.3285
10.0499 0.1402 1.3333
10.0653 0.1399 1.3381
10.0808 0.1397 1.3429
10.0962 0.1395 1.3477
10.1117 0.1393 1.3525
10.1271 0.1391 1.3574
10.1425 0.1389 1.3623
10.1580 0.1387 1.3672
10.1734 0.1385 1.3723
10.1888 0.1384 1.3773
10.2043 0.1383 1.3824
10.2197 0.1382 1.3875
10.2352 0.1382 1.3927
10.2506 0.1382 1.3978
10.2660 0.1381 1.4030
10.2815 0.1381 1.4083
10.2969 0.1381 1.4137
10.3123 0.1381 1.4191
10.3278 0.1382 1.4247
10.3432 0.1383 1.4303
10.3587 0.1386 1.4360
10.3741 0.1389 1.4417
10.3895 0.1394 1.4474
10.4050 0.1399 1.4531
10.4204 0.1404 1.4588
10.4358 0.1409 1.4645
10.4513 0.1415 1.4703
10.4667 0.1421 1.4760
10.4822 0.1427 1.4818
10.4976 0.1434 1.4877
10.5130 0.1440 1.4935
10.5285 0.1447 1.4994
10.5439 0.1453 1.5054
10.5593 0.1459 1.5115
10.5748 0.1466 1.5177
10.5902 0.1472 1.5240
10.6057 0.1480 1.5306
10.6211 0.1488 1.5373
10.6365 0.1498 1.5441
10.6520 0.1510 1.5512
10.6674 0.1524 1.5583
10.6829 0.1542 1.5654
10.6983 0.1562 1.5725
10.7137 0.1586 1.5795
10.7292 0.1611 1.5862
10.7446 0.1638 1.5927
10.7600 0.1665 1.5989
10.7755 0.1692 1.6048
10.7909 0.1717 1.6105
10.8064 0.1739 1.6159
10.8218 0.1759 1.6212
10.8372 0.1775 1.6265
10.8527 0.1787 1.6317
10.8681 0.1794 1.6371
10.8835 0.1796 1.6428
10.8990 0.1794 1.6491
10.9144 0.1788 1.6560
10.9299 0.1782 1.6636
10.9453 0.1776 1.6721
10.9607 0.1772 1.6813
10.9762 0.1773 1.6911
10.9916 0.1778 1.7015
11.0070 0.1788 1.7123
11.0225 0.1804 1.7234
11.0379 0.1823 1.7348
11.0534 0.1847 1.7465
11.0688 0.1875 1.7584
11.0842 0.1906 1.7707
11.0997 0.1942 1.7832
11.1151 0.1983 1.7962
11.1305 0.2029 1.8095
11.1460 0.2080 1.8232
11.1614 0.2138 1.8372
11.1769 0.2203 1.8517
11.1923 0.2276 1.8667
11.2077 0.2359 1.8820
11.2232 0.2452 1.8978
11.2386 0.2559 1.9140
11.2540 0.2682 1.9305
11.2695 0.2824 1.9469
11.2849 0.2986 1.9631
11.3004 0.3170 1.9785
11.3158 0.3376 1.9926
11.3312 0.3604 2.0048
11.3467 0.3849 2.0146
11.3621 0.4106 2.0214
11.3775 0.4367 2.0250
11.3930 0.4625 2.0253
11.4084 0.4872 2.0227
11.4239 0.5103 2.0175
11.4393 0.5313 2.0104
11.4547 0.5500 2.0020
11.4702 0.5666 1.9929
11.4856 0.5811 1.9834
11.5010 0.5939 1.9740
11.5165 0.6051 1.9648
11.5319 0.6150 1.9560
11.5474 0.6238 1.9477
11.5628 0.6317 1.9398
11.5782 0.6387 1.9324
11.5937 0.6450 1.9255
11.6091 0.6508 1.9192
11.6245 0.6560 1.9133
11.6400 0.6609 1.9079
11.6554 0.6653 1.9031
11.6709 0.6695 1.8986
11.6863 0.6733 1.8946
11.7017 0.6770 1.8911
11.7172 0.6805 1.8880
11.7326 0.6838 1.8854
11.7480 0.6871 1.8833
11.7635 0.6905 1.8816
11.7789 0.6939 1.8803
11.7944 0.6976 1.8793
11.8098 0.7014 1.8785
11.8252 0.7054 1.8777
11.8407 0.7095 1.8770
11.8561 0.7136 1.8764
11.8715 0.7177 1.8757
11.8870 0.7217 1.8751
11.9024 0.7256 1.8746
11.9179 0.7295 1.8743
11.9333 0.7333 1.8741
11.9487 0.7370 1.8741
11.9642 0.7408 1.8744
11.9796 0.7445 1.8748
11.9951 0.7483 1.8754
12.0105 0.7522 1.8762
12.0259 0.7561 1.8773
12.0414 0.7602 1.8785
12.0568 0.7644 1.8799
12.0722 0.7687 1.8814
12.0877 0.7732 1.8831
12.1031 0.7779 1.8849
12.1186 0.7827 1.8868
12.1340 0.7878 1.8888
12.1494 0.7932 1.8909
12.1649 0.7987 1.8929
12.1803 0.8045 1.8949
12.1957 0.8104 1.8968
12.2112 0.8164 1.8986
12.2266 0.8225 1.9005
12.2421 0.8288 1.9023
12.2575 0.8353 1.9041
12.2729 0.8419 1.9057
12.2884 0.8486 1.9073
12.3038 0.8554 1.9087
12.3192 0.8622 1.9100
12.3347 0.8690 1.9113
12.3501 0.8759 1.9126
12.3656 0.8830 1.9139
12.3810 0.8903 1.9151
12.3964 0.8978 1.9162
12.4119 0.9056 1.9168
12.4273 0.9133 1.9170
12.4427 0.9209 1.9167
12.4582 0.9281 1.9161
12.4736 0.9347 1.9153
12.4891 0.9409 1.9145
12.5045 0.9466 1.9140
12.5199 0.9520 1.9137
12.5354 0.9572 1.9138
12.5508 0.9623 1.9143
12.5662 0.9673 1.9152
12.5817 0.9723 1.9164
12.5971 0.9775 1.9181
12.6126 0.9829 1.9200
12.6280 0.9887 1.9222
12.6434 0.9947 1.9244
12.6589 1.0011 1.9267
12.6743 1.0076 1.9288
12.6897 1.0142 1.9307
12.7052 1.0207 1.9326
12.7206 1.0271 1.9344
12.7361 1.0333 1.9363
12.7515 1.0393 1.9383
12.7669 1.0452 1.9405
12.7824 1.0508 1.9429
12.7978 1.0563 1.9457
12.8132 1.0615 1.9489
12.8287 1.0665 1.9528
12.8441 1.0716 1.9573
12.8596 1.0768 1.9626
12.8750 1.0823 1.9686
12.8904 1.0881 1.9753
12.9059 1.0943 1.9827
12.9213 1.1010 1.9908
12.9367 1.1082 1.9996
12.9522 1.1161 2.0091
12.9676 1.1248 2.0194
12.9831 1.1344 2.0303
12.9985 1.1450 2.0418
13.0139 1.1567 2.0538
13.0294 1.1696 2.0663
13.0448 1.1836 2.0791
13.0602 1.1988 2.0923
13.0757 1.2153 2.1059
13.0911 1.2333 2.1200
13.1066 1.2530 2.1345
13.1220 1.2747 2.1493
13.1374 1.2987 2.1642
13.1529 1.3253 2.1790
13.1683 1.3547 2.1932
13.1837 1.3874 2.2062
13.1992 1.4232 2.2174
13.2146 1.4619 2.2257
13.2301 1.5031 2.2305
13.2455 1.5459 2.2310
13.2609 1.5892 2.2271
13.2764 1.6319 2.2188
13.2918 1.6730 2.2067
13.3072 1.7120 2.1916
13.3227 1.7485 2.1742
13.3381 1.7825 2.1555
13.3536 1.8144 2.1360
13.3690 1.8444 2.1160
13.3844 1.8729 2.0960
13.3999 1.9000 2.0761
13.4153 1.9262 2.0563
13.4308 1.9518 2.0369
13.4462 1.9772 2.0178
13.4616 2.0025 1.9988
13.4771 2.0280 1.9798
13.4925 2.0540 1.9606
13.5079 2.0804 1.9409
13.5234 2.1073 1.9205
13.5388 2.1348 1.8994
13.5543 2.1628 1.8773
13.5697 2.1915 1.8542
13.5851 2.2208 1.8297
13.6006 2.2511 1.8035
13.6160 2.2821 1.7753
13.6314 2.3139 1.7446
13.6469 2.3462 1.7106
13.6623 2.3785 1.6729
13.6778 2.4102 1.6309
13.6932 2.4402 1.5841
13.7086 2.4674 1.5325
13.7241 2.4904 1.4762
13.7395 2.5078 1.4160
13.7549 2.5185 1.3532
13.7704 2.5217 1.2894
13.7858 2.5173 1.2265
13.8013 2.5059 1.1663
13.8167 2.4887 1.1103
13.8321 2.4671 1.0592
13.8476 2.4425 1.0135
13.8630 2.4163 0.9730
13.8784 2.3895 0.9373
13.8939 2.3629 0.9059
13.9093 2.3370 0.8782
13.9248 2.3121 0.8534
13.9402 2.2885 0.8313
13.9556 2.2660 0.8112
13.9711 2.2447 0.7929
13.9865 2.2246 0.7761
14.0019 2.2056 0.7606
14.0174 2.1878 0.7463
14.0328 2.1711 0.7329
14.0483 2.1555 0.7202
14.0637 2.1409 0.7082
14.0791 2.1272 0.6966
14.0946 2.1144 0.6856
14.1100 2.1026 0.6750
14.1254 2.0917 0.6648
14.1409 2.0819 0.6548
14.1563 2.0733 0.6448
14.1718 2.0657 0.6345
14.1872 2.0589 0.6236
14.2026 2.0526 0.6121
14.2181 2.0466 0.6000
14.2335 2.0407 0.5875
14.2489 2.0350 0.5747
14.2644 2.0295 0.5617
14.2798 2.0245 0.5484
14.2953 2.0199 0.5345
14.3107 2.0157 0.5198
14.3261 2.0116 0.5039
14.3416 2.0072 0.4867
14.3570 2.0021 0.4684
14.3724 1.9957 0.4490
14.3879 1.9879 0.4290
14.4033 1.9785 0.4088
14.4188 1.9675 0.3889
14.4342 1.9552 0.3695
14.4496 1.9418 0.3509
14.4651 1.9274 0.3331
14.4805 1.9121 0.3162
14.4959 1.8961 0.3004
14.5114 1.8795 0.2857
14.5268 1.8625 0.2723
14.5423 1.8454 0.2603
14.5577 1.8286 0.2495
14.5731 1.8122 0.2399
14.5886 1.7964 0.2311
14.6040 1.7814 0.2229
14.6194 1.7670 0.2150
14.6349 1.7532 0.2074
14.6503 1.7398 0.1997
14.6658 1.7266 0.1921
14.6812 1.7135 0.1845
14.6966 1.7005 0.1771
14.7121 1.6875 0.1700
14.7275 1.6746 0.1632
14.7430 1.6619 0.1567
14.7584 1.6495 0.1506
14.7738 1.6374 0.1446
14.7893 1.6258 0.1387
14.8047 1.6145 0.1328
14.8201 1.6034 0.1266
14.8356 1.5924 0.1203
14.8510 1.5813 0.1137
14.8665 1.5700 0.1071
14.8819 1.5585 0.1006
14.8973 1.5467 0.0943
14.9128 1.5348 0.0884
14.9282 1.5230 0.0828
14.9436 1.5113 0.0774
14.9591 1.4997 0.0722
14.9745 1.4883 0.0672
14.9900 1.4770 0.0622
15.0054 1.4657 0.0573
15.0208 1.4545 0.0525
15.0363 1.4433 0.0476
15.0517 1.4320 0.0429
15.0671 1.4207 0.0382
15.0826 1.4091 0.0337
15.0980 1.3975 0.0295
15.1135 1.3859 0.0257
15.1289 1.3744 0.0221
15.1443 1.3631 0.0188
15.1598 1.3519 0.0158
15.1752 1.3409 0.0129
15.1906 1.3302 0.0102
15.2061 1.3196 0.0075
15.2215 1.3092 0.0049
15.2370 1.2990 0.0023
15.2524 1.2889 -0.0004
15.2678 1.2788 -0.0031
15.2833 1.2686 -0.0059
15.2987 1.2584 -0.0085
15.3141 1.2481 -0.0109
15.3296 1.2378 -0.0132
15.3450 1.2276 -0.0152
15.3605 1.2176 -0.0171
15.3759 1.2076 -0.0189
15.3913 1.1979 -0.0206
15.4068 1.1883 -0.0222
15.4222 1.1787 -0.0239
15.4376 1.1692 -0.0255
15.4531 1.1598 -0.0271
15.4685 1.1503 -0.0285
15.4840 1.1409 -0.0299
15.4994 1.1315 -0.0312
15.5148 1.1223 -0.0324
15.5303 1.1131 -0.0335
15.5457 1.1041 -0.0346
15.5611 1.0950 -0.0356
15.5766 1.0860 -0.0366
15.5920 1.0771 -0.0374
15.6075 1.0682 -0.0381
15.6229 1.0595 -0.0387
15.6383 1.0510 -0.0393
15.6538 1.0426 -0.0398
15.6692 1.0344 -0.0404
15.6846 1.0264 -0.0411
15.7001 1.0184 -0.0419
15.7155 1.0104 -0.0429
15.7310 1.0022 -0.0441
15.7464 0.9939 -0.0453
15.7618 0.9853 -0.0464
15.7773 0.9766 -0.0473
15.7927 0.9677 -0.0480
15.8081 0.9588 -0.0483
15.8236 0.9501 -0.0484
15.8390 0.9416 -0.0482
15.8545 0.9334 -0.0479
15.8699 0.9255 -0.0476
15.8853 0.9177 -0.0475
15.9008 0.9100 -0.0476
15.9162 0.9021 -0.0479
15.9316 0.8941 -0.0481
15.9471 0.8859 -0.0482
15.9625 0.8776 -0.0481
15.9780 0.8693 -0.0478
15.9934 0.8611 -0.0471
16.0088 0.8531 -0.0462
16.0243 0.8454 -0.0452
16.0397 0.8379 -0.0443
16.0552 0.8306 -0.0433
16.0706 0.8234 -0.0425
16.0860 0.8163 -0.0418
16.1015 0.8092 -0.0412
16.1169 0.8021 -0.0405
16.1323 0.7950 -0.0399
16.1478 0.7879 -0.0392
16.1632 0.7809 -0.0386
16.1787 0.7738 -0.0381
16.1941 0.7666 -0.0376
16.2095 0.7592 -0.0371
16.2250 0.7516 -0.0364
16.2404 0.7440 -0.0355
16.2558 0.7364 -0.0342
16.2713 0.7289 -0.0326
16.2867 0.7218 -0.0308
16.3022 0.7150 -0.0290
16.3176 0.7085 -0.0272
16.3330 0.7021 -0.0256
16.3485 0.6957 -0.0242
16.3639 0.6893 -0.0230
16.3793 0.6828 -0.0217
16.3948 0.6761 -0.0204
16.4102 0.6694 -0.0190
16.4257 0.6627 -0.0174
16.4411 0.6560 -0.0156
16.4565 0.6495 -0.0136
16.4720 0.6431 -0.0114
16.4874 0.6370 -0.0092
16.5028 0.6312 -0.0070
16.5183 0.6255 -0.0050
16.5337 0.6199 -0.0031
16.5492 0.6143 -0.0014
16.5646 0.6087 0.0003
16.5800 0.6030 0.0019
16.5955 0.5973 0.0036
16.6109 0.5916 0.0053
16.6263 0.5859 0.0070
16.6418 0.5802 0.0088
16.6572 0.5744 0.0106
16.6727 0.5687 0.0126
16.6881 0.5630 0.0146
16.7035 0.5574 0.0168
16.7190 0.5519 0.0190
16.7344 0.5466 0.0212
16.7498 0.5415 0.0235
16.7653 0.5364 0.0256
16.7807 0.5315 0.0278
16.7962 0.5266 0.0298
16.8116 0.5218 0.0318
16.8270 0.5170 0.0336
16.8425 0.5123 0.0353
16.8579 0.5074 0.0369
16.8733 0.5023 0.0384
16.8888 0.4971 0.0400
16.9042 0.4917 0.0417
16.9197 0.4862 0.0437
16.9351 0.4807 0.0460
16.9505 0.4755 0.0485
16.9660 0.4707 0.0511
16.9814 0.4660 0.0536
16.9968 0.4616 0.0559
17.0123 0.4572 0.0580
17.0277 0.4528 0.0600
17.0432 0.4482 0.0618
17.0586 0.4436 0.0637
17.0740 0.4387 0.0655
17.0895 0.4338 0.0675
17.1049 0.4288 0.0696
17.1203 0.4239 0.0719
17.1358 0.4190 0.0744
17.1512 0.4142 0.0770
17.1667 0.4097 0.0797
17.1821 0.4055 0.0824
17.1975 0.4013 0.0849
17.2130 0.3973 0.0872
17.2284 0.3931 0.0894
17.2438 0.3889 0.0915
17.2593 0.3846 0.0937
17.2747 0.3802 0.0959
17.2902 0.3758 0.0982
17.3056 0.3714 0.1005
17.3210 0.3671 0.1029
17.3365 0.3628 0.1052
17.3519 0.3585 0.1076
17.3674 0.3541 0.1100
17.3828 0.3496 0.1125
17.3982 0.3451 0.1151
17.4137 0.3407 0.1179
17.4291 0.3363 0.1208
17.4445 0.3321 0.1238
17.4600 0.3281 0.1268
17.4754 0.3242 0.1299
17.4909 0.3204 0.1328
17.5063 0.3166 0.1358
17.5217 0.3129 0.1387
17.5372 0.3092 0.1416
17.5526 0.3055 0.1445
17.5680 0.3017 0.1474
17.5835 0.2980 0.1503
17.5989 0.2943 0.1534
17.6144 0.2906 0.1566
17.6298 0.2870 0.1599
17.6452 0.2836 0.1633
17.6607 0.2804 0.1667
17.6761 0.2774 0.1700
17.6915 0.2745 0.1733
17.7070 0.2717 0.1764
17.7224 0.2689 0.1794
17.7379 0.2661 0.1824
17.7533 0.2633 0.1852
17.7687 0.2605 0.1881
17.7842 0.2577 0.1910
17.7996 0.2549 0.1940
17.8150 0.2522 0.1968
17.8305 0.2495 0.1997
17.8459 0.2468 0.2026
17.8614 0.2441 0.2054
17.8768 0.2414 0.2083
17.8922 0.2387 0.2113
17.9077 0.2361 0.2142
17.9231 0.2336 0.2172
17.9385 0.2312 0.2202
17.9540 0.2288 0.2232
17.9694 0.2265 0.2261
17.9849 0.2242 0.2290
18.0003 0.2220 0.2318
18.0157 0.2198 0.2346
18.0312 0.2176 0.2373
18.0466 0.2155 0.2400
18.0620 0.2133 0.2427
18.0775 0.2110 0.2453
18.0929 0.2087 0.2480
18.1084 0.2065 0.2508
18.1238 0.2042 0.2536
18.1392 0.2020 0.2566
18.1547 0.1999 0.2595
18.1701 0.1980 0.2625
18.1855 0.1962 0.2655
18.2010 0.1945 0.2683
18.2164 0.1929 0.2711
18.2319 0.1913 0.2737
18.2473 0.1896 0.2762
18.2627 0.1879 0.2788
18.2782 0.1862 0.2813
18.2936 0.1844 0.2838
18.3090 0.1826 0.2864
18.3245 0.1809 0.2890
18.3399 0.1792 0.2916
18.3554 0.1776 0.2943
18.3708 0.1761 0.2970
18.3862 0.1746 0.2996
18.4017 0.1732 0.3022
18.4171 0.1719 0.3047
18.4325 0.1706 0.3072
18.4480 0.1693 0.3096
18.4634 0.1681 0.3119
18.4789 0.1668 0.3142
18.4943 0.1655 0.3164
18.5097 0.1642 0.3187
18.5252 0.1629 0.3209
18.5406 0.1616 0.3231
18.5560 0.1603 0.3253
18.5715 0.1590 0.3275
18.5869 0.1577 0.3297
18.6024 0.1564 0.3319
18.6178 0.1552 0.3341
18.6332 0.1539 0.3363
18.6487 0.1528 0.3384
18.6641 0.1516 0.3406
18.6796 0.1506 0.3427
18.6950 0.1495 0.3448
18.7104 0.1485 0.3467
18.7259 0.1474 0.3487
18.7413 0.1463 0.3506
18.7567 0.1451 0.3525
18.7722 0.1440 0.3544
18.7876 0.1428 0.3563
18.8031 0.1417 0.3582
18.8185 0.1406 0.3602
18.8339 0.1395 0.3621
18.8494 0.1385 0.3639
18.8648 0.1374 0.3657
18.8802 0.1364 0.3675
18.8957 0.1353 0.3693
18.9111 0.1342 0.3711
18.9266 0.1331 0.3729
18.9420 0.1320 0.3747
18.9574 0.1309 0.3765
18.9729 0.1299 0.3783
18.9883 0.1289 0.3801
19.0037 0.1279 0.3818
19.0192 0.1269 0.3835
19.0346 0.1260 0.3852
19.0501 0.1250 0.3868
19.0655 0.1239 0.3885
19.0809 0.1229 0.3901
19.0964 0.1219 0.3918
19.1118 0.1209 0.3934
19.1272 0.1200 0.3950
19.1427 0.1190 0.3966
19.1581 0.1181 0.3982
19.1736 0.1171 0.3997
19.1890 0.1162 0.4013
19.2044 0.1152 0.4027
19.2199 0.1143 0.4042
19.2353 0.1133 0.4056
19.2507 0.1123 0.4070
19.2662 0.1112 0.4084
19.2816 0.1102 0.4098
19.2971 0.1090 0.4112
19.3125 0.1079 0.4126
19.3279 0.1068 0.4140
19.3434 0.1057 0.4155
19.3588 0.1046 0.4170
19.3742 0.1035 0.4184
19.3897 0.1024 0.4199
19.4051 0.1013 0.4213
19.4206 0.1001 0.4228
19.4360 0.0990 0.4242
19.4514 0.0978 0.4257
19.4669 0.0967 0.4273
19.4823 0.0956 0.4288
19.4977 0.0945 0.4304
19.5132 0.0935 0.4319
19.5286 0.0925 0.4334
19.5441 0.0916 0.4349
19.5595 0.0907 0.4364
19.5749 0.0897 0.4377
19.5904 0.0887 0.4391
19.6058 0.0877 0.4404
19.6212 0.0866 0.4417
19.6367 0.0854 0.4430
19.6521 0.0843 0.4444
19.6676 0.0831 0.4458
19.6830 0.0819 0.4473
19.6984 0.0807 0.4489
19.7139 0.0797 0.4504
19.7293 0.0786 0.4520
19.7447 0.0777 0.4535
19.7602 0.0767 0.4550
19.7756 0.0758 0.4564
19.7911 0.0748 0.4578
19.8065 0.0739 0.4591
19.8219 0.0728 0.4604
19.8374 0.0718 0.4617
19.8528 0.0706 0.4631
19.8682 0.0695 0.4644
19.8837 0.0683 0.4658
19.8991 0.0672 0.4672
19.9146 0.0660 0.4687
19.9300 0.0648 0.4701
19.9454 0.0636 0.4716
19.9609 0.0624 0.4732
19.9763 0.0613 0.4747
19.9918 0.0601 0.4763
20.0072 0.0590 0.4780
20.0226 0.0579 0.4796
20.0381 0.0568 0.4813
20.0535 0.0558 0.4830
20.0689 0.0548 0.4846
20.0844 0.0538 0.4863
20.0998 0.0529 0.4879
20.1153 0.0519 0.4895
20.1307 0.0509 0.4911
20.1461 0.0500 0.4927
20.1616 0.0489 0.4943
20.1770 0.0479 0.4960
20.1924 0.0469 0.4977
20.2079 0.0460 0.4995
20.2233 0.0451 0.5013
20.2388 0.0442 0.5031
20.2542 0.0434 0.5049
20.2696 0.0426 0.5066
20.2851 0.0419 0.5084
20.3005 0.0412 0.5101
20.3159 0.0405 0.5118
20.3314 0.0398 0.5135
20.3468 0.0391 0.5152
20.3623 0.0384 0.5169
20.3777 0.0377 0.5186
20.3931 0.0371 0.5203
20.4086 0.0364 0.5220
20.4240 0.0358 0.5237
20.4394 0.0353 0.5254
20.4549 0.0347 0.5271
20.4703 0.0342 0.5288
20.4858 0.0337 0.5304
20.5012 0.0332 0.5321
20.5166 0.0327 0.5337
20.5321 0.0322 0.5353
20.5475 0.0318 0.5370
20.5629 0.0314 0.5385
20.5784 0.0310 0.5401
20.5938 0.0306 0.5417
20.6093 0.0302 0.5432
20.6247 0.0298 0.5447
20.6401 0.0294 0.5462
20.6556 0.0290 0.5477
20.6710 0.0286 0.5492
20.6864 0.0283 0.5507
20.7019 0.0279 0.5521
20.7173 0.0275 0.5536
20.7328 0.0272 0.5550
20.7482 0.0268 0.5564
20.7636 0.0265 0.5578
20.7791 0.0262 0.5592
20.7945 0.0258 0.5606
20.8099 0.0255 0.5620
20.8254 0.0251 0.5634
20.8408 0.0248 0.5647
20.8563 0.0245 0.5661
20.8717 0.0242 0.5674
20.8871 0.0238 0.5687
20.9026 0.0235 0.5700
20.9180 0.0232 0.5713
20.9334 0.0228 0.5726
20.9489 0.0225 0.5739
20.9643 0.0222 0.5752
20.9798 0.0218 0.5765
20.9952 0.0215 0.5778
21.0106 0.0212 0.5791
21.0261 0.0209 0.5804
21.0415 0.0206 0.5817
21.0569 0.0202 0.5830
21.0724 0.0199 0.5842
21.0878 0.0196 0.5855
21.1033 0.0193 0.5868
21.1187 0.0189 0.5881
21.1341 0.0186 0.5893
21.1496 0.0183 0.5906
21.1650 0.0180 0.5919
21.1804 0.0177 0.5932
21.1959 0.0175 0.5945
21.2113 0.0172 0.5958
21.2268 0.0170 0.5970
21.2422 0.0167 0.5983
21.2576 0.0165 0.5995
21.2731 0.0163 0.6008
21.2885 0.0160 0.6020
21.3039 0.0158 0.6032
21.3194 0.0156 0.6045
21.3348 0.0154 0.6057
21.3503 0.0151 0.6069
21.3657 0.0149 0.6081
21.3811 0.0147 0.6094
21.3966 0.0146 0.6106
21.4120 0.0144 0.6118
21.4275 0.0142 0.6130
21.4429 0.0141 0.6142
21.4583 0.0139 0.6154
21.4738 0.0138 0.6166
21.4892 0.0136 0.6177
21.5046 0.0135 0.6189
21.5201 0.0134 0.6200
21.5355 0.0133 0.6212
21.5510 0.0132 0.6223
21.5664 0.0131 0.6235
21.5818 0.0130 0.6246
21.5973 0.0129 0.6257
21.6127 0.0128 0.6268
21.6281 0.0127 0.6279
21.6436 0.0127 0.6289
21.6590 0.0126 0.6300
21.6745 0.0125 0.6310
21.6899 0.0125 0.6320
21.7053 0.0124 0.6330
21.7208 0.0123 0.6341
21.7362 0.0122 0.6351
21.7516 0.0121 0.6360
21.7671 0.0120 0.6370
21.7825 0.0119 0.6380
21.7980 0.0118 0.6390
21.8134 0.0117 0.6400
21.8288 0.0116 0.6410
21.8443 0.0115 0.6420
21.8597 0.0114 0.6429
21.8751 0.0113 0.6439
21.8906 0.0112 0.6448
21.9060 0.0111 0.6458
21.9215 0.0110 0.6467
21.9369 0.0110 0.6477
21.9523 0.0109 0.6486
21.9678 0.0108 0.6496
21.9832 0.0107 0.6505
21.9986 0.0106 0.6514
22.0141 0.0105 0.6524
22.0295 0.0104 0.6533
22.0450 0.0103 0.6542
22.0604 0.0103 0.6551
22.0758 0.0102 0.6560
22.0913 0.0101 0.6570
22.1067 0.0100 0.6579
22.1221 0.0099 0.6588
22.1376 0.0099 0.6597
22.1530 0.0098 0.6606
22.1685 0.0097 0.6614
22.1839 0.0097 0.6623
22.1993 0.0096 0.6632
22.2148 0.0095 0.6641
22.2302 0.0095 0.6649
22.2456 0.0094 0.6658
22.2611 0.0094 0.6667
22.2765 0.0093 0.6675
22.2920 0.0092 0.6684
22.3074 0.0092 0.6692
22.3228 0.0091 0.6701
22.3383 0.0091 0.6709
22.3537 0.0090 0.6717
22.3691 0.0089 0.6726
22.3846 0.0089 0.6734
22.4000 0.0088 0.6742
22.4155 0.0088 0.6750
22.4309 0.0087 0.6758
22.4463 0.0087 0.6766
22.4618 0.0086 0.6774
22.4772 0.0086 0.6782
22.4926 0.0085 0.6790
22.5081 0.0084 0.6798
22.5235 0.0084 0.6806
22.5390 0.0083 0.6814
22.5544 0.0083 0.6822
22.5698 0.0082 0.6830
22.5853 0.0082 0.6838
22.6007 0.0081 0.6846
22.6161 0.0081 0.6853
22.6316 0.0080 0.6861
22.6470 0.0080 0.6869
22.6625 0.0079 0.6877
22.6779 0.0079 0.6884
22.6933 0.0079 0.6892
22.7088 0.0078 0.6899
22.7242 0.0078 0.6907
22.7397 0.0077 0.6915
22.7551 0.0077 0.6922
22.7705 0.0076 0.6930
22.7860 0.0076 0.6937
22.8014 0.0076 0.6945
22.8168 0.0075 0.6952
22.8323 0.0075 0.6959
22.8477 0.0075 0.6967
22.8632 0.0074 0.6974
22.8786 0.0074 0.6981
22.8940 0.0074 0.6989
22.9095 0.0074 0.6996
22.9249 0.0073 0.7003
22.9403 0.0073 0.7010
22.9558 0.0073 0.7017
22.9712 0.0073 0.7025
22.9867 0.0073 0.7032
23.0021 0.0072 0.7039
23.0175 0.0072 0.7046
23.0330 0.0072 0.7053
23.0484 0.0072 0.7060
23.0638 0.0072 0.7067
23.0793 0.0072 0.7074
23.0947 0.0072 0.7080
23.1102 0.0071 0.7087
23.1256 0.0071 0.7094
23.1410 0.0071 0.7101
23.1565 0.0071 0.7108
23.1719 0.0071 0.7114
23.1873 0.0071 0.7121
23.2028 0.0071 0.7128
23.2182 0.0071 0.7134
23.2337 0.0071 0.7141
23.2491 0.0071 0.7147
23.2645 0.0071 0.7154
23.2800 0.0071 0.7160
23.2954 0.0071 0.7167
23.3108 0.0071 0.7173
23.3263 0.0071 0.7180
23.3417 0.0071 0.7186
23.3572 0.0071 0.7192
23.3726 0.0071 0.7199
23.3880 0.0071 0.7205
23.4035 0.0071 0.7211
23.4189 0.0072 0.7217
23.4343 0.0072 0.7224
23.4498 0.0072 0.7230
23.4652 0.0072 0.7236
23.4807 0.0072 0.7242
23.4961 0.0072 0.7249
23.5115 0.0072 0.7255
23.5270 0.0072 0.7261
23.5424 0.0073 0.7267
23.5578 0.0073 0.7273
23.5733 0.0073 0.7279
23.5887 0.0074 0.7285
23.6042 0.0075 0.7291
23.6196 0.0075 0.7297
23.6350 0.0076 0.7303
23.6505 0.0076 0.7308
23.6659 0.0077 0.7314
23.6813 0.0078 0.7319
23.6968 0.0078 0.7324
23.7122 0.0079 0.7330
23.7277 0.0079 0.7335
23.7431 0.0079 0.7340
23.7585 0.0080 0.7344
23.7740 0.0080 0.7349
23.7894 0.0080 0.7354
23.8048 0.0080 0.7359
23.8203 0.0080 0.7364
23.8357 0.0079 0.7369
23.8512 0.0079 0.7373
23.8666 0.0078 0.7379
23.8820 0.0078 0.7384
23.8975 0.0077 0.7389
23.9129 0.0077 0.7394
23.9283 0.0077 0.7400
23.9438 0.0076 0.7405
23.9592 0.0076 0.7411
23.9747 0.0076 0.7416
23.9901 0.0076 0.7422
24.0055 0.0076 0.7427
24.0210 0.0077 0.7433
24.0364 0.0077 0.7438
24.0519 0.0077 0.7443
24.0673 0.0077 0.7448
24.0827 0.0078 0.7453
24.0982 0.0078 0.7458
24.1136 0.0078 0.7463
24.1290 0.0078 0.7467
24.1445 0.0078 0.7472
24.1599 0.0078 0.7477
24.1754 0.0078 0.7482
24.1908 0.0077 0.7487
24.2062 0.0077 0.7492
24.2217 0.0077 0.7497
24.2371 0.0077 0.7502
24.2525 0.0077 0.7507
24.2680 0.0077 0.7512
24.2834 0.0077 0.7516
24.2989 0.0077 0.7521
24.3143 0.0077 0.7526
24.3297 0.0077 0.7531
24.3452 0.0077 0.7536
24.3606 0.0077 0.7541
24.3760 0.0077 0.7546
24.3915 0.0077 0.7551
24.4069 0.0078 0.7556
24.4224 0.0078 0.7560
24.4378 0.0078 0.7565
24.4532 0.0078 0.7570
24.4687 0.0078 0.7575
24.4841 0.0078 0.7580
24.4995 0.0079 0.7585
24.5150 0.0079 0.7589
24.5304 0.0079 0.7594
24.5459 0.0080 0.7599
24.5613 0.0080 0.7604
24.5767 0.0080 0.7609
24.5922 0.0081 0.7614
24.6076 0.0081 0.7618
24.6230 0.0082 0.7623
24.6385 0.0083 0.7628
24.6539 0.0084 0.7632
24.6694 0.0085 0.7637
24.6848 0.0086 0.7641
24.7002 0.0087 0.7646
24.7157 0.0088 0.7650
24.7311 0.0089 0.7654
24.7465 0.0090 0.7658
24.7620 0.0091 0.7662
24.7774 0.0092 0.7665
24.7929 0.0093 0.7669
24.8083 0.0094 0.7672
24.8237 0.0095 0.7676
24.8392 0.0096 0.7679
24.8546 0.0097 0.7682
24.8700 0.0098 0.7685
24.8855 0.0099 0.7688
24.9009 0.0099 0.7691
24.9164 0.0100 0.7693
24.9318 0.0100 0.7696
24.9472 0.0100 0.7698
24.9627 0.0100 0.7701
24.9781 0.0100 0.7703
24.9935 0.0100 0.7706
25.0090 0.0099 0.7709
25.0244 0.0099 0.7712
25.0399 0.0098 0.7715
25.0553 0.0098 0.7718
25.0707 0.0097 0.7721
25.0862 0.0097 0.7724
25.1016 0.0097 0.7726
25.1170 0.0096 0.7729
25.1325 0.0096 0.7732
25.1479 0.0095 0.7735
25.1634 0.0094 0.7738
25.1788 0.0094 0.7740
25.1942 0.0093 0.7743
25.2097 0.0092 0.7746
25.2251 0.0091 0.7749
25.2405 0.0089 0.7752
25.2560 0.0088 0.7755
25.2714 0.0086 0.7758
25.2869 0.0085 0.7761
25.3023 0.0083 0.7764
25.3177 0.0082 0.7768
25.3332 0.0080 0.7772
25.3486 0.0079 0.7776
25.3641 0.0078 0.7779
25.3795 0.0077 0.7783
25.3949 0.0075 0.7787
25.4104 0.0074 0.7791
25.4258 0.0073 0.7795
25.4412 0.0072 0.7799
25.4567 0.0071 0.7803
25.4721 0.0070 0.7807
25.4876 0.0069 0.7812
25.5030 0.0069 0.7816
25.5184 0.0068 0.7820
25.5339 0.0067 0.7824
25.5493 0.0066 0.7828
25.5647 0.0065 0.7832
25.5802 0.0065 0.7837
25.5956 0.0064 0.7841
25.6111 0.0064 0.7845
25.6265 0.0063 0.7849
25.6419 0.0063 0.7854
25.6574 0.0062 0.7858
25.6728 0.0062 0.7862
25.6882 0.0062 0.7866
25.7037 0.0062 0.7870
25.7191 0.0062 0.7874
25.7346 0.0061 0.7879
25.7500 0.0061 0.7882
25.7654 0.0061 0.7886
25.7809 0.0061 0.7890
25.7963 0.0061 0.7894
25.8117 0.0061 0.7898
25.8272 0.0061 0.7902
25.8426 0.0061 0.7905
25.8581 0.0061 0.7909
25.8735 0.0061 0.7913
25.8889 0.0061 0.7916
25.9044 0.0061 0.7920
25.9198 0.0060 0.7924
25.9352 0.0060 0.7928
25.9507 0.0060 0.7931
25.9661 0.0060 0.7935
25.9816 0.0060 0.7939
25.9970 0.0060 0.7943
26.0124 0.0060 0.7947
26.0279 0.0060 0.7951
26.0433 0.0060 0.7955
26.0587 0.0060 0.7958
26.0742 0.0060 0.7962
26.0896 0.0060 0.7966
26.1051 0.0061 0.7970
26.1205 0.0061 0.7974
26.1359 0.0062 0.7978
26.1514 0.0063 0.7981
26.1668 0.0063 0.7985
26.1822 0.0064 0.7988
26.1977 0.0065 0.7991
26.2131 0.0065 0.7994
26.2286 0.0066 0.7997
26.2440 0.0066 0.8000
26.2594 0.0067 0.8003
26.2749 0.0067 0.8006
26.2903 0.0068 0.8009
26.3057 0.0068 0.8012
26.3212 0.0068 0.8015
26.3366 0.0069 0.8018
26.3521 0.0069 0.8021
26.3675 0.0070 0.8024
26.3829 0.0070 0.8027
26.3984 0.0070 0.8029
26.4138 0.0071 0.8032
26.4292 0.0071 0.8035
26.4447 0.0072 0.8037
26.4601 0.0072 0.8040
26.4756 0.0072 0.8043
26.4910 0.0072 0.8045
26.5064 0.0072 0.8048
26.5219 0.0073 0.8050
26.5373 0.0073 0.8053
26.5527 0.0073 0.8055
26.5682 0.0073 0.8058
26.5836 0.0073 0.8060
26.5991 0.0073 0.8063
26.6145 0.0074 0.8065
26.6299 0.0074 0.8067
26.6454 0.0074 0.8070
26.6608 0.0074 0.8072
26.6763 0.0074 0.8074
26.6917 0.0074 0.8076
26.7071 0.0074 0.8078
26.7226 0.0073 0.8080
26.7380 0.0073 0.8082
26.7534 0.0073 0.8084
26.7689 0.0072 0.8086
26.7843 0.0071 0.8089
26.7998 0.0071 0.8091
26.8152 0.0070 0.8093
26.8306 0.0070 0.8095
26.8461 0.0069 0.8098
26.8615 0.0069 0.8100
26.8769 0.0068 0.8102
26.8924 0.0067 0.8105
26.9078 0.0066 0.8107
26.9233 0.0066 0.8110
26.9387 0.0065 0.8112
26.9541 0.0064 0.8115
26.9696 0.0063 0.8118
26.9850 0.0062 0.8120
27.0004 0.0062 0.8123
27.0159 0.0061 0.8126
27.0313 0.0060 0.8129
27.0468 0.0060 0.8132
27.0622 0.0059 0.8135
27.0776 0.0059 0.8138
27.0931 0.0058 0.8141
27.1085 0.0058 0.8144
27.1239 0.0058 0.8146
27.1394 0.0058 0.8149
27.1548 0.0057 0.8152
27.1703 0.0057 0.8155
27.1857 0.0057 0.8158
27.2011 0.0057 0.8160
27.2166 0.0057 0.8163
27.2320 0.0056 0.8166
27.2474 0.0056 0.8168
27.2629 0.0056 0.8171
27.2783 0.0056 0.8173
27.2938 0.0056 0.8175
27.3092 0.0056 0.8178
27.3246 0.0055 0.8180
27.3401 0.0055 0.8183
27.3555 0.0055 0.8185
27.3709 0.0054 0.8187
27.3864 0.0054 0.8190
27.4018 0.0053 0.8192
27.4173 0.0053 0.8194
27.4327 0.0052 0.8197
27.4481 0.0052 0.8199
27.4636 0.0051 0.8202
27.4790 0.0051 0.8204
27.4944 0.0050 0.8206
27.5099 0.0050 0.8209
27.5253 0.0049 0.8211
27.5408 0.0048 0.8214
27.5562 0.0048 0.8216
27.5716 0.0047 0.8219
27.5871 0.0046 0.8221
27.6025 0.0046 0.8224
27.6179 0.0045 0.8226
27.6334 0.0044 0.8229
27.6488 0.0044 0.8232
27.6643 0.0043 0.8235
27.6797 0.0043 0.8237
27.6951 0.0042 0.8240
27.7106 0.0042 0.8243
27.7260 0.0042 0.8246
27.7414 0.0042 0.8248
27.7569 0.0041 0.8251
27.7723 0.0041 0.8253
27.7878 0.0041 0.8256
27.8032 0.0040 0.8258
27.8186 0.0040 0.8260
27.8341 0.0040 0.8263
27.8495 0.0039 0.8265
27.8649 0.0038 0.8267
27.8804 0.0038 0.8270
27.8958 0.0037 0.8272
27.9113 0.0036 0.8275
27.9267 0.0036 0.8277
27.9421 0.0035 0.8280
27.9576 0.0034 0.8283
27.9730 0.0033 0.8286
27.9885 0.0033 0.8288
28.0039 0.0032 0.8291
28.0193 0.0032 0.8294
28.0348 0.0031 0.8297
28.0502 0.0031 0.8300
28.0656 0.0031 0.8303
28.0811 0.0030 0.8306
28.0965 0.0030 0.8309
28.1120 0.0030 0.8312
28.1274 0.0030 0.8315
28.1428 0.0029 0.8318
28.1583 0.0029 0.8320
28.1737 0.0029 0.8323
28.1891 0.0029 0.8326
28.2046 0.0030 0.8329
28.2200 0.0030 0.8332
28.2355 0.0030 0.8334
28.2509 0.0030 0.8337
28.2663 0.0030 0.8339
28.2818 0.0031 0.8342
28.2972 0.0031 0.8344
28.3126 0.0031 0.8346
28.3281 0.0031 0.8348
28.3435 0.0031 0.8350
28.3590 0.0031 0.8352
28.3744 0.0031 0.8355
28.3898 0.0030 0.8357
28.4053 0.0030 0.8359
28.4207 0.0030 0.8361
28.4361 0.0029 0.8363
28.4516 0.0029 0.8365
28.4670 0.0029 0.8368
28.4825 0.0028 0.8370
28.4979 0.0028 0.8372
28.5133 0.0028 0.8375
28.5288 0.0027 0.8377
28.5442 0.0027 0.8380
28.5596 0.0026 0.8382
28.5751 0.0026 0.8385
28.5905 0.0026 0.8387
28.6060 0.0026 0.8390
28.6214 0.0026 0.8392
28.6368 0.0025 0.8395
28.6523 0.0025 0.8397
28.6677 0.0025 0.8400
28.6831 0.0025 0.8402
28.6986 0.0025 0.8405
28.7140 0.0025 0.8407
28.7295 0.0025 0.8410
28.7449 0.0025 0.8412
28.7603 0.0025 0.8414
28.7758 0.0025 0.8417
28.7912 0.0025 0.8419
28.8066 0.0025 0.8421
28.8221 0.0025 0.8424
28.8375 0.0025 0.8426
28.8530 0.0025 0.8428
28.8684 0.0025 0.8431
28.8838 0.0025 0.8433
28.8993 0.0025 0.8435
28.9147 0.0025 0.8437
28.9301 0.0024 0.8440
28.9456 0.0024 0.8442
28.9610 0.0024 0.8444
28.9765 0.0025 0.8447
28.9919 0.0025 0.8449
29.0073 0.0025 0.8451
29.0228 0.0025 0.8453
29.0382 0.0025 0.8456
29.0536 0.0025 0.8458
29.0691 0.0025 0.8460
29.0845 0.0025 0.8462
29.1000 0.0025 0.8464
29.1154 0.0025 0.8466
29.1308 0.0025 0.8469
29.1463 0.0026 0.8471
29.1617 0.0026 0.8473
29.1771 0.0026 0.8475
29.1926 0.0026 0.8477
29.2080 0.0026 0.8479
29.2235 0.0026 0.8481
29.2389 0.0026 0.8483
29.2543 0.0026 0.8484
29.2698 0.0026 0.8486
29.2852 0.0026 0.8488
29.3006 0.0026 0.8490
29.3161 0.0026 0.8492
29.3315 0.0026 0.8494
29.3470 0.0026 0.8496
29.3624 0.0026 0.8497
29.3778 0.0026 0.8499
29.3933 0.0026 0.8501
29.4087 0.0026 0.8503
29.4242 0.0026 0.8505
29.4396 0.0026 0.8507
29.4550 0.0026 0.8509
29.4705 0.0026 0.8511
29.4859 0.0025 0.8512
29.5013 0.0025 0.8514
29.5168 0.0025 0.8516
29.5322 0.0025 0.8518
29.5477 0.0025 0.8520
29.5631 0.0025 0.8522
29.5785 0.0025 0.8524
29.5940 0.0025 0.8525
29.6094 0.0025 0.8527
29.6248 0.0025 0.8529
29.6403 0.0024 0.8531
29.6557 0.0024 0.8533
29.6712 0.0024 0.8535
29.6866 0.0024 0.8536
29.7020 0.0024 0.8538
29.7175 0.0024 0.8540
29.7329 0.0024 0.8542
29.7483 0.0024 0.8544
29.7638 0.0023 0.8545
29.7792 0.0023 0.8547
29.7947 0.0023 0.8549
29.8101 0.0023 0.8551
29.8255 0.0023 0.8552
29.8410 0.0023 0.8554
29.8564 0.0022 0.8556
29.8718 0.0022 0.8558
29.8873 0.0022 0.8559
29.9027 0.0021 0.8561
29.9182 0.0021 0.8563
29.9336 0.0021 0.8565
29.9490 0.0021 0.8567
29.9645 0.0020 0.8568
29.9799 0.0020 0.8570
29.9953 0.0020 0.8572
30.0108 0.0020 0.8574
30.0262 0.0019 0.8576
30.0417 0.0019 0.8578
30.0571 0.0019 0.8580
30.0725 0.0019 0.8582
30.0880 0.0019 0.8584
30.1034 0.0018 0.8586
30.1188 0.0018 0.8587
30.1343 0.0018 0.8589
30.1497 0.0018 0.8591
30.1652 0.0018 0.8593
30.1806 0.0018 0.8595
30.1960 0.0018 0.8596
30.2115 0.0017 0.8598
30.2269 0.0017 0.8600
30.2423 0.0017 0.8602
30.2578 0.0017 0.8604
30.2732 0.0017 0.8605
30.2887 0.0016 0.8607
30.3041 0.0016 0.8609
30.3195 0.0016 0.8611
30.3350 0.0016 0.8613
30.3504 0.0016 0.8614
30.3658 0.0015 0.8616
30.3813 0.0015 0.8618
30.3967 0.0015 0.8620
30.4122 0.0015 0.8622
30.4276 0.0015 0.8623
30.4430 0.0014 0.8625
30.4585 0.0014 0.8627
30.4739 0.0014 0.8629
30.4893 0.0014 0.8631
30.5048 0.0014 0.8633
30.5202 0.0013 0.8634
30.5357 0.0013 0.8636
30.5511 0.0013 0.8638
30.5665 0.0013 0.8640
30.5820 0.0013 0.8642
30.5974 0.0013 0.8644
30.6128 0.0012 0.8646
30.6283 0.0012 0.8647
30.6437 0.0012 0.8649
30.6592 0.0012 0.8651
30.6746 0.0012 0.8653
30.6900 0.0012 0.8655
30.7055 0.0012 0.8657
30.7209 0.0012 0.8658
30.7364 0.0012 0.8660
30.7518 0.0012 0.8662
30.7672 0.0012 0.8664
30.7827 0.0012 0.8666
30.7981 0.0012 0.8667
30.8135 0.0011 0.8669
30.8290 0.0011 0.8671
30.8444 0.0011 0.8673
30.8599 0.0011 0.8674
30.8753 0.0011 0.8676
30.8907 0.0011 0.8678
30.9062 0.0011 0.8680
30.9216 0.0011 0.8681
30.9370 0.0011 0.8683
30.9525 0.0011 0.8685
30.9679 0.0011 0.8686
30.9834 0.0011 0.8688
30.9988 0.0011 0.8690
31.0142 0.0011 0.8692
31.0297 0.0011 0.8693
31.0451 0.0011 0.8695
31.0605 0.0011 0.8697
31.0760 0.0011 0.8698
31.0914 0.0011 0.8700
31.1069 0.0011 0.8702
31.1223 0.0011 0.8703
31.1377 0.0011 0.8705
31.1532 0.0011 0.8707
31.1686 0.0011 0.8708
31.1840 0.0011 0.8710
31.1995 0.0011 0.8712
31.2149 0.0011 0.8713
31.2304 0.0011 0.8715
31.2458 0.0011 0.8716
31.2612 0.0010 0.8718
31.2767 0.0010 0.8720
31.2921 0.0010 0.8721
31.3075 0.0010 0.8723
31.3230 0.0010 0.8724
31.3384 0.0010 0.8726
31.3539 0.0010 0.8728
31.3693 0.0010 0.8729
31.3847 0.0010 0.8731
31.4002 0.0010 0.8732
31.4156 0.0010 0.8734
31.4310 0.0010 0.8736
31.4465 0.0010 0.8737
31.4619 0.0010 0.8739
31.4774 0.0010 0.8740
31.4928 0.0010 0.8742
31.5082 0.0010 0.8743
31.5237 0.0010 0.8745
31.5391 0.0010 0.8746
31.5545 0.0010 0.8748
31.5700 0.0010 0.8750
31.5854 0.0010 0.8751
31.6009 0.0010 0.8753
31.6163 0.0010 0.8754
31.6317 0.0010 0.8756
31.6472 0.0010 0.8757
31.6626 0.0010 0.8759
31.6780 0.0010 0.8760
31.6935 0.0010 0.8762
31.7089 0.0010 0.8763
31.7244 0.0010 0.8765
31.7398 0.0010 0.8766
31.7552 0.0010 0.8768
31.7707 0.0010 0.8769
31.7861 0.0010 0.8771
31.8015 0.0010 0.8772
31.8170 0.0010 0.8774
31.8324 0.0010 0.8775
31.8479 0.0010 0.8777
31.8633 0.0010 0.8778
31.8787 0.0010 0.8780
31.8942 0.0010 0.8781
31.9096 0.0010 0.8783
31.9250 0.0009 0.8784
31.9405 0.0009 0.8786
31.9559 0.0009 0.8787
31.9714 0.0009 0.8789
31.9868 0.0009 0.8790
32.0022 0.0009 0.8791
32.0177 0.0009 0.8793
32.0331 0.0009 0.8794
32.0486 0.0009 0.8796
32.0640 0.0009 0.8797
32.0794 0.0009 0.8799
32.0949 0.0009 0.8800
32.1103 0.0009 0.8802
32.1257 0.0009 0.8803
32.1412 0.0009 0.8804
32.1566 0.0009 0.8806
32.1721 0.0009 0.8807
32.1875 0.0009 0.8809
32.2029 0.0009 0.8810
32.2184 0.0009 0.8811
32.2338 0.0009 0.8813
32.2492 0.0009 0.8814
32.2647 0.0009 0.8816
32.2801 0.0009 0.8817
32.2956 0.0009 0.8818
32.3110 0.0009 0.8820
32.3264 0.0009 0.8821
32.3419 0.0009 0.8823
32.3573 0.0009 0.8824
32.3727 0.0009 0.8825
32.3882 0.0009 0.8827
32.4036 0.0009 0.8828
32.4191 0.0009 0.8830
32.4345 0.0009 0.8831
32.4499 0.0009 0.8832
32.4654 0.0009 0.8834
32.4808 0.0009 0.8835
32.4962 0.0009 0.8836
32.5117 0.0009 0.8838
32.5271 0.0009 0.8839
32.5426 0.0009 0.8840
32.5580 0.0009 0.8842
32.5734 0.0009 0.8843
32.5889 0.0009 0.8844
32.6043 0.0009 0.8846
32.6197 0.0009 0.8847
32.6352 0.0009 0.8848
32.6506 0.0009 0.8850
32.6661 0.0009 0.8851
32.6815 0.0009 0.8852
32.6969 0.0009 0.8854
32.7124 0.0009 0.8855
32.7278 0.0009 0.8856
32.7432 0.0009 0.8858
32.7587 0.0009 0.8859
32.7741 0.0008 0.8860
32.7896 0.0008 0.8862
32.8050 0.0008 0.8863
32.8204 0.0008 0.8864
32.8359 0.0008 0.8866
32.8513 0.0008 0.8867
32.8667 0.0008 0.8868
32.8822 0.0008 0.8870
32.8976 0.0008 0.8871
32.9131 0.0008 0.8872
32.9285 0.0008 0.8873
32.9439 0.0008 0.8875
32.9594 0.0008 0.8876
32.9748 0.0008 0.8877
32.9902 0.0008 0.8879
33.0057 0.0008 0.8880
33.0211 0.0008 0.8881
33.0366 0.0008 0.8882
33.0520 0.0008 0.8884
33.0674 0.0008 0.8885
33.0829 0.0008 0.8886
33.0983 0.0008 0.8887
33.1137 0.0008 0.8889
33.1292 0.0008 0.8890
33.1446 0.0008 0.8891
33.1601 0.0008 0.8892
33.1755 0.0008 0.8894
33.1909 0.0008 0.8895
33.2064 0.0008 0.8896
33.2218 0.0008 0.8897
33.2372 0.0008 0.8899
33.2527 0.0008 0.8900
33.2681 0.0008 0.8901
33.2836 0.0008 0.8902
33.2990 0.0008 0.8904
33.3144 0.0008 0.8905
33.3299 0.0008 0.8906
33.3453 0.0008 0.8907
33.3608 0.0008 0.8908
33.3762 0.0008 0.8910
33.3916 0.0008 0.8911
33.4071 0.0008 0.8912
33.4225 0.0008 0.8913
33.4379 0.0008 0.8915
33.4534 0.0008 0.8916
33.4688 0.0008 0.8917
33.4843 0.0008 0.8918
33.4997 0.0008 0.8919
33.5151 0.0008 0.8921
33.5306 0.0008 0.8922
33.5460 0.0008 0.8923
33.5614 0.0008 0.8924
33.5769 0.0008 0.8925
33.5923 0.0008 0.8927
33.6078 0.0008 0.8928
33.6232 0.0008 0.8929
33.6386 0.0008 0.8930
33.6541 0.0008 0.8931
33.6695 0.0008 0.8932
33.6849 0.0008 0.8934
33.7004 0.0008 0.8935
33.7158 0.0008 0.8936
33.7313 0.0008 0.8937
33.7467 0.0008 0.8938
33.7621 0.0008 0.8939
33.7776 0.0008 0.8941
33.7930 0.0008 0.8942
33.8084 0.0008 0.8943
33.8239 0.0007 0.8944
33.8393 0.0007 0.8945
33.8548 0.0007 0.8946
33.8702 0.0007 0.8948
33.8856 0.0007 0.8949
33.9011 0.0007 0.8950
33.9165 0.0007 0.8951
33.9319 0.0007 0.8952
33.9474 0.0007 0.8953
33.9628 0.0007 0.8954
33.9783 0.0007 0.8956
33.9937 0.0007 0.8957
34.0091 0.0007 0.8958
34.0246 0.0007 0.8959
34.0400 0.0007 0.8960
34.0554 0.0007 0.8961
34.0709 0.0007 0.8962
34.0863 0.0007 0.8963
34.1018 0.0007 0.8965
34.1172 0.0007 0.8966
34.1326 0.0007 0.8967
34.1481 0.0007 0.8968
34.1635 0.0007 0.8969
34.1789 0.0007 0.8970
34.1944 0.0007 0.8971
34.2098 0.0007 0.8972
34.2253 0.0007 0.8974
34.2407 0.0007 0.8975
34.2561 0.0007 0.8976
34.2716 0.0007 0.8977
34.2870 0.0007 0.8978
34.3024 0.0007 0.8979
34.3179 0.0007 0.8980
34.3333 0.0007 0.8981
34.3488 0.0007 0.8982
34.3642 0.0007 0.8983
34.3796 0.0007 0.8984
34.3951 0.0007 0.8986
34.4105 0.0007 0.8987
34.4259 0.0007 0.8988
34.4414 0.0007 0.8989
34.4568 0.0007 0.8990
34.4723 0.0007 0.8991
34.4877 0.0007 0.8992
34.5031 0.0007 0.8993
34.5186 0.0007 0.8994
34.5340 0.0007 0.8995
34.5494 0.0007 0.8996
34.5649 0.0007 0.8997
34.5803 0.0007 0.8998
34.5958 0.0007 0.8999
34.6112 0.0007 0.9001
34.6266 0.0007 0.9002
34.6421 0.0007 0.9003
34.6575 0.0007 0.9004
34.6730 0.0007 0.9005
34.6884 0.0007 0.9006
34.7038 0.0007 0.9007
34.7193 0.0007 0.9008
34.7347 0.0007 0.9009
34.7501 0.0007 0.9010
34.7656 0.0007 0.9011
34.7810 0.0007 0.9012
34.7965 0.0007 0.9013
34.8119 0.0007 0.9014
34.8273 0.0007 0.9015
34.8428 0.0007 0.9016
34.8582 0.0007 0.9017
34.8736 0.0007 0.9018
34.8891 0.0007 0.9019
34.9045 0.0007 0.9020
34.9200 0.0007 0.9021
34.9354 0.0007 0.9022
34.9508 0.0007 0.9023
34.9663 0.0007 0.9024
34.9817 0.0007 0.9025
34.9971 0.0007 0.9026
35.0126 0.0007 0.9027
35.0280 0.0007 0.9028
35.0435 0.0007 0.9029
35.0589 0.0007 0.9030
35.0743 0.0007 0.9031
35.0898 0.0007 0.9032
35.1052 0.0006 0.9033
35.1206 0.0006 0.9034
35.1361 0.0006 0.9035
35.1515 0.0006 0.9036
35.1670 0.0006 0.9037
35.1824 0.0006 0.9038
35.1978 0.0006 0.9039
35.2133 0.0006 0.9040
35.2287 0.0006 0.9041
35.2441 0.0006 0.9042
35.2596 0.0006 0.9043
35.2750 0.0006 0.9044
35.2905 0.0006 0.9045
35.3059 0.0006 0.9046
35.3213 0.0006 0.9047
35.3368 0.0006 0.9048
35.3522 0.0006 0.9049
35.3676 0.0006 0.9050
35.3831 0.0006 0.9051
35.3985 0.0006 0.9052
35.4140 0.0006 0.9053
35.4294 0.0006 0.9054
35.4448 0.0006 0.9055
35.4603 0.0006 0.9056
35.4757 0.0006 0.9057
35.4911 0.0006 0.9058
35.5066 0.0006 0.9059
35.5220 0.0006 0.9060
35.5375 0.0006 0.9061
35.5529 0.0006 0.9062
35.5683 0.0006 0.9063
35.5838 0.0006 0.9064
35.5992 0.0006 0.9065
35.6146 0.0006 0.9066
35.6301 0.0006 0.9067
35.6455 0.0006 0.9068
35.6610 0.0006 0.9068
35.6764 0.0006 0.9069
35.6918 0.0006 0.9070
35.7073 0.0006 0.9071
35.7227 0.0006 0.9072
35.7381 0.0006 0.9073
35.7536 0.0006 0.9074
35.7690 0.0006 0.9075
35.7845 0.0006 0.9076
35.7999 0.0006 0.9077
35.8153 0.0006 0.9078
35.8308 0.0006 0.9079
35.8462 0.0006 0.9080
35.8616 0.0006 0.9081
35.8771 0.0006 0.9082
35.8925 0.0006 0.9082
35.9080 0.0006 0.9083
35.9234 0.0006 0.9084
35.9388 0.0006 0.9085
35.9543 0.0006 0.9086
35.9697 0.0006 0.9087
35.9852 0.0006 0.9088
36.0006 0.0006 0.9089
36.0160 0.0006 0.9090
36.0315 0.0006 0.9091
36.0469 0.0006 0.9092
36.0623 0.0006 0.9093
36.0778 0.0006 0.9093
36.0932 0.0006 0.9094
36.1087 0.0006 0.9095
36.1241 0.0006 0.9096
36.1395 0.0006 0.9097
36.1550 0.0006 0.9098
36.1704 0.0006 0.9099
36.1858 0.0006 0.9100
36.2013 0.0006 0.9101
36.2167 0.0006 0.9101
36.2322 0.0006 0.9102
36.2476 0.0006 0.9103
36.2630 0.0006 0.9104
36.2785 0.0006 0.9105
36.2939 0.0006 0.9106
36.3093 0.0006 0.9107
36.3248 0.0006 0.9108
36.3402 0.0006 0.9109
36.3557 0.0006 0.9109
36.3711 0.0006 0.9110
36.3865 0.0006 0.9111
36.4020 0.0006 0.9112
36.4174 0.0006 0.9113
36.4328 0.0006 0.9114
36.4483 0.0006 0.9115
36.4637 0.0006 0.9116
36.4792 0.0006 0.9116
36.4946 0.0006 0.9117
36.5100 0.0006 0.9118
36.5255 0.0006 0.9119
36.5409 0.0006 0.9120
36.5563 0.0006 0.9121
36.5718 0.0006 0.9122
36.5872 0.0006 0.9122
36.6027 0.0006 0.9123
36.6181 0.0006 0.9124
36.6335 0.0006 0.9125
36.6490 0.0006 0.9126
36.6644 0.0006 0.9127
36.6798 0.0006 0.9128
36.6953 0.0005 0.9128
36.7107 0.0005 0.9129
36.7262 0.0005 0.9130
36.7416 0.0005 0.9131
36.7570 0.0005 0.9132
36.7725 0.0005 0.9133
36.7879 0.0005 0.9134
36.8033 0.0005 0.9134
36.8188 0.0005 0.9135
36.8342 0.0005 0.9136
36.8497 0.0005 0.9137
36.8651 0.0005 0.9138
36.8805 0.0005 0.9139
36.8960 0.0005 0.9139
36.9114 0.0005 0.9140
36.9268 0.0005 0.9141
36.9423 0.0005 0.9142
36.9577 0.0005 0.9143
36.9732 0.0005 0.9144
36.9886 0.0005 0.9144
37.0040 0.0005 0.9145
37.0195 0.0005 0.9146
37.0349 0.0005 0.9147
