0.0000 0.0000 16.8955
0.0149 1.2851 16.8097
0.0297 2.5533 16.5485
0.0446 3.7789 16.1028
0.0595 4.9229 15.4680
0.0743 5.9353 14.6546
0.0892 6.7654 13.6965
0.1041 7.3768 12.6510
0.1190 7.7600 11.5888
0.1338 7.9368 10.5770
0.1487 7.9528 9.6630
0.1636 7.8624 8.8673
0.1784 7.7140 8.1859
0.1933 7.5409 7.6002
0.2082 7.3603 7.0877
0.2230 7.1774 6.6295
0.2379 6.9908 6.2132
0.2528 6.7969 5.8329
0.2677 6.5933 5.4877
0.2825 6.3809 5.1797
0.2974 6.1642 4.9112
0.3123 5.9505 4.6816
0.3271 5.7471 4.4868
0.3420 5.5590 4.3191
0.3569 5.3868 4.1707
0.3717 5.2284 4.0353
0.3866 5.0802 3.9092
0.4015 4.9392 3.7913
0.4164 4.8033 3.6813
0.4312 4.6714 3.5798
0.4461 4.5431 3.4870
0.4610 4.4188 3.4032
0.4758 4.2991 3.3284
0.4907 4.1848 3.2620
0.5056 4.0767 3.2030
0.5204 3.9751 3.1501
0.5353 3.8799 3.1020
0.5502 3.7907 3.0575
0.5651 3.7071 3.0157
0.5799 3.6285 2.9756
0.5948 3.5539 2.9364
0.6097 3.4818 2.8976
0.6245 3.4109 2.8595
0.6394 3.3401 2.8234
0.6543 3.2694 2.7906
0.6691 3.1997 2.7627
0.6840 3.1328 2.7401
0.6989 3.0706 2.7220
0.7138 3.0145 2.7066
0.7286 2.9644 2.6913
0.7435 2.9190 2.6740
0.7584 2.8759 2.6536
0.7732 2.8325 2.6305
0.7881 2.7869 2.6065
0.8030 2.7384 2.5840
0.8178 2.6881 2.5655
0.8327 2.6383 2.5524
0.8476 2.5917 2.5445
0.8625 2.5505 2.5401
0.8773 2.5156 2.5362
0.8922 2.4861 2.5299
0.9071 2.4594 2.5194
0.9219 2.4323 2.5045
0.9368 2.4023 2.4870
0.9517 2.3683 2.4699
0.9665 2.3311 2.4560
0.9814 2.2933 2.4470
0.9963 2.2575 2.4430
1.0112 2.2262 2.4424
1.0260 2.2002 2.4426
1.0409 2.1788 2.4410
1.0558 2.1602 2.4358
1.0706 2.1417 2.4267
1.0855 2.1211 2.4149
1.1004 2.0971 2.4026
1.1152 2.0703 2.3921
1.1301 2.0422 2.3852
1.1450 2.0151 2.3820
1.1599 1.9908 2.3816
1.1747 1.9701 2.3822
1.1896 1.9526 2.3820
1.2045 1.9373 2.3799
1.2193 1.9226 2.3754
1.2342 1.9073 2.3692
1.2491 1.8906 2.3622
1.2639 1.8726 2.3556
1.2788 1.8536 2.3500
1.2937 1.8344 2.3461
1.3086 1.8157 2.3437
1.3234 1.7981 2.3425
1.3383 1.7821 2.3422
1.3532 1.7676 2.3420
1.3680 1.7546 2.3415
1.3829 1.7428 2.3401
1.3978 1.7317 2.3377
1.4126 1.7205 2.3340
1.4275 1.7086 2.3294
1.4424 1.6954 2.3245
1.4573 1.6810 2.3204
1.4721 1.6658 2.3178
1.4870 1.6508 2.3172
1.5019 1.6372 2.3184
1.5167 1.6258 2.3206
1.5316 1.6168 2.3223
1.5465 1.6096 2.3225
1.5613 1.6029 2.3205
1.5762 1.5953 2.3167
1.5911 1.5860 2.3120
1.6060 1.5748 2.3078
1.6208 1.5625 2.3052
1.6357 1.5501 2.3047
1.6506 1.5388 2.3059
1.6654 1.5294 2.3081
1.6803 1.5219 2.3101
1.6952 1.5160 2.3111
1.7100 1.5106 2.3105
1.7249 1.5049 2.3086
1.7398 1.4983 2.3059
1.7547 1.4906 2.3032
1.7695 1.4820 2.3011
1.7844 1.4730 2.3000
1.7993 1.4642 2.3000
1.8141 1.4560 2.3010
1.8290 1.4488 2.3026
1.8439 1.4428 2.3043
1.8587 1.4381 2.3057
1.8736 1.4341 2.3060
1.8885 1.4302 2.3051
1.9033 1.4257 2.3032
1.9182 1.4201 2.3009
1.9331 1.4132 2.2991
1.9480 1.4057 2.2985
1.9628 1.3982 2.2994
1.9777 1.3917 2.3015
1.9926 1.3867 2.3042
2.0074 1.3833 2.3065
2.0223 1.3808 2.3078
2.0372 1.3785 2.3077
2.0520 1.3756 2.3067
2.0669 1.3718 2.3053
2.0818 1.3670 2.3043
2.0967 1.3616 2.3041
2.1115 1.3563 2.3049
2.1264 1.3516 2.3066
2.1413 1.3479 2.3088
2.1561 1.3451 2.3110
2.1710 1.3432 2.3127
2.1859 1.3418 2.3136
2.2007 1.3403 2.3135
2.2156 1.3383 2.3129
2.2305 1.3353 2.3122
2.2454 1.3317 2.3120
2.2602 1.3277 2.3128
2.2751 1.3242 2.3145
2.2900 1.3216 2.3169
2.3048 1.3200 2.3193
2.3197 1.3193 2.3212
2.3346 1.3190 2.3221
2.3494 1.3184 2.3223
2.3643 1.3172 2.3221
2.3792 1.3153 2.3220
2.3941 1.3129 2.3226
2.4089 1.3106 2.3239
2.4238 1.3087 2.3259
2.4387 1.3075 2.3283
2.4535 1.3072 2.3306
2.4684 1.3075 2.3324
2.4833 1.3080 2.3335
2.4981 1.3083 2.3340
2.5130 1.3080 2.3344
2.5279 1.3072 2.3350
2.5428 1.3062 2.3363
2.5576 1.3055 2.3382
2.5725 1.3054 2.3405
2.5874 1.3061 2.3428
2.6022 1.3074 2.3447
2.6171 1.3088 2.3460
2.6320 1.3101 2.3469
2.6468 1.3110 2.3476
2.6617 1.3116 2.3485
2.6766 1.3122 2.3498
2.6915 1.3130 2.3515
2.7063 1.3143 2.3534
2.7212 1.3161 2.3551
2.7361 1.3182 2.3563
2.7509 1.3204 2.3572
2.7658 1.3222 2.3577
2.7807 1.3236 2.3581
2.7955 1.3247 2.3587
2.8104 1.3256 2.3596
2.8253 1.3264 2.3607
2.8402 1.3271 2.3622
2.8550 1.3278 2.3641
2.8699 1.3284 2.3665
2.8848 1.3291 2.3695
2.8996 1.3301 2.3732
2.9145 1.3318 2.3776
2.9294 1.3345 2.3825
2.9442 1.3382 2.3876
2.9591 1.3430 2.3924
2.9740 1.3486 2.3966
2.9889 1.3547 2.4002
3.0037 1.3610 2.4032
3.0186 1.3675 2.4056
3.0335 1.3739 2.4077
3.0483 1.3803 2.4095
3.0632 1.3867 2.4112
3.0781 1.3931 2.4127
3.0929 1.3994 2.4140
3.1078 1.4057 2.4154
3.1227 1.4120 2.4168
3.1376 1.4183 2.4184
3.1524 1.4248 2.4200
3.1673 1.4314 2.4218
3.1822 1.4382 2.4238
3.1970 1.4453 2.4260
3.2119 1.4527 2.4283
3.2268 1.4605 2.4308
3.2416 1.4689 2.4336
3.2565 1.4779 2.4364
3.2714 1.4876 2.4392
3.2863 1.4981 2.4419
3.3011 1.5094 2.4444
3.3160 1.5215 2.4466
3.3309 1.5344 2.4481
3.3457 1.5480 2.4490
3.3606 1.5622 2.4490
3.3755 1.5768 2.4482
3.3903 1.5917 2.4464
3.4052 1.6068 2.4437
3.4201 1.6219 2.4401
3.4350 1.6368 2.4357
3.4498 1.6515 2.4306
3.4647 1.6659 2.4249
3.4796 1.6802 2.4189
3.4944 1.6944 2.4124
3.5093 1.7087 2.4054
3.5242 1.7230 2.3980
3.5390 1.7373 2.3900
3.5539 1.7518 2.3812
3.5688 1.7664 2.3715
3.5837 1.7810 2.3605
3.5985 1.7952 2.3481
3.6134 1.8084 2.3339
3.6283 1.8200 2.3181
3.6431 1.8290 2.3012
3.6580 1.8350 2.2840
3.6729 1.8376 2.2676
3.6877 1.8372 2.2535
3.7026 1.8345 2.2426
3.7175 1.8305 2.2357
3.7324 1.8267 2.2334
3.7472 1.8243 2.2356
3.7621 1.8249 2.2418
3.7770 1.8296 2.2513
3.7918 1.8392 2.2631
3.8067 1.8546 2.2756
3.8216 1.8757 2.2876
3.8364 1.9026 2.2975
3.8513 1.9346 2.3040
3.8662 1.9706 2.3061
3.8810 2.0097 2.3031
3.8959 2.0506 2.2947
3.9108 2.0924 2.2812
3.9257 2.1344 2.2629
3.9405 2.1763 2.2402
3.9554 2.2182 2.2132
3.9703 2.2602 2.1815
3.9851 2.3020 2.1447
4.0000 2.3434 2.1020
4.0149 2.3833 2.0523
4.0297 2.4204 1.9951
4.0446 2.4525 1.9302
4.0595 2.4776 1.8579
4.0744 2.4935 1.7798
4.0892 2.4986 1.6978
4.1041 2.4920 1.6144
4.1190 2.4735 1.5327
4.1338 2.4441 1.4550
4.1487 2.4053 1.3836
4.1636 2.3590 1.3199
4.1784 2.3073 1.2646
4.1933 2.2522 1.2178
4.2082 2.1953 1.1793
4.2231 2.1380 1.1485
4.2379 2.0815 1.1247
4.2528 2.0266 1.1070
4.2677 1.9737 1.0946
4.2825 1.9234 1.0866
4.2974 1.8757 1.0822
4.3123 1.8305 1.0807
4.3271 1.7877 1.0815
4.3420 1.7470 1.0844
4.3569 1.7082 1.0891
4.3718 1.6712 1.0955
4.3866 1.6358 1.1035
4.4015 1.6021 1.1131
4.4164 1.5701 1.1243
4.4312 1.5400 1.1368
4.4461 1.5118 1.1504
4.4610 1.4853 1.1649
4.4758 1.4606 1.1802
4.4907 1.4374 1.1960
4.5056 1.4155 1.2123
4.5205 1.3948 1.2292
4.5353 1.3752 1.2469
4.5502 1.3567 1.2653
4.5651 1.3395 1.2846
4.5799 1.3236 1.3049
4.5948 1.3093 1.3260
4.6097 1.2965 1.3478
4.6245 1.2855 1.3703
4.6394 1.2760 1.3932
4.6543 1.2682 1.4166
4.6692 1.2619 1.4404
4.6840 1.2572 1.4646
4.6989 1.2540 1.4895
4.7138 1.2527 1.5150
4.7286 1.2533 1.5411
4.7435 1.2563 1.5680
4.7584 1.2620 1.5953
4.7732 1.2707 1.6227
4.7881 1.2828 1.6500
4.8030 1.2983 1.6765
4.8179 1.3175 1.7017
4.8327 1.3404 1.7248
4.8476 1.3666 1.7451
4.8625 1.3959 1.7619
4.8773 1.4274 1.7746
4.8922 1.4604 1.7826
4.9071 1.4937 1.7858
4.9219 1.5264 1.7845
4.9368 1.5576 1.7792
4.9517 1.5868 1.7704
4.9666 1.6136 1.7591
4.9814 1.6379 1.7457
4.9963 1.6599 1.7309
5.0112 1.6798 1.7153
5.0260 1.6977 1.6989
5.0409 1.7141 1.6821
5.0558 1.7292 1.6649
5.0706 1.7431 1.6471
5.0855 1.7559 1.6286
5.1004 1.7675 1.6091
5.1153 1.7778 1.5885
5.1301 1.7862 1.5667
5.1450 1.7921 1.5438
5.1599 1.7948 1.5202
5.1747 1.7939 1.4968
5.1896 1.7892 1.4746
5.2045 1.7809 1.4550
5.2193 1.7699 1.4388
5.2342 1.7571 1.4271
5.2491 1.7440 1.4199
5.2640 1.7320 1.4173
5.2788 1.7221 1.4186
5.2937 1.7155 1.4231
5.3086 1.7125 1.4295
5.3234 1.7135 1.4368
5.3383 1.7182 1.4438
5.3532 1.7261 1.4499
5.3680 1.7366 1.4544
5.3829 1.7491 1.4573
5.3978 1.7631 1.4586
5.4127 1.7787 1.4586
5.4275 1.7959 1.4570
5.4424 1.8150 1.4536
5.4573 1.8359 1.4477
5.4721 1.8583 1.4386
5.4870 1.8816 1.4255
5.5019 1.9046 1.4079
5.5167 1.9260 1.3857
5.5316 1.9445 1.3593
5.5465 1.9589 1.3296
5.5614 1.9680 1.2977
5.5762 1.9714 1.2655
5.5911 1.9691 1.2347
5.6060 1.9619 1.2070
5.6208 1.9510 1.1839
5.6357 1.9380 1.1662
5.6506 1.9247 1.1543
5.6654 1.9129 1.1481
5.6803 1.9041 1.1470
5.6952 1.8998 1.1500
5.7100 1.9010 1.1559
5.7249 1.9087 1.1632
5.7398 1.9235 1.1704
5.7547 1.9455 1.1753
5.7695 1.9744 1.1762
5.7844 2.0093 1.1709
5.7993 2.0489 1.1579
5.8141 2.0913 1.1357
5.8290 2.1344 1.1035
5.8439 2.1757 1.0607
5.8587 2.2126 1.0076
5.8736 2.2425 0.9452
5.8885 2.2630 0.8753
5.9034 2.2722 0.8004
5.9182 2.2694 0.7236
5.9331 2.2547 0.6480
5.9480 2.2293 0.5764
5.9628 2.1951 0.5108
5.9777 2.1542 0.4524
5.9926 2.1090 0.4018
6.0074 2.0612 0.3587
6.0223 2.0125 0.3224
6.0372 1.9640 0.2923
6.0521 1.9164 0.2674
6.0669 1.8702 0.2469
6.0818 1.8256 0.2300
6.0967 1.7826 0.2161
6.1115 1.7411 0.2047
6.1264 1.7011 0.1956
6.1413 1.6626 0.1884
6.1561 1.6256 0.1830
6.1710 1.5900 0.1791
6.1859 1.5557 0.1765
6.2008 1.5228 0.1751
6.2156 1.4912 0.1747
6.2305 1.4610 0.1751
6.2454 1.4319 0.1763
6.2602 1.4040 0.1780
6.2751 1.3772 0.1801
6.2900 1.3513 0.1826
6.3048 1.3263 0.1854
6.3197 1.3020 0.1885
6.3346 1.2784 0.1919
6.3495 1.2554 0.1956
6.3643 1.2331 0.1997
6.3792 1.2115 0.2041
6.3941 1.1905 0.2088
6.4089 1.1702 0.2138
6.4238 1.1505 0.2189
6.4387 1.1316 0.2242
6.4535 1.1132 0.2296
6.4684 1.0955 0.2351
6.4833 1.0782 0.2405
6.4982 1.0615 0.2459
6.5130 1.0451 0.2512
6.5279 1.0290 0.2566
6.5428 1.0132 0.2620
6.5576 0.9976 0.2675
6.5725 0.9824 0.2732
6.5874 0.9675 0.2791
6.6022 0.9530 0.2851
6.6171 0.9390 0.2911
6.6320 0.9254 0.2972
6.6469 0.9122 0.3033
6.6617 0.8994 0.3092
6.6766 0.8868 0.3151
6.6915 0.8744 0.3209
6.7063 0.8622 0.3267
6.7212 0.8502 0.3326
6.7361 0.8384 0.3384
6.7509 0.8269 0.3444
6.7658 0.8155 0.3503
6.7807 0.8044 0.3563
6.7956 0.7936 0.3623
6.8104 0.7829 0.3683
6.8253 0.7724 0.3744
6.8402 0.7622 0.3805
6.8550 0.7523 0.3866
6.8699 0.7426 0.3928
6.8848 0.7333 0.3988
6.8996 0.7241 0.4046
6.9145 0.7151 0.4104
6.9294 0.7061 0.4160
6.9443 0.6971 0.4217
6.9591 0.6882 0.4274
6.9740 0.6793 0.4332
6.9889 0.6707 0.4392
7.0037 0.6623 0.4453
7.0186 0.6542 0.4514
7.0335 0.6464 0.4575
7.0483 0.6388 0.4634
7.0632 0.6314 0.4691
7.0781 0.6241 0.4747
7.0930 0.6168 0.4802
7.1078 0.6096 0.4858
7.1227 0.6024 0.4913
7.1376 0.5953 0.4970
7.1524 0.5883 0.5026
7.1673 0.5816 0.5083
7.1822 0.5750 0.5138
7.1970 0.5686 0.5193
7.2119 0.5622 0.5247
7.2268 0.5559 0.5301
7.2417 0.5496 0.5354
7.2565 0.5433 0.5408
7.2714 0.5372 0.5463
7.2863 0.5313 0.5518
7.3011 0.5255 0.5572
7.3160 0.5199 0.5625
7.3309 0.5144 0.5677
7.3457 0.5089 0.5727
7.3606 0.5034 0.5777
7.3755 0.4978 0.5826
7.3904 0.4921 0.5877
7.4052 0.4865 0.5929
7.4201 0.4810 0.5983
7.4350 0.4758 0.6038
7.4498 0.4708 0.6092
7.4647 0.4661 0.6145
7.4796 0.4615 0.6196
7.4944 0.4569 0.6245
7.5093 0.4522 0.6293
7.5242 0.4475 0.6340
7.5390 0.4426 0.6388
7.5539 0.4378 0.6437
7.5688 0.4330 0.6488
7.5837 0.4284 0.6540
7.5985 0.4240 0.6592
7.6134 0.4198 0.6643
7.6283 0.4158 0.6693
7.6431 0.4118 0.6741
7.6580 0.4077 0.6787
7.6729 0.4036 0.6834
7.6877 0.3994 0.6881
7.7026 0.3953 0.6929
7.7175 0.3912 0.6979
7.7324 0.3873 0.7029
7.7472 0.3836 0.7078
7.7621 0.3800 0.7127
7.7770 0.3765 0.7174
7.7918 0.3730 0.7219
7.8067 0.3694 0.7263
7.8216 0.3657 0.7308
7.8364 0.3619 0.7354
7.8513 0.3582 0.7401
7.8662 0.3546 0.7451
7.8811 0.3512 0.7500
7.8959 0.3480 0.7550
7.9108 0.3450 0.7597
7.9257 0.3422 0.7643
7.9405 0.3393 0.7687
7.9554 0.3362 0.7730
7.9703 0.3330 0.7772
7.9851 0.3297 0.7815
8.0000 0.3264 0.7861
8.0149 0.3231 0.7908
8.0298 0.3201 0.7956
8.0446 0.3172 0.8005
8.0595 0.3146 0.8053
8.0744 0.3121 0.8099
8.0892 0.3097 0.8143
8.1041 0.3072 0.8186
8.1190 0.3046 0.8228
8.1338 0.3020 0.8271
8.1487 0.2993 0.8314
8.1636 0.2966 0.8359
8.1785 0.2940 0.8404
8.1933 0.2916 0.8450
8.2082 0.2894 0.8496
8.2231 0.2873 0.8540
8.2379 0.2852 0.8583
8.2528 0.2832 0.8624
8.2677 0.2810 0.8665
8.2825 0.2787 0.8706
8.2974 0.2765 0.8747
8.3123 0.2742 0.8790
8.3272 0.2721 0.8834
8.3420 0.2701 0.8878
8.3569 0.2683 0.8922
8.3718 0.2666 0.8964
8.3866 0.2650 0.9005
8.4015 0.2634 0.9044
8.4164 0.2617 0.9082
8.4312 0.2599 0.9119
8.4461 0.2581 0.9156
8.4610 0.2561 0.9194
8.4759 0.2542 0.9233
8.4907 0.2523 0.9273
8.5056 0.2506 0.9313
8.5205 0.2490 0.9352
8.5353 0.2474 0.9390
8.5502 0.2459 0.9427
8.5651 0.2443 0.9463
8.5799 0.2426 0.9498
8.5948 0.2408 0.9533
8.6097 0.2389 0.9569
8.6246 0.2369 0.9605
8.6394 0.2350 0.9643
8.6543 0.2331 0.9682
8.6692 0.2314 0.9722
8.6840 0.2298 0.9761
8.6989 0.2283 0.9800
8.7138 0.2268 0.9838
8.7286 0.2253 0.9874
8.7435 0.2238 0.9910
8.7584 0.2222 0.9945
8.7733 0.2204 0.9982
8.7881 0.2187 1.0019
8.8030 0.2170 1.0057
8.8179 0.2154 1.0096
8.8327 0.2138 1.0135
8.8476 0.2124 1.0173
8.8625 0.2110 1.0211
8.8773 0.2097 1.0249
8.8922 0.2083 1.0285
8.9071 0.2068 1.0322
8.9220 0.2053 1.0359
8.9368 0.2039 1.0396
8.9517 0.2024 1.0434
8.9666 0.2010 1.0473
8.9814 0.1996 1.0511
8.9963 0.1984 1.0550
9.0112 0.1971 1.0587
9.0260 0.1959 1.0625
9.0409 0.1946 1.0661
9.0558 0.1934 1.0698
9.0707 0.1920 1.0735
9.0855 0.1907 1.0773
9.1004 0.1894 1.0811
9.1153 0.1881 1.0849
9.1301 0.1869 1.0888
9.1450 0.1857 1.0927
9.1599 0.1846 1.0966
9.1747 0.1836 1.1004
9.1896 0.1826 1.1041
9.2045 0.1815 1.1078
9.2194 0.1804 1.1115
9.2342 0.1792 1.1152
9.2491 0.1780 1.1190
9.2640 0.1769 1.1228
9.2788 0.1757 1.1267
9.2937 0.1746 1.1307
9.3086 0.1736 1.1346
9.3234 0.1727 1.1385
9.3383 0.1718 1.1424
9.3532 0.1709 1.1462
9.3681 0.1699 1.1500
9.3829 0.1690 1.1538
9.3978 0.1680 1.1577
9.4127 0.1671 1.1615
9.4275 0.1661 1.1654
9.4424 0.1652 1.1693
9.4573 0.1643 1.1733
9.4721 0.1634 1.1772
9.4870 0.1625 1.1811
9.5019 0.1617 1.1851
9.5167 0.1608 1.1890
9.5316 0.1600 1.1930
9.5465 0.1592 1.1970
9.5614 0.1584 1.2010
9.5762 0.1576 1.2050
9.5911 0.1569 1.2090
9.6060 0.1562 1.2130
9.6208 0.1554 1.2170
9.6357 0.1547 1.2210
9.6506 0.1540 1.2251
9.6654 0.1533 1.2291
9.6803 0.1526 1.2331
9.6952 0.1518 1.2372
9.7101 0.1511 1.2414
9.7249 0.1504 1.2456
9.7398 0.1498 1.2498
9.7547 0.1492 1.2540
9.7695 0.1486 1.2582
9.7844 0.1481 1.2625
9.7993 0.1476 1.2667
9.8141 0.1471 1.2708
9.8290 0.1465 1.2750
9.8439 0.1460 1.2793
9.8588 0.1454 1.2836
9.8736 0.1448 1.2879
9.8885 0.1443 1.2923
9.9034 0.1438 1.2968
9.9182 0.1434 1.3013
9.9331 0.1431 1.3057
9.9480 0.1427 1.3102
9.9628 0.1424 1.3146
9.9777 0.1421 1.3191
9.9926 0.1418 1.3236
10.0075 0.1415 1.3281
10.0223 0.1412 1.3326
10.0372 0.1410 1.3372
10.0521 0.1408 1.3418
10.0669 0.1406 1.3463
10.0818 0.1405 1.3509
10.0967 0.1403 1.3555
10.1115 0.1401 1.3601
10.1264 0.1400 1.3647
10.1413 0.1397 1.3693
10.1562 0.1395 1.3740
10.1710 0.1393 1.3788
10.1859 0.1392 1.3836
10.2008 0.1391 1.3885
10.2156 0.1390 1.3934
10.2305 0.1389 1.3983
10.2454 0.1388 1.4032
10.2602 0.1388 1.4082
10.2751 0.1388 1.4132
10.2900 0.1387 1.4183
10.3049 0.1387 1.4234
10.3197 0.1387 1.4287
10.3346 0.1388 1.4339
10.3495 0.1389 1.4393
10.3643 0.1391 1.4446
10.3792 0.1393 1.4500
10.3941 0.1396 1.4555
10.4089 0.1399 1.4609
10.4238 0.1402 1.4664
10.4387 0.1406 1.4719
10.4536 0.1410 1.4775
10.4684 0.1414 1.4831
10.4833 0.1418 1.4887
10.4982 0.1422 1.4945
10.5130 0.1427 1.5002
10.5279 0.1432 1.5061
10.5428 0.1437 1.5120
10.5576 0.1442 1.5180
10.5725 0.1448 1.5240
10.5874 0.1454 1.5302
10.6023 0.1460 1.5365
10.6171 0.1466 1.5430
10.6320 0.1474 1.5496
10.6469 0.1483 1.5565
10.6617 0.1494 1.5634
10.6766 0.1509 1.5705
10.6915 0.1526 1.5776
10.7063 0.1546 1.5846
10.7212 0.1568 1.5915
10.7361 0.1593 1.5981
10.7510 0.1618 1.6045
10.7658 0.1643 1.6107
10.7807 0.1668 1.6166
10.7956 0.1692 1.6224
10.8104 0.1714 1.6279
10.8253 0.1734 1.6333
10.8402 0.1750 1.6387
10.8550 0.1763 1.6441
10.8699 0.1772 1.6496
10.8848 0.1776 1.6554
10.8997 0.1778 1.6617
10.9145 0.1776 1.6685
10.9294 0.1774 1.6760
10.9443 0.1773 1.6840
10.9591 0.1774 1.6927
10.9740 0.1777 1.7019
10.9889 0.1784 1.7115
11.0037 0.1795 1.7216
11.0186 0.1809 1.7320
11.0335 0.1827 1.7426
11.0484 0.1849 1.7535
11.0632 0.1874 1.7647
11.0781 0.1903 1.7762
11.0930 0.1934 1.7879
11.1078 0.1970 1.8000
11.1227 0.2009 1.8125
11.1376 0.2053 1.8253
11.1524 0.2102 1.8386
11.1673 0.2157 1.8524
11.1822 0.2218 1.8666
11.1971 0.2289 1.8814
11.2119 0.2369 1.8966
11.2268 0.2460 1.9123
11.2417 0.2565 1.9282
11.2565 0.2686 1.9444
11.2714 0.2825 1.9606
11.2863 0.2983 1.9765
11.3011 0.3163 1.9916
11.3160 0.3364 2.0055
11.3309 0.3585 2.0177
11.3457 0.3824 2.0274
11.3606 0.4074 2.0344
11.3755 0.4329 2.0383
11.3904 0.4582 2.0391
11.4052 0.4824 2.0370
11.4201 0.5052 2.0325
11.4350 0.5261 2.0261
11.4498 0.5449 2.0183
11.4647 0.5617 2.0097
11.4796 0.5765 2.0007
11.4944 0.5896 1.9915
11.5093 0.6011 1.9825
11.5242 0.6113 1.9739
11.5391 0.6203 1.9656
11.5539 0.6284 1.9578
11.5688 0.6357 1.9505
11.5837 0.6423 1.9437
11.5985 0.6483 1.9373
11.6134 0.6539 1.9314
11.6283 0.6591 1.9259
11.6431 0.6638 1.9208
11.6580 0.6682 1.9161
11.6729 0.6723 1.9118
11.6878 0.6761 1.9080
11.7026 0.6797 1.9046
11.7175 0.6831 1.9016
11.7324 0.6864 1.8991
11.7472 0.6898 1.8970
11.7621 0.6932 1.8952
11.7770 0.6966 1.8937
11.7918 0.7001 1.8925
11.8067 0.7038 1.8915
11.8216 0.7075 1.8906
11.8365 0.7113 1.8898
11.8513 0.7151 1.8891
11.8662 0.7190 1.8884
11.8811 0.7228 1.8878
11.8959 0.7266 1.8873
11.9108 0.7302 1.8869
11.9257 0.7338 1.8866
11.9405 0.7374 1.8865
11.9554 0.7409 1.8867
11.9703 0.7443 1.8870
11.9852 0.7479 1.8876
12.0000 0.7515 1.8884
12.0149 0.7552 1.8893
12.0298 0.7591 1.8904
12.0446 0.7630 1.8917
12.0595 0.7671 1.8930
12.0744 0.7712 1.8945
12.0892 0.7755 1.8962
12.1041 0.7800 1.8979
12.1190 0.7846 1.8998
12.1339 0.7895 1.9017
12.1487 0.7945 1.9036
12.1636 0.7996 1.9055
12.1785 0.8049 1.9074
12.1933 0.8104 1.9093
12.2082 0.8160 1.9112
12.2231 0.8217 1.9129
12.2379 0.8275 1.9146
12.2528 0.8333 1.9163
12.2677 0.8391 1.9178
12.2826 0.8449 1.9194
12.2974 0.8507 1.9211
12.3123 0.8566 1.9229
12.3272 0.8625 1.9248
12.3420 0.8686 1.9267
12.3569 0.8748 1.9287
12.3718 0.8812 1.9307
12.3866 0.8878 1.9327
12.4015 0.8945 1.9348
12.4164 0.9015 1.9368
12.4313 0.9087 1.9387
12.4461 0.9162 1.9404
12.4610 0.9239 1.9417
12.4759 0.9315 1.9427
12.4907 0.9390 1.9434
12.5056 0.9463 1.9439
12.5205 0.9533 1.9443
12.5353 0.9600 1.9447
12.5502 0.9665 1.9452
12.5651 0.9729 1.9459
12.5800 0.9791 1.9468
12.5948 0.9854 1.9479
12.6097 0.9917 1.9492
12.6246 0.9981 1.9506
12.6394 1.0045 1.9522
12.6543 1.0110 1.9538
12.6692 1.0176 1.9555
12.6840 1.0242 1.9573
12.6989 1.0308 1.9592
12.7138 1.0375 1.9611
12.7287 1.0442 1.9632
12.7435 1.0510 1.9654
12.7584 1.0578 1.9678
12.7733 1.0647 1.9702
12.7881 1.0716 1.9727
12.8030 1.0786 1.9753
12.8179 1.0856 1.9780
12.8327 1.0924 1.9807
12.8476 1.0991 1.9837
12.8625 1.1056 1.9869
12.8774 1.1120 1.9906
12.8922 1.1183 1.9948
12.9071 1.1245 1.9996
12.9220 1.1309 2.0051
12.9368 1.1374 2.0114
12.9517 1.1442 2.0184
12.9666 1.1513 2.0263
12.9814 1.1589 2.0352
12.9963 1.1673 2.0449
13.0112 1.1766 2.0556
13.0261 1.1870 2.0671
13.0409 1.1987 2.0793
13.0558 1.2117 2.0921
13.0707 1.2260 2.1053
13.0855 1.2418 2.1189
13.1004 1.2591 2.1330
13.1153 1.2782 2.1476
13.1301 1.2994 2.1625
13.1450 1.3230 2.1776
13.1599 1.3493 2.1924
13.1747 1.3787 2.2065
13.1896 1.4113 2.2192
13.2045 1.4468 2.2298
13.2194 1.4852 2.2374
13.2342 1.5256 2.2414
13.2491 1.5674 2.2413
13.2640 1.6095 2.2371
13.2788 1.6509 2.2287
13.2937 1.6910 2.2166
13.3086 1.7290 2.2016
13.3234 1.7646 2.1843
13.3383 1.7977 2.1655
13.3532 1.8285 2.1459
13.3681 1.8572 2.1259
13.3829 1.8842 2.1059
13.3978 1.9098 2.0862
13.4127 1.9345 2.0669
13.4275 1.9585 2.0481
13.4424 1.9823 2.0296
13.4573 2.0060 2.0113
13.4721 2.0298 1.9932
13.4870 2.0538 1.9751
13.5019 2.0782 1.9568
13.5168 2.1032 1.9382
13.5316 2.1288 1.9193
13.5465 2.1551 1.8997
13.5614 2.1824 1.8792
13.5762 2.2106 1.8576
13.5911 2.2397 1.8344
13.6060 2.2698 1.8094
13.6208 2.3007 1.7822
13.6357 2.3324 1.7522
13.6506 2.3643 1.7190
13.6655 2.3963 1.6821
13.6803 2.4275 1.6410
13.6952 2.4570 1.5953
13.7101 2.4837 1.5448
13.7249 2.5063 1.4898
13.7398 2.5234 1.4311
13.7547 2.5339 1.3699
13.7695 2.5371 1.3078
13.7844 2.5332 1.2467
13.7993 2.5226 1.1883
13.8142 2.5064 1.1338
13.8290 2.4861 1.0840
13.8439 2.4629 1.0393
13.8588 2.4380 0.9995
13.8736 2.4126 0.9643
13.8885 2.3872 0.9331
13.9034 2.3624 0.9054
13.9182 2.3385 0.8806
13.9331 2.3155 0.8583
13.9480 2.2934 0.8383
13.9629 2.2725 0.8202
13.9777 2.2528 0.8039
13.9926 2.2344 0.7890
14.0075 2.2174 0.7752
14.0223 2.2017 0.7622
14.0372 2.1871 0.7497
14.0521 2.1734 0.7376
14.0669 2.1605 0.7260
14.0818 2.1483 0.7150
14.0967 2.1370 0.7046
14.1116 2.1268 0.6946
14.1264 2.1177 0.6849
14.1413 2.1099 0.6753
14.1562 2.1031 0.6653
14.1710 2.0972 0.6550
14.1859 2.0921 0.6441
14.2008 2.0877 0.6327
14.2156 2.0838 0.6207
14.2305 2.0804 0.6080
14.2454 2.0776 0.5945
14.2603 2.0751 0.5800
14.2751 2.0729 0.5644
14.2900 2.0706 0.5475
14.3049 2.0679 0.5291
14.3197 2.0644 0.5094
14.3346 2.0598 0.4885
14.3495 2.0536 0.4666
14.3643 2.0456 0.4440
14.3792 2.0356 0.4214
14.3941 2.0236 0.3993
14.4090 2.0100 0.3779
14.4238 1.9949 0.3578
14.4387 1.9788 0.3389
14.4536 1.9620 0.3214
14.4684 1.9446 0.3051
14.4833 1.9268 0.2902
14.4982 1.9088 0.2765
14.5130 1.8907 0.2641
14.5279 1.8727 0.2529
14.5428 1.8550 0.2430
14.5577 1.8377 0.2341
14.5725 1.8211 0.2262
14.5874 1.8053 0.2190
14.6023 1.7902 0.2123
14.6171 1.7758 0.2059
14.6320 1.7620 0.1996
14.6469 1.7487 0.1935
14.6617 1.7358 0.1875
14.6766 1.7233 0.1816
14.6915 1.7111 0.1757
14.7064 1.6994 0.1698
14.7212 1.6880 0.1639
14.7361 1.6768 0.1578
14.7510 1.6658 0.1515
14.7658 1.6547 0.1450
14.7807 1.6435 0.1384
14.7956 1.6322 0.1318
14.8104 1.6207 0.1254
14.8253 1.6092 0.1193
14.8402 1.5976 0.1133
14.8551 1.5862 0.1077
14.8699 1.5749 0.1021
14.8848 1.5638 0.0966
14.8997 1.5528 0.0911
14.9145 1.5419 0.0856
14.9294 1.5308 0.0800
14.9443 1.5196 0.0745
14.9591 1.5082 0.0692
14.9740 1.4966 0.0641
14.9889 1.4851 0.0593
15.0038 1.4736 0.0549
15.0186 1.4623 0.0507
15.0335 1.4512 0.0467
15.0484 1.4403 0.0427
15.0632 1.4294 0.0388
15.0781 1.4186 0.0348
15.0930 1.4078 0.0310
15.1078 1.3968 0.0272
15.1227 1.3858 0.0236
15.1376 1.3747 0.0202
15.1524 1.3636 0.0172
15.1673 1.3527 0.0145
15.1822 1.3420 0.0121
15.1971 1.3315 0.0098
15.2119 1.3214 0.0076
15.2268 1.3116 0.0053
15.2417 1.3018 0.0029
15.2565 1.2920 0.0004
15.2714 1.2821 -0.0021
15.2863 1.2721 -0.0045
15.3011 1.2619 -0.0068
15.3160 1.2518 -0.0087
15.3309 1.2417 -0.0104
15.3458 1.2318 -0.0117
15.3606 1.2222 -0.0128
15.3755 1.2130 -0.0139
15.3904 1.2040 -0.0150
15.4052 1.1953 -0.0164
15.4201 1.1866 -0.0179
15.4350 1.1778 -0.0195
15.4498 1.1689 -0.0212
15.4647 1.1599 -0.0228
15.4796 1.1507 -0.0243
15.4945 1.1415 -0.0255
15.5093 1.1323 -0.0264
15.5242 1.1233 -0.0271
15.5391 1.1145 -0.0276
15.5539 1.1060 -0.0281
15.5688 1.0978 -0.0285
15.5837 1.0898 -0.0292
15.5985 1.0819 -0.0300
15.6134 1.0739 -0.0309
15.6283 1.0658 -0.0320
15.6432 1.0576 -0.0329
15.6580 1.0492 -0.0338
15.6729 1.0408 -0.0344
15.6878 1.0325 -0.0348
15.7026 1.0243 -0.0350
15.7175 1.0164 -0.0352
15.7324 1.0087 -0.0353
15.7472 1.0011 -0.0355
15.7621 0.9937 -0.0359
15.7770 0.9863 -0.0365
15.7919 0.9788 -0.0372
15.8067 0.9711 -0.0381
15.8216 0.9631 -0.0389
15.8365 0.9549 -0.0394
15.8513 0.9465 -0.0397
15.8662 0.9381 -0.0396
15.8811 0.9298 -0.0391
15.8959 0.9218 -0.0384
15.9108 0.9142 -0.0374
15.9257 0.9070 -0.0364
15.9406 0.9001 -0.0355
15.9554 0.8934 -0.0349
15.9703 0.8868 -0.0346
15.9852 0.8800 -0.0344
16.0000 0.8731 -0.0344
16.0149 0.8660 -0.0343
16.0298 0.8588 -0.0340
16.0446 0.8516 -0.0335
16.0595 0.8444 -0.0328
16.0744 0.8374 -0.0319
16.0893 0.8307 -0.0309
16.1041 0.8242 -0.0300
16.1190 0.8179 -0.0292
16.1339 0.8116 -0.0286
16.1487 0.8054 -0.0281
16.1636 0.7990 -0.0277
16.1785 0.7925 -0.0274
16.1933 0.7859 -0.0269
16.2082 0.7793 -0.0264
16.2231 0.7727 -0.0258
16.2380 0.7660 -0.0250
16.2528 0.7595 -0.0242
16.2677 0.7530 -0.0233
16.2826 0.7465 -0.0224
16.2974 0.7400 -0.0214
16.3123 0.7336 -0.0202
16.3272 0.7274 -0.0190
16.3420 0.7213 -0.0177
16.3569 0.7154 -0.0165
16.3718 0.7096 -0.0155
16.3867 0.7038 -0.0145
16.4015 0.6980 -0.0137
16.4164 0.6920 -0.0130
16.4313 0.6859 -0.0122
16.4461 0.6796 -0.0113
16.4610 0.6732 -0.0102
16.4759 0.6669 -0.0089
16.4907 0.6608 -0.0073
16.5056 0.6548 -0.0057
16.5205 0.6491 -0.0040
16.5354 0.6435 -0.0023
16.5502 0.6381 -0.0008
16.5651 0.6328 0.0006
16.5800 0.6274 0.0018
16.5948 0.6219 0.0030
16.6097 0.6164 0.0042
16.6246 0.6108 0.0054
16.6394 0.6051 0.0068
16.6543 0.5995 0.0082
16.6692 0.5939 0.0097
16.6841 0.5884 0.0112
16.6989 0.5829 0.0128
16.7138 0.5775 0.0143
16.7287 0.5720 0.0159
16.7435 0.5667 0.0176
16.7584 0.5613 0.0192
16.7733 0.5560 0.0209
16.7881 0.5508 0.0225
16.8030 0.5455 0.0242
16.8179 0.5403 0.0258
16.8328 0.5350 0.0275
16.8476 0.5296 0.0292
16.8625 0.5243 0.0310
16.8774 0.5189 0.0330
16.8922 0.5136 0.0350
16.9071 0.5084 0.0372
16.9220 0.5033 0.0395
16.9368 0.4984 0.0418
16.9517 0.4936 0.0441
16.9666 0.4890 0.0463
16.9814 0.4844 0.0485
16.9963 0.4799 0.0506
17.0112 0.4753 0.0526
17.0261 0.4706 0.0545
17.0409 0.4660 0.0565
17.0558 0.4612 0.0586
17.0707 0.4565 0.0608
17.0855 0.4519 0.0631
17.1004 0.4474 0.0655
17.1153 0.4429 0.0680
17.1301 0.4387 0.0704
17.1450 0.4345 0.0728
17.1599 0.4305 0.0752
17.1748 0.4266 0.0774
17.1896 0.4227 0.0795
17.2045 0.4187 0.0815
17.2194 0.4147 0.0834
17.2342 0.4105 0.0854
17.2491 0.4063 0.0874
17.2640 0.4021 0.0894
17.2788 0.3979 0.0916
17.2937 0.3938 0.0938
17.3086 0.3897 0.0960
17.3235 0.3856 0.0982
17.3383 0.3816 0.1004
17.3532 0.3776 0.1027
17.3681 0.3736 0.1049
17.3829 0.3697 0.1072
17.3978 0.3657 0.1095
17.4127 0.3618 0.1117
17.4275 0.3579 0.1140
17.4424 0.3540 0.1163
17.4573 0.3502 0.1186
17.4722 0.3463 0.1210
17.4870 0.3424 0.1233
17.5019 0.3386 0.1257
17.5168 0.3348 0.1281
17.5316 0.3309 0.1305
17.5465 0.3271 0.1329
17.5614 0.3233 0.1353
17.5762 0.3195 0.1379
17.5911 0.3157 0.1404
17.6060 0.3118 0.1431
17.6209 0.3081 0.1458
17.6357 0.3044 0.1486
17.6506 0.3007 0.1515
17.6655 0.2972 0.1544
17.6803 0.2937 0.1574
17.6952 0.2904 0.1604
17.7101 0.2872 0.1634
17.7249 0.2841 0.1663
17.7398 0.2810 0.1692
17.7547 0.2779 0.1720
17.7696 0.2748 0.1748
17.7844 0.2716 0.1776
17.7993 0.2685 0.1806
17.8142 0.2654 0.1837
17.8290 0.2624 0.1868
17.8439 0.2596 0.1901
17.8588 0.2570 0.1933
17.8736 0.2546 0.1964
17.8885 0.2523 0.1994
17.9034 0.2501 0.2022
17.9183 0.2478 0.2050
17.9331 0.2455 0.2076
17.9480 0.2431 0.2102
17.9629 0.2407 0.2128
17.9777 0.2383 0.2154
17.9926 0.2359 0.2181
18.0075 0.2335 0.2208
18.0223 0.2312 0.2235
18.0372 0.2289 0.2262
18.0521 0.2266 0.2289
18.0670 0.2244 0.2316
18.0818 0.2223 0.2343
18.0967 0.2201 0.2370
18.1116 0.2181 0.2397
18.1264 0.2161 0.2424
18.1413 0.2141 0.2451
18.1562 0.2123 0.2476
18.1710 0.2104 0.2501
18.1859 0.2086 0.2525
18.2008 0.2067 0.2548
18.2157 0.2048 0.2570
18.2305 0.2026 0.2593
18.2454 0.2004 0.2617
18.2603 0.1982 0.2642
18.2751 0.1960 0.2668
18.2900 0.1939 0.2696
18.3049 0.1921 0.2725
18.3197 0.1904 0.2753
18.3346 0.1889 0.2781
18.3495 0.1875 0.2806
18.3644 0.1862 0.2830
18.3792 0.1847 0.2853
18.3941 0.1832 0.2874
18.4090 0.1816 0.2895
18.4238 0.1799 0.2917
18.4387 0.1780 0.2939
18.4536 0.1761 0.2962
18.4684 0.1743 0.2987
18.4833 0.1726 0.3013
18.4982 0.1709 0.3039
18.5131 0.1695 0.3066
18.5279 0.1682 0.3093
18.5428 0.1670 0.3118
18.5577 0.1659 0.3143
18.5725 0.1649 0.3166
18.5874 0.1638 0.3187
18.6023 0.1628 0.3208
18.6171 0.1616 0.3228
18.6320 0.1604 0.3247
18.6469 0.1591 0.3266
18.6618 0.1577 0.3286
18.6766 0.1562 0.3307
18.6915 0.1548 0.3328
18.7064 0.1534 0.3350
18.7212 0.1521 0.3373
18.7361 0.1510 0.3396
18.7510 0.1499 0.3419
18.7658 0.1490 0.3442
18.7807 0.1481 0.3463
18.7956 0.1473 0.3483
18.8105 0.1465 0.3501
18.8253 0.1457 0.3519
18.8402 0.1448 0.3535
18.8551 0.1437 0.3552
18.8699 0.1426 0.3568
18.8848 0.1414 0.3585
18.8997 0.1401 0.3602
18.9145 0.1388 0.3621
18.9294 0.1376 0.3640
18.9443 0.1365 0.3660
18.9591 0.1355 0.3681
18.9740 0.1346 0.3701
18.9889 0.1338 0.3720
19.0038 0.1331 0.3738
19.0186 0.1325 0.3755
19.0335 0.1318 0.3770
19.0484 0.1310 0.3784
19.0632 0.1301 0.3798
19.0781 0.1292 0.3811
19.0930 0.1280 0.3824
19.1078 0.1268 0.3838
19.1227 0.1255 0.3853
19.1376 0.1243 0.3869
19.1525 0.1231 0.3886
19.1673 0.1220 0.3904
19.1822 0.1210 0.3922
19.1971 0.1202 0.3940
19.2119 0.1194 0.3957
19.2268 0.1187 0.3972
19.2417 0.1180 0.3986
19.2565 0.1173 0.3999
19.2714 0.1164 0.4011
19.2863 0.1155 0.4022
19.3012 0.1144 0.4033
19.3160 0.1132 0.4045
19.3309 0.1119 0.4057
19.3458 0.1105 0.4071
19.3606 0.1092 0.4085
19.3755 0.1078 0.4101
19.3904 0.1066 0.4117
19.4052 0.1054 0.4134
19.4201 0.1043 0.4151
19.4350 0.1033 0.4168
19.4499 0.1023 0.4184
19.4647 0.1014 0.4200
19.4796 0.1006 0.4216
19.4945 0.0997 0.4230
19.5093 0.0988 0.4244
19.5242 0.0979 0.4258
19.5391 0.0969 0.4272
19.5539 0.0959 0.4285
19.5688 0.0949 0.4299
19.5837 0.0938 0.4313
19.5986 0.0928 0.4327
19.6134 0.0917 0.4342
19.6283 0.0906 0.4356
19.6432 0.0896 0.4371
19.6580 0.0886 0.4387
19.6729 0.0877 0.4402
19.6878 0.0868 0.4417
19.7026 0.0860 0.4431
19.7175 0.0851 0.4446
19.7324 0.0843 0.4459
19.7473 0.0834 0.4473
19.7621 0.0826 0.4485
19.7770 0.0816 0.4498
19.7919 0.0807 0.4511
19.8067 0.0797 0.4523
19.8216 0.0786 0.4536
19.8365 0.0776 0.4550
19.8513 0.0766 0.4563
19.8662 0.0756 0.4577
19.8811 0.0746 0.4591
19.8960 0.0736 0.4605
19.9108 0.0726 0.4618
19.9257 0.0717 0.4632
19.9406 0.0707 0.4645
19.9554 0.0697 0.4659
19.9703 0.0687 0.4672
19.9852 0.0677 0.4685
20.0000 0.0666 0.4699
20.0149 0.0656 0.4713
20.0298 0.0645 0.4727
20.0447 0.0635 0.4741
20.0595 0.0625 0.4755
20.0744 0.0614 0.4770
20.0893 0.0605 0.4784
20.1041 0.0595 0.4799
20.1190 0.0585 0.4813
20.1339 0.0575 0.4828
20.1487 0.0565 0.4842
20.1636 0.0554 0.4857
20.1785 0.0544 0.4872
20.1934 0.0534 0.4887
20.2082 0.0524 0.4903
20.2231 0.0514 0.4919
20.2380 0.0505 0.4935
20.2528 0.0496 0.4951
20.2677 0.0487 0.4967
20.2826 0.0479 0.4983
20.2974 0.0470 0.4999
20.3123 0.0462 0.5014
20.3272 0.0453 0.5030
20.3421 0.0445 0.5046
20.3569 0.0437 0.5062
20.3718 0.0428 0.5078
20.3867 0.0420 0.5095
20.4015 0.0413 0.5111
20.4164 0.0406 0.5128
20.4313 0.0399 0.5145
20.4461 0.0392 0.5161
20.4610 0.0386 0.5177
20.4759 0.0379 0.5193
20.4908 0.0373 0.5209
20.5056 0.0367 0.5225
20.5205 0.0361 0.5241
20.5354 0.0355 0.5258
20.5502 0.0349 0.5274
20.5651 0.0344 0.5290
20.5800 0.0339 0.5306
20.5948 0.0334 0.5322
20.6097 0.0329 0.5337
20.6246 0.0325 0.5353
20.6395 0.0321 0.5368
20.6543 0.0316 0.5383
20.6692 0.0312 0.5398
20.6841 0.0308 0.5413
20.6989 0.0304 0.5428
20.7138 0.0300 0.5443
20.7287 0.0296 0.5457
20.7435 0.0292 0.5472
20.7584 0.0288 0.5486
20.7733 0.0285 0.5500
20.7881 0.0281 0.5514
20.8030 0.0278 0.5529
20.8179 0.0274 0.5542
20.8328 0.0271 0.5556
20.8476 0.0268 0.5570
20.8625 0.0264 0.5583
20.8774 0.0261 0.5597
20.8922 0.0258 0.5610
20.9071 0.0255 0.5623
20.9220 0.0252 0.5636
20.9368 0.0248 0.5649
20.9517 0.0245 0.5662
20.9666 0.0242 0.5675
20.9815 0.0239 0.5688
20.9963 0.0236 0.5701
21.0112 0.0233 0.5713
21.0261 0.0230 0.5726
21.0409 0.0227 0.5738
21.0558 0.0223 0.5751
21.0707 0.0220 0.5763
21.0855 0.0217 0.5776
21.1004 0.0214 0.5788
21.1153 0.0212 0.5800
21.1302 0.0209 0.5812
21.1450 0.0205 0.5824
21.1599 0.0202 0.5836
21.1748 0.0199 0.5848
21.1896 0.0196 0.5860
21.2045 0.0193 0.5872
21.2194 0.0190 0.5884
21.2342 0.0187 0.5896
21.2491 0.0184 0.5909
21.2640 0.0181 0.5921
21.2789 0.0178 0.5933
21.2937 0.0175 0.5945
21.3086 0.0172 0.5957
21.3235 0.0169 0.5970
21.3383 0.0167 0.5982
21.3532 0.0164 0.5994
21.3681 0.0162 0.6006
21.3829 0.0160 0.6018
21.3978 0.0157 0.6031
21.4127 0.0155 0.6043
21.4276 0.0153 0.6055
21.4424 0.0152 0.6067
21.4573 0.0150 0.6078
21.4722 0.0148 0.6090
21.4870 0.0146 0.6102
21.5019 0.0145 0.6114
21.5168 0.0143 0.6125
21.5316 0.0142 0.6137
21.5465 0.0141 0.6148
21.5614 0.0139 0.6160
21.5763 0.0138 0.6171
21.5911 0.0137 0.6182
21.6060 0.0137 0.6193
21.6209 0.0136 0.6204
21.6357 0.0135 0.6215
21.6506 0.0134 0.6226
21.6655 0.0133 0.6236
21.6803 0.0132 0.6246
21.6952 0.0132 0.6256
21.7101 0.0131 0.6267
21.7250 0.0130 0.6277
21.7398 0.0129 0.6287
21.7547 0.0128 0.6296
21.7696 0.0127 0.6306
21.7844 0.0126 0.6316
21.7993 0.0125 0.6326
21.8142 0.0124 0.6336
21.8290 0.0123 0.6345
21.8439 0.0122 0.6355
21.8588 0.0121 0.6365
21.8737 0.0120 0.6374
21.8885 0.0119 0.6384
21.9034 0.0118 0.6393
21.9183 0.0117 0.6403
21.9331 0.0116 0.6412
21.9480 0.0115 0.6422
21.9629 0.0114 0.6431
21.9777 0.0113 0.6440
21.9926 0.0112 0.6450
22.0075 0.0111 0.6459
22.0224 0.0110 0.6468
22.0372 0.0109 0.6477
22.0521 0.0109 0.6486
22.0670 0.0108 0.6495
22.0818 0.0107 0.6504
22.0967 0.0106 0.6513
22.1116 0.0105 0.6522
22.1264 0.0105 0.6531
22.1413 0.0104 0.6540
22.1562 0.0103 0.6548
22.1711 0.0102 0.6557
22.1859 0.0101 0.6566
22.2008 0.0101 0.6575
22.2157 0.0100 0.6583
22.2305 0.0099 0.6592
22.2454 0.0098 0.6600
22.2603 0.0098 0.6609
22.2751 0.0097 0.6617
22.2900 0.0097 0.6626
22.3049 0.0096 0.6634
22.3198 0.0095 0.6643
22.3346 0.0095 0.6651
22.3495 0.0094 0.6659
22.3644 0.0093 0.6667
22.3792 0.0093 0.6676
22.3941 0.0092 0.6684
22.4090 0.0092 0.6692
22.4238 0.0091 0.6700
22.4387 0.0090 0.6708
22.4536 0.0090 0.6716
22.4685 0.0089 0.6724
22.4833 0.0089 0.6732
22.4982 0.0088 0.6740
22.5131 0.0088 0.6748
22.5279 0.0087 0.6756
22.5428 0.0087 0.6764
22.5577 0.0086 0.6771
22.5725 0.0086 0.6779
22.5874 0.0085 0.6787
22.6023 0.0085 0.6795
22.6171 0.0084 0.6802
22.6320 0.0084 0.6810
22.6469 0.0083 0.6818
22.6618 0.0083 0.6825
22.6766 0.0082 0.6833
22.6915 0.0082 0.6840
22.7064 0.0081 0.6848
22.7212 0.0081 0.6855
22.7361 0.0081 0.6863
22.7510 0.0080 0.6870
22.7658 0.0080 0.6878
22.7807 0.0079 0.6885
22.7956 0.0079 0.6892
22.8105 0.0079 0.6900
22.8253 0.0078 0.6907
22.8402 0.0078 0.6914
22.8551 0.0078 0.6921
22.8699 0.0077 0.6929
22.8848 0.0077 0.6936
22.8997 0.0077 0.6943
22.9145 0.0077 0.6950
22.9294 0.0076 0.6957
22.9443 0.0076 0.6964
22.9592 0.0076 0.6971
22.9740 0.0076 0.6978
22.9889 0.0075 0.6985
23.0038 0.0075 0.6992
23.0186 0.0075 0.6999
23.0335 0.0075 0.7006
23.0484 0.0075 0.7013
23.0632 0.0075 0.7020
23.0781 0.0074 0.7026
23.0930 0.0074 0.7033
23.1079 0.0074 0.7040
23.1227 0.0074 0.7046
23.1376 0.0074 0.7053
23.1525 0.0074 0.7060
23.1673 0.0074 0.7066
23.1822 0.0074 0.7073
23.1971 0.0074 0.7080
23.2119 0.0074 0.7086
23.2268 0.0073 0.7093
23.2417 0.0073 0.7099
23.2566 0.0073 0.7106
23.2714 0.0073 0.7112
23.2863 0.0073 0.7118
23.3012 0.0073 0.7125
23.3160 0.0073 0.7131
23.3309 0.0073 0.7137
23.3458 0.0073 0.7144
23.3606 0.0073 0.7150
23.3755 0.0073 0.7156
23.3904 0.0074 0.7162
23.4053 0.0074 0.7169
23.4201 0.0074 0.7175
23.4350 0.0074 0.7181
23.4499 0.0074 0.7187
23.4647 0.0074 0.7193
23.4796 0.0074 0.7199
23.4945 0.0074 0.7205
23.5093 0.0074 0.7211
23.5242 0.0074 0.7217
23.5391 0.0075 0.7223
23.5540 0.0075 0.7230
23.5688 0.0075 0.7236
23.5837 0.0076 0.7241
23.5986 0.0076 0.7247
23.6134 0.0077 0.7253
23.6283 0.0077 0.7259
23.6432 0.0078 0.7264
23.6580 0.0078 0.7270
23.6729 0.0079 0.7275
23.6878 0.0080 0.7280
23.7027 0.0080 0.7286
23.7175 0.0080 0.7291
23.7324 0.0081 0.7296
23.7473 0.0081 0.7300
23.7621 0.0081 0.7305
23.7770 0.0081 0.7310
23.7919 0.0081 0.7315
23.8067 0.0081 0.7320
23.8216 0.0081 0.7324
23.8365 0.0081 0.7329
23.8514 0.0081 0.7334
23.8662 0.0080 0.7339
23.8811 0.0080 0.7344
23.8960 0.0079 0.7349
23.9108 0.0078 0.7354
23.9257 0.0078 0.7359
23.9406 0.0078 0.7365
23.9554 0.0077 0.7370
23.9703 0.0077 0.7376
23.9852 0.0077 0.7382
24.0001 0.0077 0.7387
24.0149 0.0077 0.7393
24.0298 0.0077 0.7398
24.0447 0.0077 0.7403
24.0595 0.0078 0.7409
24.0744 0.0078 0.7414
24.0893 0.0079 0.7419
24.1041 0.0079 0.7424
24.1190 0.0079 0.7428
24.1339 0.0079 0.7433
24.1488 0.0080 0.7438
24.1636 0.0080 0.7443
24.1785 0.0080 0.7447
24.1934 0.0080 0.7452
24.2082 0.0080 0.7457
24.2231 0.0080 0.7461
24.2380 0.0080 0.7466
24.2528 0.0080 0.7471
24.2677 0.0080 0.7475
24.2826 0.0080 0.7480
24.2975 0.0080 0.7485
24.3123 0.0080 0.7490
24.3272 0.0080 0.7494
24.3421 0.0080 0.7499
24.3569 0.0080 0.7504
24.3718 0.0080 0.7509
24.3867 0.0080 0.7513
24.4015 0.0080 0.7518
24.4164 0.0080 0.7523
24.4313 0.0080 0.7528
24.4462 0.0080 0.7532
24.4610 0.0080 0.7537
24.4759 0.0080 0.7542
24.4908 0.0081 0.7546
24.5056 0.0081 0.7551
24.5205 0.0081 0.7556
24.5354 0.0081 0.7561
24.5502 0.0082 0.7565
24.5651 0.0082 0.7570
24.5800 0.0082 0.7574
24.5948 0.0083 0.7579
24.6097 0.0083 0.7584
24.6246 0.0084 0.7588
24.6395 0.0084 0.7593
24.6543 0.0085 0.7597
24.6692 0.0086 0.7602
24.6841 0.0086 0.7606
24.6989 0.0087 0.7610
24.7138 0.0088 0.7615
24.7287 0.0089 0.7619
24.7435 0.0090 0.7623
24.7584 0.0091 0.7627
24.7733 0.0092 0.7631
24.7882 0.0093 0.7634
24.8030 0.0094 0.7638
24.8179 0.0095 0.7641
24.8328 0.0096 0.7645
24.8476 0.0097 0.7648
24.8625 0.0098 0.7651
24.8774 0.0098 0.7654
24.8922 0.0099 0.7657
24.9071 0.0099 0.7660
24.9220 0.0100 0.7662
24.9369 0.0100 0.7665
24.9517 0.0100 0.7668
24.9666 0.0100 0.7670
24.9815 0.0100 0.7673
24.9963 0.0100 0.7676
25.0112 0.0099 0.7679
25.0261 0.0099 0.7682
25.0409 0.0099 0.7685
25.0558 0.0098 0.7688
25.0707 0.0098 0.7691
25.0856 0.0098 0.7694
25.1004 0.0097 0.7697
25.1153 0.0097 0.7700
25.1302 0.0097 0.7703
25.1450 0.0097 0.7706
25.1599 0.0096 0.7709
25.1748 0.0096 0.7712
25.1896 0.0095 0.7714
25.2045 0.0095 0.7717
25.2194 0.0094 0.7720
25.2343 0.0093 0.7722
25.2491 0.0092 0.7725
25.2640 0.0091 0.7728
25.2789 0.0090 0.7731
25.2937 0.0089 0.7734
25.3086 0.0087 0.7737
25.3235 0.0086 0.7740
25.3383 0.0085 0.7743
25.3532 0.0083 0.7747
25.3681 0.0082 0.7750
25.3830 0.0081 0.7754
25.3978 0.0079 0.7758
25.4127 0.0078 0.7762
25.4276 0.0077 0.7765
25.4424 0.0076 0.7769
25.4573 0.0075 0.7773
25.4722 0.0074 0.7777
25.4870 0.0073 0.7781
25.5019 0.0072 0.7785
25.5168 0.0071 0.7789
25.5317 0.0070 0.7793
25.5465 0.0070 0.7797
25.5614 0.0069 0.7801
25.5763 0.0068 0.7805
25.5911 0.0067 0.7809
25.6060 0.0067 0.7813
25.6209 0.0066 0.7817
25.6357 0.0065 0.7821
25.6506 0.0065 0.7825
25.6655 0.0065 0.7829
25.6804 0.0064 0.7834
25.6952 0.0064 0.7838
25.7101 0.0064 0.7842
25.7250 0.0063 0.7846
25.7398 0.0063 0.7850
25.7547 0.0063 0.7854
25.7696 0.0063 0.7858
25.7844 0.0063 0.7862
25.7993 0.0063 0.7865
25.8142 0.0063 0.7869
25.8291 0.0063 0.7873
25.8439 0.0063 0.7877
25.8588 0.0063 0.7880
25.8737 0.0062 0.7884
25.8885 0.0062 0.7888
25.9034 0.0062 0.7891
25.9183 0.0062 0.7895
25.9331 0.0062 0.7899
25.9480 0.0062 0.7902
25.9629 0.0062 0.7906
25.9778 0.0062 0.7910
25.9926 0.0061 0.7913
26.0075 0.0061 0.7917
26.0224 0.0061 0.7921
26.0372 0.0061 0.7925
26.0521 0.0061 0.7929
26.0670 0.0061 0.7932
26.0818 0.0062 0.7936
26.0967 0.0062 0.7940
26.1116 0.0062 0.7944
26.1265 0.0063 0.7947
26.1413 0.0063 0.7951
26.1562 0.0064 0.7955
26.1711 0.0064 0.7958
26.1859 0.0065 0.7961
26.2008 0.0065 0.7965
26.2157 0.0066 0.7968
26.2305 0.0066 0.7971
26.2454 0.0067 0.7974
26.2603 0.0067 0.7977
26.2752 0.0068 0.7980
26.2900 0.0068 0.7983
26.3049 0.0069 0.7986
26.3198 0.0069 0.7989
26.3346 0.0070 0.7992
26.3495 0.0070 0.7995
26.3644 0.0071 0.7998
26.3792 0.0071 0.8001
26.3941 0.0071 0.8003
26.4090 0.0072 0.8006
26.4238 0.0072 0.8009
26.4387 0.0073 0.8011
26.4536 0.0073 0.8014
26.4685 0.0073 0.8016
26.4833 0.0073 0.8019
26.4982 0.0074 0.8021
26.5131 0.0074 0.8024
26.5279 0.0074 0.8026
26.5428 0.0074 0.8029
26.5577 0.0074 0.8031
26.5725 0.0074 0.8034
26.5874 0.0074 0.8036
26.6023 0.0075 0.8039
26.6172 0.0075 0.8041
26.6320 0.0075 0.8044
26.6469 0.0075 0.8046
26.6618 0.0075 0.8048
26.6766 0.0075 0.8050
26.6915 0.0075 0.8053
26.7064 0.0075 0.8055
26.7212 0.0075 0.8057
26.7361 0.0074 0.8059
26.7510 0.0074 0.8061
26.7659 0.0074 0.8064
26.7807 0.0073 0.8066
26.7956 0.0073 0.8068
26.8105 0.0073 0.8071
26.8253 0.0072 0.8073
26.8402 0.0072 0.8076
26.8551 0.0072 0.8078
26.8699 0.0072 0.8080
26.8848 0.0071 0.8083
26.8997 0.0071 0.8085
26.9146 0.0071 0.8088
26.9294 0.0070 0.8090
26.9443 0.0070 0.8092
26.9592 0.0070 0.8094
26.9740 0.0069 0.8097
26.9889 0.0069 0.8099
27.0038 0.0068 0.8101
27.0186 0.0068 0.8103
27.0335 0.0067 0.8106
27.0484 0.0066 0.8108
27.0633 0.0066 0.8111
27.0781 0.0065 0.8113
27.0930 0.0064 0.8116
27.1079 0.0064 0.8119
27.1227 0.0063 0.8121
27.1376 0.0063 0.8124
27.1525 0.0062 0.8127
27.1673 0.0062 0.8130
27.1822 0.0061 0.8133
27.1971 0.0061 0.8135
27.2120 0.0061 0.8138
27.2268 0.0061 0.8141
27.2417 0.0061 0.8143
27.2566 0.0061 0.8146
27.2714 0.0061 0.8148
27.2863 0.0061 0.8151
27.3012 0.0061 0.8153
27.3160 0.0061 0.8155
27.3309 0.0061 0.8157
27.3458 0.0061 0.8159
27.3607 0.0060 0.8161
27.3755 0.0060 0.8163
27.3904 0.0059 0.8165
27.4053 0.0059 0.8167
27.4201 0.0058 0.8170
27.4350 0.0058 0.8172
27.4499 0.0057 0.8174
27.4647 0.0056 0.8176
27.4796 0.0056 0.8178
27.4945 0.0055 0.8181
27.5094 0.0054 0.8183
27.5242 0.0053 0.8185
27.5391 0.0053 0.8188
27.5540 0.0052 0.8190
27.5688 0.0051 0.8193
27.5837 0.0050 0.8195
27.5986 0.0050 0.8198
27.6134 0.0049 0.8200
27.6283 0.0049 0.8203
27.6432 0.0048 0.8206
27.6581 0.0048 0.8208
27.6729 0.0047 0.8211
27.6878 0.0047 0.8214
27.7027 0.0046 0.8216
27.7175 0.0046 0.8219
27.7324 0.0046 0.8221
27.7473 0.0045 0.8224
27.7621 0.0045 0.8226
27.7770 0.0045 0.8228
27.7919 0.0044 0.8231
27.8068 0.0044 0.8233
27.8216 0.0043 0.8235
27.8365 0.0043 0.8237
27.8514 0.0042 0.8239
27.8662 0.0041 0.8242
27.8811 0.0040 0.8244
27.8960 0.0039 0.8247
27.9108 0.0039 0.8249
27.9257 0.0038 0.8252
27.9406 0.0037 0.8254
27.9555 0.0036 0.8257
27.9703 0.0035 0.8260
27.9852 0.0035 0.8263
28.0001 0.0034 0.8266
28.0149 0.0034 0.8269
28.0298 0.0033 0.8271
28.0447 0.0033 0.8274
28.0595 0.0032 0.8277
28.0744 0.0032 0.8280
28.0893 0.0032 0.8283
28.1042 0.0031 0.8286
28.1190 0.0031 0.8289
28.1339 0.0031 0.8292
28.1488 0.0031 0.8295
28.1636 0.0031 0.8298
28.1785 0.0031 0.8300
28.1934 0.0031 0.8303
28.2082 0.0031 0.8306
28.2231 0.0031 0.8309
28.2380 0.0031 0.8311
28.2528 0.0031 0.8314
28.2677 0.0032 0.8316
28.2826 0.0032 0.8319
28.2975 0.0032 0.8321
28.3123 0.0032 0.8323
28.3272 0.0032 0.8325
28.3421 0.0032 0.8327
28.3569 0.0032 0.8329
28.3718 0.0032 0.8331
28.3867 0.0032 0.8333
28.4015 0.0032 0.8335
28.4164 0.0032 0.8338
28.4313 0.0031 0.8340
28.4462 0.0031 0.8342
28.4610 0.0031 0.8344
28.4759 0.0030 0.8346
28.4908 0.0030 0.8348
28.5056 0.0029 0.8351
28.5205 0.0029 0.8353
28.5354 0.0028 0.8355
28.5502 0.0028 0.8358
28.5651 0.0028 0.8360
28.5800 0.0027 0.8363
28.5949 0.0027 0.8365
28.6097 0.0027 0.8368
28.6246 0.0027 0.8370
28.6395 0.0026 0.8373
28.6543 0.0026 0.8375
28.6692 0.0026 0.8378
28.6841 0.0026 0.8380
28.6989 0.0026 0.8382
28.7138 0.0026 0.8385
28.7287 0.0026 0.8387
28.7436 0.0026 0.8390
28.7584 0.0026 0.8392
28.7733 0.0026 0.8394
28.7882 0.0026 0.8397
28.8030 0.0026 0.8399
28.8179 0.0026 0.8401
28.8328 0.0026 0.8404
28.8476 0.0026 0.8406
28.8625 0.0026 0.8408
28.8774 0.0025 0.8410
28.8923 0.0025 0.8413
28.9071 0.0025 0.8415
28.9220 0.0025 0.8417
28.9369 0.0025 0.8419
28.9517 0.0025 0.8421
28.9666 0.0025 0.8424
28.9815 0.0025 0.8426
28.9963 0.0025 0.8428
29.0112 0.0025 0.8430
29.0261 0.0025 0.8433
29.0410 0.0026 0.8435
29.0558 0.0026 0.8437
29.0707 0.0026 0.8439
29.0856 0.0026 0.8441
29.1004 0.0026 0.8443
29.1153 0.0026 0.8446
29.1302 0.0026 0.8448
29.1450 0.0026 0.8450
29.1599 0.0026 0.8452
29.1748 0.0027 0.8454
29.1897 0.0027 0.8456
29.2045 0.0027 0.8458
29.2194 0.0027 0.8459
29.2343 0.0027 0.8461
29.2491 0.0027 0.8463
29.2640 0.0027 0.8465
29.2789 0.0027 0.8467
29.2937 0.0027 0.8469
29.3086 0.0027 0.8470
29.3235 0.0027 0.8472
29.3384 0.0027 0.8474
29.3532 0.0027 0.8476
29.3681 0.0027 0.8478
29.3830 0.0027 0.8480
29.3978 0.0027 0.8481
29.4127 0.0027 0.8483
29.4276 0.0027 0.8485
29.4424 0.0027 0.8487
29.4573 0.0026 0.8489
29.4722 0.0026 0.8491
29.4871 0.0026 0.8492
29.5019 0.0026 0.8494
29.5168 0.0026 0.8496
29.5317 0.0026 0.8498
29.5465 0.0026 0.8500
29.5614 0.0026 0.8502
29.5763 0.0026 0.8503
29.5911 0.0026 0.8505
29.6060 0.0026 0.8507
29.6209 0.0025 0.8509
29.6358 0.0025 0.8511
29.6506 0.0025 0.8512
29.6655 0.0025 0.8514
29.6804 0.0025 0.8516
29.6952 0.0025 0.8518
29.7101 0.0025 0.8519
29.7250 0.0025 0.8521
29.7398 0.0024 0.8523
29.7547 0.0024 0.8525
29.7696 0.0024 0.8526
29.7845 0.0024 0.8528
29.7993 0.0024 0.8530
29.8142 0.0023 0.8532
29.8291 0.0023 0.8533
29.8439 0.0023 0.8535
29.8588 0.0023 0.8537
29.8737 0.0023 0.8538
29.8885 0.0022 0.8540
29.9034 0.0022 0.8542
29.9183 0.0022 0.8544
29.9332 0.0021 0.8546
29.9480 0.0021 0.8547
29.9629 0.0021 0.8549
29.9778 0.0021 0.8551
29.9926 0.0020 0.8553
30.0075 0.0020 0.8555
30.0224 0.0020 0.8557
30.0372 0.0020 0.8559
30.0521 0.0019 0.8560
30.0670 0.0019 0.8562
30.0819 0.0019 0.8564
30.0967 0.0019 0.8566
30.1116 0.0019 0.8568
30.1265 0.0019 0.8570
30.1413 0.0019 0.8572
30.1562 0.0018 0.8573
30.1711 0.0018 0.8575
30.1859 0.0018 0.8577
30.2008 0.0018 0.8579
30.2157 0.0018 0.8581
30.2305 0.0018 0.8582
30.2454 0.0018 0.8584
30.2603 0.0018 0.8586
30.2752 0.0017 0.8587
30.2900 0.0017 0.8589
30.3049 0.0017 0.8591
30.3198 0.0017 0.8593
30.3346 0.0017 0.8594
30.3495 0.0017 0.8596
30.3644 0.0016 0.8598
30.3792 0.0016 0.8600
30.3941 0.0016 0.8601
30.4090 0.0016 0.8603
30.4239 0.0016 0.8605
30.4387 0.0015 0.8607
30.4536 0.0015 0.8608
30.4685 0.0015 0.8610
30.4833 0.0015 0.8612
30.4982 0.0015 0.8614
30.5131 0.0015 0.8615
30.5279 0.0014 0.8617
30.5428 0.0014 0.8619
30.5577 0.0014 0.8621
30.5726 0.0014 0.8622
30.5874 0.0014 0.8624
30.6023 0.0013 0.8626
30.6172 0.0013 0.8628
30.6320 0.0013 0.8630
30.6469 0.0013 0.8631
30.6618 0.0013 0.8633
30.6766 0.0013 0.8635
30.6915 0.0013 0.8637
30.7064 0.0012 0.8638
30.7213 0.0012 0.8640
30.7361 0.0012 0.8642
30.7510 0.0012 0.8644
30.7659 0.0012 0.8646
30.7807 0.0012 0.8647
30.7956 0.0012 0.8649
30.8105 0.0012 0.8651
30.8253 0.0012 0.8653
30.8402 0.0012 0.8654
30.8551 0.0012 0.8656
30.8700 0.0012 0.8658
30.8848 0.0012 0.8659
30.8997 0.0012 0.8661
30.9146 0.0011 0.8663
30.9294 0.0011 0.8665
30.9443 0.0011 0.8666
30.9592 0.0011 0.8668
30.9740 0.0011 0.8670
30.9889 0.0011 0.8671
31.0038 0.0011 0.8673
31.0187 0.0011 0.8675
31.0335 0.0011 0.8676
31.0484 0.0011 0.8678
31.0633 0.0011 0.8680
31.0781 0.0011 0.8681
31.0930 0.0011 0.8683
31.1079 0.0011 0.8684
31.1227 0.0011 0.8686
31.1376 0.0011 0.8688
31.1525 0.0011 0.8689
31.1674 0.0011 0.8691
31.1822 0.0011 0.8693
31.1971 0.0011 0.8694
31.2120 0.0011 0.8696
31.2268 0.0011 0.8697
31.2417 0.0011 0.8699
31.2566 0.0011 0.8701
31.2714 0.0011 0.8702
31.2863 0.0011 0.8704
31.3012 0.0011 0.8705
31.3161 0.0011 0.8707
31.3309 0.0011 0.8708
31.3458 0.0011 0.8710
31.3607 0.0010 0.8712
31.3755 0.0010 0.8713
31.3904 0.0010 0.8715
31.4053 0.0010 0.8716
31.4201 0.0010 0.8718
31.4350 0.0010 0.8719
31.4499 0.0010 0.8721
31.4648 0.0010 0.8722
31.4796 0.0010 0.8724
31.4945 0.0010 0.8726
31.5094 0.0010 0.8727
31.5242 0.0010 0.8729
31.5391 0.0010 0.8730
31.5540 0.0010 0.8732
31.5688 0.0010 0.8733
31.5837 0.0010 0.8735
31.5986 0.0010 0.8736
31.6135 0.0010 0.8738
31.6283 0.0010 0.8739
31.6432 0.0010 0.8741
31.6581 0.0010 0.8742
31.6729 0.0010 0.8744
31.6878 0.0010 0.8745
31.7027 0.0010 0.8747
31.7175 0.0010 0.8748
31.7324 0.0010 0.8750
31.7473 0.0010 0.8751
31.7622 0.0010 0.8752
31.7770 0.0010 0.8754
31.7919 0.0010 0.8755
31.8068 0.0010 0.8757
31.8216 0.0010 0.8758
31.8365 0.0010 0.8760
31.8514 0.0010 0.8761
31.8662 0.0010 0.8763
31.8811 0.0010 0.8764
31.8960 0.0010 0.8766
31.9109 0.0010 0.8767
31.9257 0.0010 0.8768
31.9406 0.0010 0.8770
31.9555 0.0010 0.8771
31.9703 0.0010 0.8773
31.9852 0.0010 0.8774
32.0001 0.0010 0.8776
32.0149 0.0010 0.8777
32.0298 0.0010 0.8778
32.0447 0.0009 0.8780
32.0595 0.0009 0.8781
32.0744 0.0009 0.8783
32.0893 0.0009 0.8784
32.1042 0.0009 0.8785
32.1190 0.0009 0.8787
32.1339 0.0009 0.8788
32.1488 0.0009 0.8790
32.1636 0.0009 0.8791
32.1785 0.0009 0.8792
32.1934 0.0009 0.8794
32.2082 0.0009 0.8795
32.2231 0.0009 0.8797
32.2380 0.0009 0.8798
32.2529 0.0009 0.8799
32.2677 0.0009 0.8801
32.2826 0.0009 0.8802
32.2975 0.0009 0.8803
32.3123 0.0009 0.8805
32.3272 0.0009 0.8806
32.3421 0.0009 0.8807
32.3569 0.0009 0.8809
32.3718 0.0009 0.8810
32.3867 0.0009 0.8812
32.4016 0.0009 0.8813
32.4164 0.0009 0.8814
32.4313 0.0009 0.8816
32.4462 0.0009 0.8817
32.4610 0.0009 0.8818
32.4759 0.0009 0.8820
32.4908 0.0009 0.8821
32.5056 0.0009 0.8822
32.5205 0.0009 0.8824
32.5354 0.0009 0.8825
32.5503 0.0009 0.8826
32.5651 0.0009 0.8828
32.5800 0.0009 0.8829
32.5949 0.0009 0.8830
32.6097 0.0009 0.8831
32.6246 0.0009 0.8833
32.6395 0.0009 0.8834
32.6543 0.0009 0.8835
32.6692 0.0009 0.8837
32.6841 0.0009 0.8838
32.6990 0.0009 0.8839
32.7138 0.0009 0.8841
32.7287 0.0009 0.8842
32.7436 0.0009 0.8843
32.7584 0.0009 0.8844
32.7733 0.0009 0.8846
32.7882 0.0009 0.8847
32.8030 0.0009 0.8848
32.8179 0.0009 0.8850
32.8328 0.0009 0.8851
32.8477 0.0009 0.8852
32.8625 0.0009 0.8853
32.8774 0.0009 0.8855
32.8923 0.0009 0.8856
32.9071 0.0008 0.8857
32.9220 0.0008 0.8858
32.9369 0.0008 0.8860
32.9517 0.0008 0.8861
32.9666 0.0008 0.8862
32.9815 0.0008 0.8863
32.9964 0.0008 0.8865
33.0112 0.0008 0.8866
33.0261 0.0008 0.8867
33.0410 0.0008 0.8868
33.0558 0.0008 0.8870
33.0707 0.0008 0.8871
33.0856 0.0008 0.8872
33.1004 0.0008 0.8873
33.1153 0.0008 0.8875
33.1302 0.0008 0.8876
33.1451 0.0008 0.8877
33.1599 0.0008 0.8878
33.1748 0.0008 0.8880
33.1897 0.0008 0.8881
33.2045 0.0008 0.8882
33.2194 0.0008 0.8883
33.2343 0.0008 0.8884
33.2491 0.0008 0.8886
33.2640 0.0008 0.8887
33.2789 0.0008 0.8888
33.2938 0.0008 0.8889
33.3086 0.0008 0.8890
33.3235 0.0008 0.8892
33.3384 0.0008 0.8893
33.3532 0.0008 0.8894
33.3681 0.0008 0.8895
33.3830 0.0008 0.8896
33.3978 0.0008 0.8898
33.4127 0.0008 0.8899
33.4276 0.0008 0.8900
33.4425 0.0008 0.8901
33.4573 0.0008 0.8902
33.4722 0.0008 0.8904
33.4871 0.0008 0.8905
33.5019 0.0008 0.8906
33.5168 0.0008 0.8907
33.5317 0.0008 0.8908
33.5465 0.0008 0.8909
33.5614 0.0008 0.8911
33.5763 0.0008 0.8912
33.5912 0.0008 0.8913
33.6060 0.0008 0.8914
33.6209 0.0008 0.8915
33.6358 0.0008 0.8916
33.6506 0.0008 0.8917
33.6655 0.0008 0.8919
33.6804 0.0008 0.8920
33.6952 0.0008 0.8921
33.7101 0.0008 0.8922
33.7250 0.0008 0.8923
33.7399 0.0008 0.8924
33.7547 0.0008 0.8926
33.7696 0.0008 0.8927
33.7845 0.0008 0.8928
33.7993 0.0008 0.8929
33.8142 0.0008 0.8930
33.8291 0.0008 0.8931
33.8439 0.0008 0.8932
33.8588 0.0008 0.8933
33.8737 0.0008 0.8935
33.8885 0.0008 0.8936
33.9034 0.0008 0.8937
33.9183 0.0008 0.8938
33.9332 0.0008 0.8939
33.9480 0.0007 0.8940
33.9629 0.0007 0.8941
33.9778 0.0007 0.8942
33.9926 0.0007 0.8943
34.0075 0.0007 0.8945
34.0224 0.0007 0.8946
34.0372 0.0007 0.8947
34.0521 0.0007 0.8948
34.0670 0.0007 0.8949
34.0819 0.0007 0.8950
34.0967 0.0007 0.8951
34.1116 0.0007 0.8952
34.1265 0.0007 0.8953
34.1413 0.0007 0.8954
34.1562 0.0007 0.8956
34.1711 0.0007 0.8957
34.1859 0.0007 0.8958
34.2008 0.0007 0.8959
34.2157 0.0007 0.8960
34.2306 0.0007 0.8961
34.2454 0.0007 0.8962
34.2603 0.0007 0.8963
34.2752 0.0007 0.8964
34.2900 0.0007 0.8965
34.3049 0.0007 0.8966
34.3198 0.0007 0.8967
34.3346 0.0007 0.8968
34.3495 0.0007 0.8970
34.3644 0.0007 0.8971
34.3793 0.0007 0.8972
34.3941 0.0007 0.8973
34.4090 0.0007 0.8974
34.4239 0.0007 0.8975
34.4387 0.0007 0.8976
34.4536 0.0007 0.8977
34.4685 0.0007 0.8978
34.4833 0.0007 0.8979
34.4982 0.0007 0.8980
34.5131 0.0007 0.8981
34.5280 0.0007 0.8982
34.5428 0.0007 0.8983
34.5577 0.0007 0.8984
34.5726 0.0007 0.8985
34.5874 0.0007 0.8986
34.6023 0.0007 0.8987
34.6172 0.0007 0.8988
34.6320 0.0007 0.8989
34.6469 0.0007 0.8990
34.6618 0.0007 0.8992
34.6767 0.0007 0.8993
34.6915 0.0007 0.8994
34.7064 0.0007 0.8995
34.7213 0.0007 0.8996
34.7361 0.0007 0.8997
34.7510 0.0007 0.8998
34.7659 0.0007 0.8999
34.7807 0.0007 0.9000
34.7956 0.0007 0.9001
34.8105 0.0007 0.9002
34.8254 0.0007 0.9003
34.8402 0.0007 0.9004
34.8551 0.0007 0.9005
34.8700 0.0007 0.9006
34.8848 0.0007 0.9007
34.8997 0.0007 0.9008
34.9146 0.0007 0.9009
34.9294 0.0007 0.9010
34.9443 0.0007 0.9011
34.9592 0.0007 0.9012
34.9741 0.0007 0.9013
34.9889 0.0007 0.9014
35.0038 0.0007 0.9015
35.0187 0.0007 0.9016
35.0335 0.0007 0.9017
35.0484 0.0007 0.9018
35.0633 0.0007 0.9019
35.0781 0.0007 0.9020
35.0930 0.0007 0.9021
35.1079 0.0007 0.9022
35.1228 0.0007 0.9023
35.1376 0.0007 0.9024
35.1525 0.0007 0.9025
35.1674 0.0007 0.9025
35.1822 0.0007 0.9026
35.1971 0.0007 0.9027
35.2120 0.0007 0.9028
35.2268 0.0006 0.9029
35.2417 0.0006 0.9030
35.2566 0.0006 0.9031
35.2715 0.0006 0.9032
35.2863 0.0006 0.9033
35.3012 0.0006 0.9034
35.3161 0.0006 0.9035
35.3309 0.0006 0.9036
35.3458 0.0006 0.9037
35.3607 0.0006 0.9038
35.3755 0.0006 0.9039
35.3904 0.0006 0.9040
35.4053 0.0006 0.9041
35.4202 0.0006 0.9042
35.4350 0.0006 0.9043
35.4499 0.0006 0.9044
35.4648 0.0006 0.9045
35.4796 0.0006 0.9046
35.4945 0.0006 0.9047
35.5094 0.0006 0.9047
35.5242 0.0006 0.9048
35.5391 0.0006 0.9049
35.5540 0.0006 0.9050
35.5689 0.0006 0.9051
35.5837 0.0006 0.9052
35.5986 0.0006 0.9053
35.6135 0.0006 0.9054
35.6283 0.0006 0.9055
35.6432 0.0006 0.9056
35.6581 0.0006 0.9057
35.6729 0.0006 0.9058
35.6878 0.0006 0.9059
35.7027 0.0006 0.9059
35.7176 0.0006 0.9060
35.7324 0.0006 0.9061
35.7473 0.0006 0.9062
35.7622 0.0006 0.9063
35.7770 0.0006 0.9064
35.7919 0.0006 0.9065
35.8068 0.0006 0.9066
35.8216 0.0006 0.9067
35.8365 0.0006 0.9068
35.8514 0.0006 0.9069
35.8662 0.0006 0.9070
35.8811 0.0006 0.9070
35.8960 0.0006 0.9071
35.9109 0.0006 0.9072
35.9257 0.0006 0.9073
35.9406 0.0006 0.9074
35.9555 0.0006 0.9075
35.9703 0.0006 0.9076
35.9852 0.0006 0.9077
36.0001 0.0006 0.9078
36.0149 0.0006 0.9078
36.0298 0.0006 0.9079
36.0447 0.0006 0.9080
36.0596 0.0006 0.9081
36.0744 0.0006 0.9082
36.0893 0.0006 0.9083
36.1042 0.0006 0.9084
36.1190 0.0006 0.9085
36.1339 0.0006 0.9086
36.1488 0.0006 0.9086
36.1636 0.0006 0.9087
36.1785 0.0006 0.9088
36.1934 0.0006 0.9089
36.2083 0.0006 0.9090
36.2231 0.0006 0.9091
36.2380 0.0006 0.9092
36.2529 0.0006 0.9093
36.2677 0.0006 0.9093
36.2826 0.0006 0.9094
36.2975 0.0006 0.9095
36.3123 0.0006 0.9096
36.3272 0.0006 0.9097
36.3421 0.0006 0.9098
36.3570 0.0006 0.9099
36.3718 0.0006 0.9099
36.3867 0.0006 0.9100
36.4016 0.0006 0.9101
36.4164 0.0006 0.9102
36.4313 0.0006 0.9103
36.4462 0.0006 0.9104
36.4610 0.0006 0.9105
36.4759 0.0006 0.9105
36.4908 0.0006 0.9106
36.5057 0.0006 0.9107
36.5205 0.0006 0.9108
36.5354 0.0006 0.9109
36.5503 0.0006 0.9110
36.5651 0.0006 0.9110
36.5800 0.0006 0.9111
36.5949 0.0006 0.9112
36.6097 0.0006 0.9113
36.6246 0.0006 0.9114
36.6395 0.0006 0.9115
36.6544 0.0006 0.9115
36.6692 0.0006 0.9116
36.6841 0.0006 0.9117
36.6990 0.0006 0.9118
36.7138 0.0006 0.9119
36.7287 0.0006 0.9120
36.7436 0.0006 0.9120
36.7584 0.0006 0.9121
36.7733 0.0006 0.9122
36.7882 0.0006 0.9123
36.8031 0.0006 0.9124
36.8179 0.0006 0.9125
36.8328 0.0005 0.9125
36.8477 0.0005 0.9126
36.8625 0.0005 0.9127
36.8774 0.0005 0.9128
36.8923 0.0005 0.9129
36.9071 0.0005 0.9129
36.9220 0.0005 0.9130
36.9369 0.0005 0.9131
36.9518 0.0005 0.9132
36.9666 0.0005 0.9133
36.9815 0.0005 0.9133
36.9964 0.0005 0.9134
37.0112 0.0005 0.9135
37.0261 0.0005 0.9136
37.0410 0.0005 0.9137
37.0558 0.0005 0.9137
37.0707 0.0005 0.9138
37.0856 0.0005 0.9139
37.1005 0.0005 0.9140
37.1153 0.0005 0.9141
37.1302 0.0005 0.9141
37.1451 0.0005 0.9142
37.1599 0.0005 0.9143
