0.0000 0.0000 10.4729
0.0201 0.3893 10.4826
0.0401 0.7980 10.5089
0.0602 1.2457 10.5428
0.0803 1.7507 10.5666
0.1003 2.3273 10.5522
0.1204 2.9782 10.4593
0.1405 3.6848 10.2401
0.1605 4.3996 9.8518
0.1806 5.0465 9.2774
0.2007 5.5402 8.5453
0.2207 5.8172 7.7324
0.2408 5.8666 6.9425
0.2609 5.7369 6.2671
0.2809 5.5140 5.7513
0.3010 5.2843 5.3846
0.3211 5.1031 5.1173
0.3411 4.9832 4.8891
0.3612 4.9032 4.6552
0.3812 4.8269 4.3990
0.4013 4.7227 4.1305
0.4214 4.5766 3.8752
0.4414 4.3953 3.6599
0.4615 4.2008 3.5005
0.4816 4.0207 3.3957
0.5016 3.8757 3.3280
0.5217 3.7715 3.2718
0.5418 3.6979 3.2047
0.5618 3.6345 3.1170
0.5819 3.5622 3.0135
0.6020 3.4709 2.9086
0.6220 3.3627 2.8180
0.6421 3.2481 2.7509
0.6622 3.1399 2.7078
0.6822 3.0480 2.6818
0.7023 2.9761 2.6620
0.7224 2.9211 2.6382
0.7424 2.8747 2.6045
0.7625 2.8277 2.5610
0.7826 2.7738 2.5132
0.8026 2.7117 2.4686
0.8227 2.6450 2.4327
0.8428 2.5795 2.4074
0.8628 2.5201 2.3904
0.8829 2.4686 2.3775
0.9030 2.4243 2.3650
0.9230 2.3851 2.3509
0.9431 2.3488 2.3348
0.9632 2.3140 2.3167
0.9832 2.2794 2.2972
1.0033 2.2440 2.2768
1.0233 2.2069 2.2569
1.0434 2.1682 2.2390
1.0635 2.1284 2.2247
1.0835 2.0895 2.2151
1.1036 2.0538 2.2100
1.1237 2.0235 2.2078
1.1437 1.9993 2.2055
1.1638 1.9802 2.1999
1.1839 1.9631 2.1887
1.2039 1.9437 2.1723
1.2240 1.9187 2.1538
1.2441 1.8875 2.1381
1.2641 1.8532 2.1293
1.2842 1.8210 2.1285
1.3043 1.7954 2.1332
1.3243 1.7784 2.1384
1.3444 1.7681 2.1389
1.3645 1.7599 2.1322
1.3845 1.7487 2.1193
1.4046 1.7313 2.1040
1.4247 1.7079 2.0912
1.4447 1.6815 2.0845
1.4648 1.6564 2.0844
1.4849 1.6365 2.0888
1.5049 1.6229 2.0937
1.5250 1.6143 2.0956
1.5451 1.6075 2.0929
1.5651 1.5994 2.0860
1.5852 1.5879 2.0774
1.6053 1.5734 2.0695
1.6253 1.5569 2.0640
1.6454 1.5403 2.0613
1.6654 1.5247 2.0612
1.6855 1.5112 2.0629
1.7056 1.5003 2.0655
1.7256 1.4925 2.0678
1.7457 1.4870 2.0679
1.7658 1.4823 2.0650
1.7858 1.4761 2.0593
1.8059 1.4669 2.0525
1.8260 1.4545 2.0469
1.8460 1.4403 2.0446
1.8661 1.4268 2.0463
1.8862 1.4166 2.0509
1.9062 1.4107 2.0558
1.9263 1.4083 2.0582
1.9464 1.4069 2.0567
1.9664 1.4035 2.0519
1.9865 1.3967 2.0462
2.0066 1.3870 2.0423
2.0266 1.3762 2.0415
2.0467 1.3666 2.0438
2.0668 1.3595 2.0478
2.0868 1.3553 2.0518
2.1069 1.3532 2.0545
2.1270 1.3522 2.0550
2.1470 1.3508 2.0534
2.1671 1.3478 2.0504
2.1872 1.3426 2.0474
2.2072 1.3357 2.0461
2.2273 1.3286 2.0472
2.2474 1.3229 2.0507
2.2674 1.3199 2.0552
2.2875 1.3196 2.0587
2.3076 1.3207 2.0598
2.3276 1.3211 2.0585
2.3477 1.3195 2.0559
2.3677 1.3156 2.0541
2.3878 1.3108 2.0544
2.4079 1.3066 2.0569
2.4279 1.3042 2.0607
2.4480 1.3040 2.0644
2.4681 1.3054 2.0669
2.4881 1.3071 2.0677
2.5082 1.3080 2.0671
2.5283 1.3074 2.0662
2.5483 1.3056 2.0663
2.5684 1.3036 2.0681
2.5885 1.3028 2.0713
2.6085 1.3039 2.0749
2.6286 1.3065 2.0776
2.6487 1.3096 2.0787
2.6687 1.3120 2.0786
2.6888 1.3132 2.0783
2.7089 1.3137 2.0788
2.7289 1.3142 2.0802
2.7490 1.3153 2.0822
2.7691 1.3172 2.0842
2.7891 1.3193 2.0858
2.8092 1.3210 2.0872
2.8293 1.3220 2.0890
2.8493 1.3228 2.0921
2.8694 1.3242 2.0966
2.8895 1.3271 2.1022
2.9095 1.3319 2.1080
2.9296 1.3384 2.1132
2.9497 1.3458 2.1171
2.9697 1.3534 2.1201
2.9898 1.3609 2.1224
3.0098 1.3684 2.1246
3.0299 1.3760 2.1266
3.0500 1.3840 2.1285
3.0700 1.3922 2.1301
3.0901 1.4004 2.1315
3.1102 1.4087 2.1329
3.1302 1.4170 2.1344
3.1503 1.4258 2.1360
3.1704 1.4349 2.1377
3.1904 1.4444 2.1394
3.2105 1.4542 2.1412
3.2306 1.4644 2.1431
3.2506 1.4752 2.1453
3.2707 1.4867 2.1477
3.2908 1.4992 2.1505
3.3108 1.5131 2.1532
3.3309 1.5285 2.1557
3.3510 1.5456 2.1573
3.3710 1.5640 2.1577
3.3911 1.5836 2.1564
3.4112 1.6038 2.1533
3.4312 1.6241 2.1484
3.4513 1.6441 2.1419
3.4714 1.6637 2.1342
3.4914 1.6829 2.1255
3.5115 1.7021 2.1160
3.5316 1.7215 2.1054
3.5516 1.7411 2.0930
3.5717 1.7601 2.0783
3.5918 1.7775 2.0608
3.6118 1.7918 2.0413
3.6319 1.8017 2.0211
3.6519 1.8069 2.0025
3.6720 1.8082 1.9875
3.6921 1.8074 1.9780
3.7121 1.8068 1.9747
3.7322 1.8089 1.9776
3.7523 1.8161 1.9858
3.7723 1.8304 1.9976
3.7924 1.8534 2.0105
3.8125 1.8854 2.0213
3.8325 1.9256 2.0272
3.8526 1.9717 2.0257
3.8727 2.0212 2.0163
3.8927 2.0722 1.9991
3.9128 2.1234 1.9751
3.9329 2.1749 1.9448
3.9529 2.2269 1.9082
3.9730 2.2797 1.8639
3.9931 2.3325 1.8101
4.0131 2.3832 1.7448
4.0332 2.4285 1.6667
4.0533 2.4639 1.5760
4.0733 2.4849 1.4747
4.0934 2.4878 1.3670
4.1135 2.4707 1.2585
4.1335 2.4341 1.1552
4.1536 2.3809 1.0626
4.1737 2.3156 0.9840
4.1937 2.2433 0.9206
4.2138 2.1684 0.8716
4.2339 2.0940 0.8353
4.2539 2.0217 0.8094
4.2740 1.9526 0.7922
4.2941 1.8869 0.7822
4.3141 1.8248 0.7783
4.3342 1.7666 0.7796
4.3542 1.7123 0.7853
4.3743 1.6621 0.7947
4.3944 1.6157 0.8069
4.4144 1.5730 0.8213
4.4345 1.5336 0.8374
4.4546 1.4971 0.8549
4.4746 1.4630 0.8737
4.4947 1.4312 0.8940
4.5148 1.4015 0.9158
4.5348 1.3742 0.9392
4.5549 1.3493 0.9644
4.5750 1.3271 0.9910
4.5950 1.3078 1.0191
4.6151 1.2915 1.0481
4.6352 1.2780 1.0780
4.6552 1.2674 1.1086
4.6753 1.2594 1.1400
4.6954 1.2543 1.1722
4.7154 1.2523 1.2054
4.7355 1.2539 1.2396
4.7556 1.2596 1.2747
4.7756 1.2702 1.3103
4.7957 1.2866 1.3457
4.8158 1.3093 1.3795
4.8358 1.3385 1.4100
4.8559 1.3736 1.4355
4.8760 1.4132 1.4544
4.8960 1.4555 1.4655
4.9161 1.4982 1.4688
4.9362 1.5394 1.4648
4.9562 1.5774 1.4549
4.9763 1.6115 1.4408
4.9963 1.6418 1.4240
5.0164 1.6688 1.4057
5.0365 1.6934 1.3863
5.0565 1.7162 1.3659
5.0766 1.7373 1.3440
5.0967 1.7569 1.3205
5.1167 1.7746 1.2950
5.1368 1.7899 1.2672
5.1569 1.8017 1.2373
5.1769 1.8090 1.2056
5.1970 1.8107 1.1736
5.2171 1.8063 1.1432
5.2371 1.7963 1.1166
5.2572 1.7823 1.0959
5.2773 1.7666 1.0822
5.2973 1.7517 1.0755
5.3174 1.7400 1.0752
5.3375 1.7331 1.0796
5.3575 1.7322 1.0871
5.3776 1.7380 1.0957
5.3977 1.7505 1.1033
5.4177 1.7692 1.1082
5.4378 1.7934 1.1083
5.4579 1.8214 1.1021
5.4779 1.8513 1.0882
5.4980 1.8803 1.0660
5.5181 1.9052 1.0361
5.5381 1.9232 1.0004
5.5582 1.9325 0.9621
5.5783 1.9327 0.9249
5.5983 1.9250 0.8925
5.6184 1.9122 0.8679
5.6384 1.8980 0.8527
5.6585 1.8863 0.8466
5.6786 1.8809 0.8485
5.6986 1.8846 0.8557
5.7187 1.8996 0.8647
5.7388 1.9267 0.8716
5.7588 1.9656 0.8718
5.7789 2.0141 0.8612
5.7990 2.0689 0.8365
5.8190 2.1257 0.7954
5.8391 2.1793 0.7371
5.8592 2.2246 0.6622
5.8792 2.2562 0.5735
5.8993 2.2702 0.4756
5.9194 2.2643 0.3744
5.9394 2.2392 0.2763
5.9595 2.1978 0.1867
5.9796 2.1444 0.1086
5.9996 2.0838 0.0434
6.0197 2.0196 -0.0097
6.0398 1.9548 -0.0519
6.0598 1.8910 -0.0848
6.0799 1.8296 -0.1102
6.1000 1.7709 -0.1294
6.1200 1.7153 -0.1437
6.1401 1.6627 -0.1542
6.1602 1.6131 -0.1616
6.1802 1.5662 -0.1665
6.2003 1.5218 -0.1694
6.2204 1.4798 -0.1706
6.2404 1.4398 -0.1706
6.2605 1.4019 -0.1694
6.2806 1.3656 -0.1674
6.3006 1.3310 -0.1646
6.3207 1.2978 -0.1611
6.3407 1.2659 -0.1569
6.3608 1.2353 -0.1520
6.3809 1.2060 -0.1465
6.4009 1.1780 -0.1406
6.4210 1.1514 -0.1343
6.4411 1.1259 -0.1280
6.4611 1.1015 -0.1215
6.4812 1.0779 -0.1151
6.5013 1.0551 -0.1086
6.5213 1.0329 -0.1020
6.5414 1.0114 -0.0952
6.5615 0.9906 -0.0883
6.5815 0.9705 -0.0813
6.6016 0.9509 -0.0742
6.6217 0.9319 -0.0671
6.6417 0.9135 -0.0598
6.6618 0.8956 -0.0524
6.6819 0.8784 -0.0449
6.7019 0.8618 -0.0373
6.7220 0.8458 -0.0299
6.7421 0.8303 -0.0225
6.7621 0.8153 -0.0154
6.7822 0.8005 -0.0084
6.8023 0.7859 -0.0015
6.8223 0.7715 0.0055
6.8424 0.7573 0.0128
6.8625 0.7436 0.0202
6.8825 0.7304 0.0278
6.9026 0.7177 0.0353
6.9227 0.7055 0.0427
6.9427 0.6937 0.0500
6.9628 0.6822 0.0571
6.9828 0.6709 0.0640
7.0029 0.6597 0.0709
7.0230 0.6487 0.0778
7.0430 0.6379 0.0847
7.0631 0.6275 0.0916
7.0832 0.6173 0.0985
7.1032 0.6074 0.1054
7.1233 0.5977 0.1122
7.1434 0.5882 0.1189
7.1634 0.5789 0.1256
7.1835 0.5698 0.1323
7.2036 0.5611 0.1391
7.2236 0.5526 0.1457
7.2437 0.5445 0.1522
7.2638 0.5366 0.1584
7.2838 0.5287 0.1644
7.3039 0.5207 0.1702
7.3240 0.5126 0.1760
7.3440 0.5045 0.1820
7.3641 0.4966 0.1882
7.3842 0.4889 0.1946
7.4042 0.4816 0.2011
7.4243 0.4747 0.2075
7.4444 0.4681 0.2137
7.4644 0.4618 0.2196
7.4845 0.4554 0.2252
7.5046 0.4490 0.2306
7.5246 0.4424 0.2360
7.5447 0.4358 0.2416
7.5648 0.4293 0.2473
7.5848 0.4229 0.2531
7.6049 0.4168 0.2590
7.6249 0.4110 0.2649
7.6450 0.4055 0.2706
7.6651 0.4001 0.2762
7.6851 0.3948 0.2816
7.7052 0.3894 0.2869
7.7253 0.3841 0.2921
7.7453 0.3788 0.2975
7.7654 0.3736 0.3028
7.7855 0.3686 0.3082
7.8055 0.3637 0.3134
7.8256 0.3590 0.3186
7.8457 0.3542 0.3236
7.8657 0.3495 0.3286
7.8858 0.3447 0.3336
7.9059 0.3400 0.3388
7.9259 0.3354 0.3440
7.9460 0.3310 0.3494
7.9661 0.3269 0.3546
7.9861 0.3231 0.3598
8.0062 0.3194 0.3647
8.0263 0.3157 0.3693
8.0463 0.3118 0.3737
8.0664 0.3078 0.3782
8.0865 0.3037 0.3828
8.1065 0.2996 0.3876
8.1266 0.2957 0.3926
8.1467 0.2921 0.3978
8.1667 0.2888 0.4029
8.1868 0.2859 0.4078
8.2069 0.2832 0.4124
8.2269 0.2805 0.4167
8.2470 0.2776 0.4207
8.2671 0.2746 0.4246
8.2871 0.2713 0.4286
8.3072 0.2680 0.4329
8.3272 0.2649 0.4373
8.3473 0.2620 0.4419
8.3674 0.2595 0.4463
8.3874 0.2572 0.4505
8.4075 0.2550 0.4545
8.4276 0.2528 0.4582
8.4476 0.2504 0.4617
8.4677 0.2480 0.4652
8.4878 0.2454 0.4686
8.5078 0.2429 0.4721
8.5279 0.2404 0.4756
8.5480 0.2379 0.4790
8.5680 0.2354 0.4824
8.5881 0.2330 0.4857
8.6082 0.2304 0.4889
8.6282 0.2278 0.4922
8.6483 0.2252 0.4955
8.6684 0.2225 0.4990
8.6884 0.2200 0.5025
8.7085 0.2176 0.5060
8.7286 0.2153 0.5094
8.7486 0.2132 0.5128
8.7687 0.2110 0.5160
8.7888 0.2089 0.5191
8.8088 0.2066 0.5220
8.8289 0.2041 0.5251
8.8490 0.2016 0.5282
8.8690 0.1991 0.5316
8.8891 0.1968 0.5350
8.9092 0.1947 0.5385
8.9292 0.1928 0.5418
8.9493 0.1909 0.5450
8.9693 0.1891 0.5480
8.9894 0.1871 0.5510
9.0095 0.1851 0.5538
9.0295 0.1830 0.5567
9.0496 0.1809 0.5597
9.0697 0.1788 0.5627
9.0897 0.1767 0.5658
9.1098 0.1747 0.5690
9.1299 0.1729 0.5721
9.1499 0.1711 0.5752
9.1700 0.1695 0.5782
9.1901 0.1678 0.5811
9.2101 0.1662 0.5840
9.2302 0.1645 0.5867
9.2503 0.1628 0.5895
9.2703 0.1612 0.5922
9.2904 0.1595 0.5949
9.3105 0.1578 0.5976
9.3305 0.1562 0.6003
9.3506 0.1546 0.6030
9.3707 0.1531 0.6055
9.3907 0.1515 0.6080
9.4108 0.1498 0.6104
9.4309 0.1480 0.6128
9.4509 0.1463 0.6153
9.4710 0.1446 0.6178
9.4911 0.1429 0.6203
9.5111 0.1413 0.6227
9.5312 0.1396 0.6251
9.5513 0.1379 0.6273
9.5713 0.1360 0.6296
9.5914 0.1341 0.6319
9.6114 0.1321 0.6342
9.6315 0.1301 0.6367
9.6516 0.1282 0.6392
9.6716 0.1263 0.6418
9.6917 0.1244 0.6443
9.7118 0.1226 0.6468
9.7318 0.1207 0.6492
9.7519 0.1187 0.6516
9.7720 0.1167 0.6540
9.7920 0.1145 0.6565
9.8121 0.1123 0.6591
9.8322 0.1101 0.6619
9.8522 0.1080 0.6648
9.8723 0.1059 0.6678
9.8924 0.1040 0.6708
9.9124 0.1020 0.6738
9.9325 0.1002 0.6768
9.9526 0.0983 0.6799
9.9726 0.0965 0.6830
9.9927 0.0946 0.6861
10.0128 0.0928 0.6894
10.0328 0.0911 0.6927
10.0529 0.0895 0.6961
10.0730 0.0879 0.6996
10.0930 0.0865 0.7030
10.1131 0.0852 0.7064
10.1332 0.0840 0.7099
10.1532 0.0829 0.7133
10.1733 0.0818 0.7166
10.1934 0.0807 0.7200
10.2134 0.0798 0.7234
10.2335 0.0789 0.7268
10.2536 0.0781 0.7301
10.2736 0.0774 0.7333
10.2937 0.0766 0.7365
10.3137 0.0759 0.7396
10.3338 0.0752 0.7428
10.3539 0.0745 0.7460
10.3739 0.0739 0.7491
10.3940 0.0733 0.7523
10.4141 0.0727 0.7555
10.4341 0.0722 0.7586
10.4542 0.0718 0.7617
10.4743 0.0714 0.7648
10.4943 0.0710 0.7679
10.5144 0.0707 0.7709
10.5345 0.0703 0.7739
10.5545 0.0700 0.7769
10.5746 0.0697 0.7799
10.5947 0.0694 0.7830
10.6147 0.0692 0.7861
10.6348 0.0690 0.7892
10.6549 0.0690 0.7923
10.6749 0.0691 0.7954
10.6950 0.0693 0.7985
10.7151 0.0696 0.8015
10.7351 0.0699 0.8043
10.7552 0.0703 0.8071
10.7753 0.0708 0.8098
10.7953 0.0713 0.8125
10.8154 0.0718 0.8150
10.8355 0.0722 0.8174
10.8555 0.0726 0.8197
10.8756 0.0730 0.8221
10.8957 0.0733 0.8245
10.9157 0.0737 0.8269
10.9358 0.0741 0.8295
10.9558 0.0748 0.8320
10.9759 0.0756 0.8344
10.9960 0.0767 0.8367
11.0160 0.0778 0.8387
11.0361 0.0791 0.8404
11.0562 0.0803 0.8418
11.0762 0.0815 0.8428
11.0963 0.0824 0.8434
11.1164 0.0829 0.8437
11.1364 0.0829 0.8438
11.1565 0.0823 0.8440
11.1766 0.0812 0.8443
11.1966 0.0797 0.8451
11.2167 0.0780 0.8463
11.2368 0.0762 0.8481
11.2568 0.0745 0.8503
11.2769 0.0730 0.8529
11.2970 0.0717 0.8557
11.3170 0.0707 0.8587
11.3371 0.0700 0.8617
11.3572 0.0694 0.8648
11.3772 0.0691 0.8679
11.3973 0.0689 0.8710
11.4174 0.0688 0.8741
11.4374 0.0689 0.8772
11.4575 0.0692 0.8802
11.4776 0.0695 0.8831
11.4976 0.0700 0.8860
11.5177 0.0705 0.8888
11.5378 0.0711 0.8915
11.5578 0.0718 0.8942
11.5779 0.0724 0.8968
11.5980 0.0731 0.8994
11.6180 0.0739 0.9019
11.6381 0.0747 0.9044
11.6581 0.0754 0.9068
11.6782 0.0762 0.9092
11.6983 0.0771 0.9116
11.7183 0.0779 0.9140
11.7384 0.0788 0.9164
11.7585 0.0798 0.9188
11.7785 0.0808 0.9212
11.7986 0.0820 0.9236
11.8187 0.0833 0.9258
11.8387 0.0847 0.9280
11.8588 0.0861 0.9299
11.8789 0.0876 0.9318
11.8989 0.0890 0.9334
11.9190 0.0902 0.9349
11.9391 0.0914 0.9363
11.9591 0.0924 0.9377
11.9792 0.0932 0.9391
11.9993 0.0939 0.9406
12.0193 0.0945 0.9422
12.0394 0.0951 0.9440
12.0595 0.0958 0.9460
12.0795 0.0966 0.9480
12.0996 0.0975 0.9502
12.1197 0.0986 0.9523
12.1397 0.0998 0.9545
12.1598 0.1011 0.9566
12.1799 0.1026 0.9586
12.1999 0.1042 0.9605
12.2200 0.1058 0.9623
12.2401 0.1075 0.9640
12.2601 0.1093 0.9656
12.2802 0.1110 0.9671
12.3002 0.1128 0.9685
12.3203 0.1145 0.9698
12.3404 0.1163 0.9710
12.3604 0.1180 0.9721
12.3805 0.1197 0.9732
12.4006 0.1214 0.9743
12.4206 0.1232 0.9753
12.4407 0.1250 0.9762
12.4608 0.1268 0.9770
12.4808 0.1287 0.9777
12.5009 0.1306 0.9781
12.5210 0.1324 0.9784
12.5410 0.1341 0.9785
12.5611 0.1357 0.9784
12.5812 0.1370 0.9781
12.6012 0.1380 0.9778
12.6213 0.1388 0.9775
12.6414 0.1394 0.9773
12.6614 0.1397 0.9771
12.6815 0.1400 0.9771
12.7016 0.1400 0.9771
12.7216 0.1400 0.9773
12.7417 0.1397 0.9777
12.7618 0.1395 0.9783
12.7818 0.1391 0.9791
12.8019 0.1388 0.9801
12.8220 0.1386 0.9814
12.8420 0.1384 0.9828
12.8621 0.1384 0.9843
12.8822 0.1385 0.9860
12.9022 0.1388 0.9876
12.9223 0.1391 0.9894
12.9423 0.1396 0.9912
12.9624 0.1402 0.9929
12.9825 0.1409 0.9948
13.0025 0.1417 0.9966
13.0226 0.1426 0.9983
13.0427 0.1436 1.0001
13.0627 0.1447 1.0018
13.0828 0.1458 1.0034
13.1029 0.1469 1.0050
13.1229 0.1481 1.0066
13.1430 0.1494 1.0082
13.1631 0.1507 1.0097
13.1831 0.1520 1.0112
13.2032 0.1533 1.0127
13.2233 0.1547 1.0142
13.2433 0.1560 1.0156
13.2634 0.1575 1.0171
13.2835 0.1589 1.0185
13.3035 0.1605 1.0199
13.3236 0.1620 1.0214
13.3437 0.1637 1.0227
13.3637 0.1653 1.0241
13.3838 0.1670 1.0253
13.4039 0.1688 1.0266
13.4239 0.1705 1.0278
13.4440 0.1723 1.0290
13.4641 0.1740 1.0302
13.4841 0.1758 1.0313
13.5042 0.1777 1.0325
13.5243 0.1796 1.0336
13.5443 0.1816 1.0347
13.5644 0.1837 1.0357
13.5845 0.1858 1.0366
13.6045 0.1879 1.0374
13.6246 0.1900 1.0381
13.6446 0.1920 1.0388
13.6647 0.1940 1.0393
13.6848 0.1959 1.0399
13.7048 0.1978 1.0405
13.7249 0.1996 1.0410
13.7450 0.2015 1.0416
13.7650 0.2033 1.0423
13.7851 0.2051 1.0430
13.8052 0.2070 1.0437
13.8252 0.2090 1.0444
13.8453 0.2110 1.0451
13.8654 0.2131 1.0457
13.8854 0.2152 1.0463
13.9055 0.2173 1.0469
13.9256 0.2195 1.0475
13.9456 0.2217 1.0480
13.9657 0.2240 1.0484
13.9858 0.2263 1.0488
14.0058 0.2286 1.0492
14.0259 0.2309 1.0495
14.0460 0.2332 1.0497
14.0660 0.2355 1.0499
14.0861 0.2378 1.0500
14.1062 0.2402 1.0501
14.1262 0.2425 1.0502
14.1463 0.2448 1.0502
14.1664 0.2471 1.0502
14.1864 0.2494 1.0501
14.2065 0.2517 1.0500
14.2266 0.2540 1.0498
14.2466 0.2563 1.0496
14.2667 0.2586 1.0494
14.2867 0.2608 1.0491
14.3068 0.2630 1.0488
14.3269 0.2653 1.0485
14.3469 0.2675 1.0483
14.3670 0.2697 1.0479
14.3871 0.2719 1.0476
14.4071 0.2742 1.0473
14.4272 0.2764 1.0469
14.4473 0.2787 1.0464
14.4673 0.2809 1.0460
14.4874 0.2832 1.0455
14.5075 0.2854 1.0449
14.5275 0.2876 1.0444
14.5476 0.2898 1.0438
14.5677 0.2920 1.0433
14.5877 0.2942 1.0427
14.6078 0.2964 1.0421
14.6279 0.2985 1.0415
14.6479 0.3007 1.0409
14.6680 0.3029 1.0402
14.6881 0.3051 1.0397
14.7081 0.3073 1.0391
14.7282 0.3095 1.0385
14.7483 0.3119 1.0379
14.7683 0.3142 1.0373
14.7884 0.3166 1.0366
14.8085 0.3191 1.0359
14.8285 0.3216 1.0351
14.8486 0.3241 1.0342
14.8687 0.3266 1.0333
14.8887 0.3291 1.0322
14.9088 0.3316 1.0312
14.9288 0.3340 1.0301
14.9489 0.3364 1.0290
14.9690 0.3388 1.0279
14.9890 0.3412 1.0268
15.0091 0.3436 1.0258
15.0292 0.3462 1.0247
15.0492 0.3488 1.0236
15.0693 0.3515 1.0225
15.0894 0.3542 1.0212
15.1094 0.3570 1.0199
15.1295 0.3598 1.0184
15.1496 0.3625 1.0168
15.1696 0.3653 1.0151
15.1897 0.3680 1.0134
15.2098 0.3706 1.0116
15.2298 0.3732 1.0098
15.2499 0.3758 1.0080
15.2700 0.3783 1.0062
15.2900 0.3809 1.0044
15.3101 0.3835 1.0026
15.3302 0.3861 1.0009
15.3502 0.3889 0.9992
15.3703 0.3917 0.9974
15.3904 0.3947 0.9955
15.4104 0.3979 0.9936
15.4305 0.4011 0.9915
15.4506 0.4044 0.9892
15.4706 0.4077 0.9868
15.4907 0.4111 0.9842
15.5108 0.4145 0.9815
15.5308 0.4179 0.9787
15.5509 0.4214 0.9757
15.5710 0.4250 0.9725
15.5910 0.4287 0.9690
15.6111 0.4324 0.9653
15.6311 0.4360 0.9613
15.6512 0.4396 0.9569
15.6713 0.4431 0.9523
15.6913 0.4464 0.9473
15.7114 0.4495 0.9421
15.7315 0.4523 0.9366
15.7515 0.4548 0.9309
15.7716 0.4570 0.9251
15.7917 0.4590 0.9192
15.8117 0.4607 0.9132
15.8318 0.4621 0.9072
15.8519 0.4632 0.9011
15.8719 0.4642 0.8951
15.8920 0.4650 0.8890
15.9121 0.4655 0.8829
15.9321 0.4659 0.8768
15.9522 0.4660 0.8706
15.9723 0.4660 0.8644
15.9923 0.4657 0.8582
16.0124 0.4651 0.8520
16.0325 0.4643 0.8458
16.0525 0.4632 0.8397
16.0726 0.4619 0.8336
16.0927 0.4603 0.8277
16.1127 0.4586 0.8220
16.1328 0.4567 0.8163
16.1529 0.4546 0.8107
16.1729 0.4524 0.8053
16.1930 0.4500 0.7999
16.2131 0.4474 0.7947
16.2331 0.4446 0.7897
16.2532 0.4418 0.7849
16.2732 0.4388 0.7803
16.2933 0.4358 0.7758
16.3134 0.4327 0.7715
16.3334 0.4297 0.7674
16.3535 0.4266 0.7633
16.3736 0.4235 0.7593
16.3936 0.4204 0.7553
16.4137 0.4171 0.7514
16.4338 0.4138 0.7476
16.4538 0.4103 0.7440
16.4739 0.4068 0.7404
16.4940 0.4032 0.7370
16.5140 0.3995 0.7338
16.5341 0.3958 0.7306
16.5542 0.3921 0.7276
16.5742 0.3883 0.7248
16.5943 0.3845 0.7220
16.6144 0.3806 0.7195
16.6344 0.3767 0.7171
16.6545 0.3729 0.7149
16.6746 0.3691 0.7128
16.6946 0.3653 0.7109
16.7147 0.3617 0.7091
16.7348 0.3581 0.7073
16.7548 0.3545 0.7056
16.7749 0.3510 0.7040
16.7950 0.3476 0.7024
16.8150 0.3441 0.7008
16.8351 0.3407 0.6994
16.8552 0.3372 0.6980
16.8752 0.3338 0.6967
16.8953 0.3304 0.6955
16.9153 0.3270 0.6943
16.9354 0.3237 0.6933
16.9555 0.3205 0.6922
16.9755 0.3174 0.6912
16.9956 0.3142 0.6902
17.0157 0.3111 0.6891
17.0357 0.3080 0.6881
17.0558 0.3048 0.6872
17.0759 0.3016 0.6863
17.0959 0.2984 0.6855
17.1160 0.2952 0.6847
17.1361 0.2921 0.6841
17.1561 0.2890 0.6835
17.1762 0.2859 0.6830
17.1963 0.2830 0.6826
17.2163 0.2801 0.6821
17.2364 0.2772 0.6816
17.2565 0.2744 0.6812
17.2765 0.2716 0.6807
17.2966 0.2688 0.6803
17.3167 0.2659 0.6798
17.3367 0.2631 0.6794
17.3568 0.2602 0.6791
17.3769 0.2574 0.6788
17.3969 0.2546 0.6786
17.4170 0.2519 0.6784
17.4371 0.2491 0.6782
17.4571 0.2464 0.6780
17.4772 0.2437 0.6779
17.4973 0.2410 0.6779
17.5173 0.2383 0.6778
17.5374 0.2357 0.6779
17.5575 0.2331 0.6779
17.5775 0.2306 0.6780
17.5976 0.2281 0.6781
17.6176 0.2257 0.6781
17.6377 0.2233 0.6782
17.6578 0.2209 0.6783
17.6778 0.2185 0.6783
17.6979 0.2161 0.6783
17.7180 0.2137 0.6784
17.7380 0.2113 0.6785
17.7581 0.2088 0.6786
17.7782 0.2064 0.6787
17.7982 0.2039 0.6789
17.8183 0.2015 0.6791
17.8384 0.1991 0.6794
17.8584 0.1968 0.6797
17.8785 0.1944 0.6801
17.8986 0.1921 0.6804
17.9186 0.1898 0.6808
17.9387 0.1876 0.6813
17.9588 0.1854 0.6817
17.9788 0.1832 0.6821
17.9989 0.1811 0.6826
18.0190 0.1790 0.6830
18.0390 0.1769 0.6835
18.0591 0.1748 0.6839
18.0792 0.1728 0.6844
18.0992 0.1707 0.6848
18.1193 0.1687 0.6853
18.1394 0.1666 0.6857
18.1594 0.1646 0.6862
18.1795 0.1625 0.6867
18.1996 0.1605 0.6873
18.2196 0.1585 0.6878
18.2397 0.1565 0.6884
18.2597 0.1545 0.6890
18.2798 0.1525 0.6897
18.2999 0.1506 0.6903
18.3199 0.1487 0.6910
18.3400 0.1468 0.6916
18.3601 0.1450 0.6923
18.3801 0.1432 0.6930
18.4002 0.1413 0.6937
18.4203 0.1396 0.6944
18.4403 0.1378 0.6951
18.4604 0.1360 0.6958
18.4805 0.1343 0.6965
18.5005 0.1325 0.6973
18.5206 0.1308 0.6980
18.5407 0.1292 0.6988
18.5607 0.1275 0.6995
18.5808 0.1259 0.7003
18.6009 0.1242 0.7010
18.6209 0.1226 0.7018
18.6410 0.1209 0.7025
18.6611 0.1193 0.7033
18.6811 0.1177 0.7041
18.7012 0.1161 0.7049
18.7213 0.1145 0.7058
18.7413 0.1130 0.7066
18.7614 0.1115 0.7075
18.7815 0.1100 0.7083
18.8015 0.1085 0.7092
18.8216 0.1070 0.7100
18.8417 0.1056 0.7109
18.8617 0.1041 0.7118
18.8818 0.1027 0.7126
18.9018 0.1012 0.7135
18.9219 0.0999 0.7144
18.9420 0.0985 0.7153
18.9620 0.0971 0.7162
18.9821 0.0958 0.7172
19.0022 0.0945 0.7181
19.0222 0.0932 0.7190
19.0423 0.0919 0.7199
19.0624 0.0906 0.7208
19.0824 0.0894 0.7217
19.1025 0.0881 0.7226
19.1226 0.0869 0.7235
19.1426 0.0856 0.7245
19.1627 0.0844 0.7254
19.1828 0.0833 0.7264
19.2028 0.0821 0.7273
19.2229 0.0810 0.7282
19.2430 0.0798 0.7291
19.2630 0.0787 0.7300
19.2831 0.0775 0.7309
19.3032 0.0764 0.7319
19.3232 0.0753 0.7328
19.3433 0.0741 0.7337
19.3634 0.0730 0.7347
19.3834 0.0719 0.7357
19.4035 0.0709 0.7367
19.4236 0.0698 0.7376
19.4436 0.0688 0.7386
19.4637 0.0678 0.7396
19.4838 0.0668 0.7406
19.5038 0.0658 0.7416
19.5239 0.0648 0.7427
19.5440 0.0639 0.7437
19.5640 0.0630 0.7447
19.5841 0.0621 0.7457
19.6041 0.0612 0.7467
19.6242 0.0603 0.7477
19.6443 0.0594 0.7487
19.6643 0.0586 0.7497
19.6844 0.0578 0.7507
19.7045 0.0570 0.7517
19.7245 0.0562 0.7527
19.7446 0.0555 0.7537
19.7647 0.0547 0.7546
19.7847 0.0540 0.7556
19.8048 0.0533 0.7566
19.8249 0.0526 0.7575
19.8449 0.0519 0.7585
19.8650 0.0512 0.7594
19.8851 0.0505 0.7603
19.9051 0.0498 0.7613
19.9252 0.0491 0.7622
19.9453 0.0485 0.7631
19.9653 0.0478 0.7640
19.9854 0.0472 0.7649
20.0055 0.0466 0.7659
20.0255 0.0460 0.7668
20.0456 0.0454 0.7677
20.0657 0.0448 0.7686
20.0857 0.0442 0.7695
20.1058 0.0436 0.7703
20.1259 0.0430 0.7712
20.1459 0.0425 0.7721
20.1660 0.0419 0.7730
20.1861 0.0414 0.7738
20.2061 0.0409 0.7747
20.2262 0.0403 0.7755
20.2462 0.0398 0.7764
20.2663 0.0393 0.7772
20.2864 0.0388 0.7780
20.3064 0.0383 0.7789
20.3265 0.0378 0.7797
20.3466 0.0372 0.7805
20.3666 0.0368 0.7814
20.3867 0.0363 0.7822
20.4068 0.0358 0.7830
20.4268 0.0353 0.7839
20.4469 0.0349 0.7847
20.4670 0.0344 0.7855
20.4870 0.0340 0.7863
20.5071 0.0336 0.7871
20.5272 0.0331 0.7879
20.5472 0.0327 0.7887
20.5673 0.0323 0.7895
20.5874 0.0319 0.7903
20.6074 0.0315 0.7910
20.6275 0.0311 0.7918
20.6476 0.0308 0.7926
20.6676 0.0304 0.7933
20.6877 0.0300 0.7941
20.7078 0.0297 0.7948
20.7278 0.0293 0.7955
20.7479 0.0289 0.7963
20.7680 0.0286 0.7970
20.7880 0.0282 0.7977
20.8081 0.0278 0.7984
20.8282 0.0274 0.7991
20.8482 0.0271 0.7998
20.8683 0.0267 0.8005
20.8883 0.0263 0.8012
20.9084 0.0259 0.8020
20.9285 0.0256 0.8027
20.9485 0.0252 0.8034
20.9686 0.0249 0.8041
20.9887 0.0246 0.8048
21.0087 0.0242 0.8056
21.0288 0.0239 0.8063
21.0489 0.0236 0.8070
21.0689 0.0233 0.8077
21.0890 0.0230 0.8084
21.1091 0.0227 0.8091
21.1291 0.0224 0.8098
21.1492 0.0222 0.8105
21.1693 0.0219 0.8112
21.1893 0.0216 0.8118
21.2094 0.0213 0.8125
21.2295 0.0211 0.8132
21.2495 0.0208 0.8139
21.2696 0.0205 0.8145
21.2897 0.0203 0.8152
21.3097 0.0200 0.8158
21.3298 0.0198 0.8165
21.3499 0.0195 0.8171
21.3699 0.0193 0.8178
21.3900 0.0191 0.8184
21.4101 0.0188 0.8191
21.4301 0.0186 0.8197
21.4502 0.0184 0.8204
21.4703 0.0182 0.8210
21.4903 0.0179 0.8216
21.5104 0.0177 0.8222
21.5305 0.0175 0.8228
21.5505 0.0173 0.8234
21.5706 0.0171 0.8240
21.5906 0.0169 0.8247
21.6107 0.0167 0.8253
21.6308 0.0165 0.8259
21.6508 0.0163 0.8265
21.6709 0.0161 0.8270
21.6910 0.0159 0.8276
21.7110 0.0157 0.8282
21.7311 0.0155 0.8288
21.7512 0.0153 0.8294
21.7712 0.0151 0.8300
21.7913 0.0150 0.8306
21.8114 0.0148 0.8311
21.8314 0.0146 0.8317
21.8515 0.0145 0.8323
21.8716 0.0143 0.8328
21.8916 0.0141 0.8334
21.9117 0.0140 0.8339
21.9318 0.0138 0.8345
21.9518 0.0136 0.8350
21.9719 0.0135 0.8356
21.9920 0.0133 0.8361
22.0120 0.0132 0.8367
22.0321 0.0130 0.8372
22.0522 0.0129 0.8377
22.0722 0.0127 0.8383
22.0923 0.0126 0.8388
22.1124 0.0124 0.8393
22.1324 0.0123 0.8399
22.1525 0.0121 0.8404
22.1726 0.0120 0.8409
22.1926 0.0119 0.8414
22.2127 0.0117 0.8420
22.2327 0.0116 0.8425
22.2528 0.0115 0.8430
22.2729 0.0113 0.8435
22.2929 0.0112 0.8440
22.3130 0.0111 0.8445
22.3331 0.0110 0.8450
22.3531 0.0108 0.8455
22.3732 0.0107 0.8460
22.3933 0.0106 0.8465
22.4133 0.0105 0.8470
22.4334 0.0103 0.8475
22.4535 0.0102 0.8479
22.4735 0.0101 0.8484
22.4936 0.0100 0.8489
22.5137 0.0099 0.8494
22.5337 0.0098 0.8499
22.5538 0.0097 0.8503
22.5739 0.0095 0.8508
22.5939 0.0094 0.8513
22.6140 0.0093 0.8518
22.6341 0.0092 0.8522
22.6541 0.0091 0.8527
22.6742 0.0090 0.8532
22.6943 0.0089 0.8537
22.7143 0.0088 0.8541
22.7344 0.0087 0.8546
22.7545 0.0086 0.8550
22.7745 0.0085 0.8555
22.7946 0.0084 0.8560
22.8147 0.0083 0.8564
22.8347 0.0083 0.8569
22.8548 0.0082 0.8574
22.8748 0.0081 0.8578
22.8949 0.0080 0.8583
22.9150 0.0079 0.8587
22.9350 0.0079 0.8592
22.9551 0.0078 0.8596
22.9752 0.0077 0.8601
22.9952 0.0077 0.8605
23.0153 0.0076 0.8609
23.0354 0.0075 0.8614
23.0554 0.0075 0.8618
23.0755 0.0074 0.8622
23.0956 0.0074 0.8627
23.1156 0.0073 0.8631
23.1357 0.0073 0.8635
23.1558 0.0072 0.8639
23.1758 0.0072 0.8644
23.1959 0.0071 0.8648
23.2160 0.0071 0.8652
23.2360 0.0070 0.8656
23.2561 0.0070 0.8660
23.2762 0.0070 0.8664
23.2962 0.0069 0.8668
23.3163 0.0069 0.8672
23.3364 0.0069 0.8676
23.3564 0.0068 0.8680
23.3765 0.0068 0.8684
23.3966 0.0068 0.8688
23.4166 0.0067 0.8692
23.4367 0.0067 0.8695
23.4568 0.0066 0.8699
23.4768 0.0066 0.8703
23.4969 0.0066 0.8707
23.5170 0.0065 0.8711
23.5370 0.0065 0.8715
23.5571 0.0065 0.8718
23.5771 0.0065 0.8722
23.5972 0.0065 0.8726
23.6173 0.0064 0.8730
23.6373 0.0064 0.8733
23.6574 0.0064 0.8737
23.6775 0.0064 0.8740
23.6975 0.0064 0.8744
23.7176 0.0063 0.8747
23.7377 0.0063 0.8750
23.7577 0.0063 0.8754
23.7778 0.0062 0.8758
23.7979 0.0062 0.8761
23.8179 0.0062 0.8765
23.8380 0.0062 0.8769
23.8581 0.0062 0.8773
23.8781 0.0062 0.8777
23.8982 0.0062 0.8780
23.9183 0.0062 0.8784
23.9383 0.0063 0.8787
23.9584 0.0063 0.8790
23.9785 0.0064 0.8794
23.9985 0.0064 0.8797
24.0186 0.0064 0.8799
24.0387 0.0065 0.8802
24.0587 0.0065 0.8805
24.0788 0.0065 0.8808
24.0989 0.0065 0.8810
24.1189 0.0065 0.8813
24.1390 0.0064 0.8816
24.1591 0.0064 0.8819
24.1791 0.0064 0.8822
24.1992 0.0064 0.8825
24.2192 0.0063 0.8828
24.2393 0.0063 0.8831
24.2594 0.0063 0.8834
24.2794 0.0063 0.8837
24.2995 0.0063 0.8840
24.3196 0.0063 0.8843
24.3396 0.0064 0.8846
24.3597 0.0064 0.8848
24.3798 0.0064 0.8851
24.3998 0.0064 0.8854
24.4199 0.0064 0.8857
24.4400 0.0064 0.8859
24.4600 0.0064 0.8862
24.4801 0.0065 0.8865
24.5002 0.0065 0.8867
24.5202 0.0065 0.8870
24.5403 0.0065 0.8872
24.5604 0.0065 0.8875
24.5804 0.0065 0.8877
24.6005 0.0065 0.8879
24.6206 0.0065 0.8882
24.6406 0.0065 0.8884
24.6607 0.0065 0.8887
24.6808 0.0065 0.8889
24.7008 0.0065 0.8891
24.7209 0.0065 0.8893
24.7410 0.0065 0.8896
24.7610 0.0065 0.8898
24.7811 0.0065 0.8900
24.8012 0.0065 0.8903
24.8212 0.0065 0.8905
24.8413 0.0065 0.8907
24.8613 0.0064 0.8909
24.8814 0.0064 0.8912
24.9015 0.0064 0.8914
24.9215 0.0064 0.8916
24.9416 0.0064 0.8918
24.9617 0.0064 0.8921
24.9817 0.0063 0.8923
25.0018 0.0063 0.8925
25.0219 0.0063 0.8927
25.0419 0.0063 0.8930
25.0620 0.0063 0.8932
25.0821 0.0063 0.8934
25.1021 0.0063 0.8936
25.1222 0.0063 0.8938
25.1423 0.0063 0.8941
25.1623 0.0063 0.8943
25.1824 0.0063 0.8945
25.2025 0.0062 0.8947
25.2225 0.0062 0.8949
25.2426 0.0062 0.8951
25.2627 0.0062 0.8953
25.2827 0.0062 0.8955
25.3028 0.0062 0.8957
25.3229 0.0062 0.8959
25.3429 0.0062 0.8961
25.3630 0.0062 0.8963
25.3831 0.0062 0.8965
25.4031 0.0061 0.8966
25.4232 0.0061 0.8968
25.4433 0.0061 0.8970
25.4633 0.0061 0.8972
25.4834 0.0061 0.8974
25.5035 0.0060 0.8975
25.5235 0.0060 0.8977
25.5436 0.0060 0.8979
25.5636 0.0059 0.8981
25.5837 0.0059 0.8982
25.6038 0.0059 0.8984
25.6238 0.0058 0.8986
25.6439 0.0058 0.8988
25.6640 0.0057 0.8989
25.6840 0.0057 0.8991
25.7041 0.0056 0.8993
25.7242 0.0056 0.8995
25.7442 0.0055 0.8997
25.7643 0.0055 0.8999
25.7844 0.0054 0.9001
25.8044 0.0054 0.9002
25.8245 0.0053 0.9004
25.8446 0.0052 0.9006
25.8646 0.0052 0.9008
25.8847 0.0051 0.9010
25.9048 0.0051 0.9012
25.9248 0.0050 0.9014
25.9449 0.0049 0.9016
25.9650 0.0049 0.9018
25.9850 0.0048 0.9020
26.0051 0.0048 0.9022
26.0252 0.0047 0.9024
26.0452 0.0047 0.9027
26.0653 0.0046 0.9029
26.0854 0.0046 0.9031
26.1054 0.0045 0.9033
26.1255 0.0045 0.9035
26.1456 0.0044 0.9038
26.1656 0.0044 0.9040
26.1857 0.0044 0.9042
26.2057 0.0044 0.9044
26.2258 0.0043 0.9046
26.2459 0.0043 0.9049
26.2659 0.0043 0.9051
26.2860 0.0043 0.9053
26.3061 0.0043 0.9055
26.3261 0.0043 0.9057
26.3462 0.0043 0.9059
26.3663 0.0043 0.9061
26.3863 0.0043 0.9063
26.4064 0.0043 0.9065
26.4265 0.0043 0.9067
26.4465 0.0043 0.9069
26.4666 0.0043 0.9071
26.4867 0.0043 0.9073
26.5067 0.0043 0.9074
26.5268 0.0043 0.9076
26.5469 0.0043 0.9078
26.5669 0.0043 0.9080
26.5870 0.0043 0.9081
26.6071 0.0043 0.9083
26.6271 0.0043 0.9084
26.6472 0.0043 0.9086
26.6673 0.0043 0.9087
26.6873 0.0042 0.9089
26.7074 0.0042 0.9090
26.7275 0.0042 0.9092
26.7475 0.0042 0.9094
26.7676 0.0041 0.9095
26.7877 0.0041 0.9097
26.8077 0.0041 0.9098
26.8278 0.0041 0.9100
26.8478 0.0040 0.9102
26.8679 0.0040 0.9103
26.8880 0.0040 0.9105
26.9080 0.0040 0.9107
26.9281 0.0039 0.9108
26.9482 0.0039 0.9110
26.9682 0.0039 0.9112
26.9883 0.0039 0.9113
27.0084 0.0038 0.9115
27.0284 0.0038 0.9116
27.0485 0.0038 0.9118
27.0686 0.0038 0.9119
27.0886 0.0037 0.9121
27.1087 0.0037 0.9123
27.1288 0.0037 0.9124
27.1488 0.0037 0.9126
27.1689 0.0036 0.9127
27.1890 0.0036 0.9129
27.2090 0.0036 0.9130
27.2291 0.0035 0.9132
27.2492 0.0035 0.9134
27.2692 0.0035 0.9135
27.2893 0.0034 0.9137
27.3094 0.0034 0.9139
27.3294 0.0034 0.9140
27.3495 0.0034 0.9142
27.3696 0.0033 0.9143
27.3896 0.0033 0.9145
27.4097 0.0033 0.9147
27.4298 0.0033 0.9148
27.4498 0.0032 0.9150
27.4699 0.0032 0.9152
27.4900 0.0032 0.9153
27.5100 0.0032 0.9155
27.5301 0.0031 0.9157
27.5501 0.0031 0.9158
27.5702 0.0031 0.9160
27.5903 0.0031 0.9161
27.6103 0.0031 0.9163
27.6304 0.0031 0.9164
27.6505 0.0030 0.9166
27.6705 0.0030 0.9168
27.6906 0.0030 0.9169
27.7107 0.0030 0.9171
27.7307 0.0030 0.9172
27.7508 0.0030 0.9174
27.7709 0.0030 0.9175
27.7909 0.0029 0.9177
27.8110 0.0029 0.9178
27.8311 0.0029 0.9180
27.8511 0.0029 0.9181
27.8712 0.0029 0.9183
27.8913 0.0029 0.9184
27.9113 0.0029 0.9186
27.9314 0.0028 0.9187
27.9515 0.0028 0.9189
27.9715 0.0028 0.9190
27.9916 0.0028 0.9192
28.0117 0.0028 0.9193
28.0317 0.0028 0.9194
28.0518 0.0028 0.9196
28.0719 0.0027 0.9197
28.0919 0.0027 0.9199
28.1120 0.0027 0.9200
28.1321 0.0027 0.9201
28.1521 0.0027 0.9203
28.1722 0.0027 0.9204
28.1922 0.0027 0.9206
28.2123 0.0026 0.9207
28.2324 0.0026 0.9208
28.2524 0.0026 0.9210
28.2725 0.0026 0.9211
28.2926 0.0026 0.9213
28.3126 0.0026 0.9214
28.3327 0.0026 0.9215
28.3528 0.0025 0.9217
28.3728 0.0025 0.9218
28.3929 0.0025 0.9219
28.4130 0.0025 0.9221
28.4330 0.0025 0.9222
28.4531 0.0025 0.9223
28.4732 0.0025 0.9225
28.4932 0.0025 0.9226
28.5133 0.0025 0.9227
28.5334 0.0024 0.9229
28.5534 0.0024 0.9230
28.5735 0.0024 0.9231
28.5936 0.0024 0.9232
28.6136 0.0024 0.9234
28.6337 0.0024 0.9235
28.6538 0.0024 0.9236
28.6738 0.0023 0.9237
28.6939 0.0023 0.9239
28.7140 0.0023 0.9240
28.7340 0.0023 0.9241
28.7541 0.0023 0.9242
28.7742 0.0022 0.9243
28.7942 0.0022 0.9245
28.8143 0.0022 0.9246
28.8343 0.0022 0.9247
28.8544 0.0022 0.9248
28.8745 0.0021 0.9249
28.8945 0.0021 0.9251
28.9146 0.0021 0.9252
28.9347 0.0021 0.9253
28.9547 0.0021 0.9254
28.9748 0.0020 0.9256
28.9949 0.0020 0.9257
29.0149 0.0020 0.9258
29.0350 0.0020 0.9259
29.0551 0.0019 0.9260
29.0751 0.0019 0.9262
29.0952 0.0019 0.9263
29.1153 0.0019 0.9264
29.1353 0.0018 0.9265
29.1554 0.0018 0.9267
29.1755 0.0018 0.9268
29.1955 0.0018 0.9269
29.2156 0.0017 0.9270
29.2357 0.0017 0.9271
29.2557 0.0017 0.9273
29.2758 0.0017 0.9274
29.2959 0.0016 0.9275
29.3159 0.0016 0.9276
29.3360 0.0016 0.9278
29.3561 0.0016 0.9279
29.3761 0.0015 0.9280
29.3962 0.0015 0.9281
29.4163 0.0015 0.9283
29.4363 0.0015 0.9284
29.4564 0.0015 0.9285
29.4765 0.0014 0.9286
29.4965 0.0014 0.9288
29.5166 0.0014 0.9289
29.5366 0.0014 0.9290
29.5567 0.0013 0.9291
29.5768 0.0013 0.9293
29.5968 0.0013 0.9294
29.6169 0.0013 0.9295
29.6370 0.0013 0.9296
29.6570 0.0013 0.9298
29.6771 0.0012 0.9299
29.6972 0.0012 0.9300
29.7172 0.0012 0.9301
29.7373 0.0012 0.9303
29.7574 0.0012 0.9304
29.7774 0.0011 0.9305
29.7975 0.0011 0.9306
29.8176 0.0011 0.9308
29.8376 0.0011 0.9309
29.8577 0.0011 0.9310
29.8778 0.0011 0.9311
29.8978 0.0011 0.9313
29.9179 0.0010 0.9314
29.9380 0.0010 0.9315
29.9580 0.0010 0.9316
29.9781 0.0010 0.9317
29.9982 0.0010 0.9319
30.0182 0.0010 0.9320
30.0383 0.0010 0.9321
30.0584 0.0009 0.9322
30.0784 0.0009 0.9324
30.0985 0.0009 0.9325
30.1186 0.0009 0.9326
30.1386 0.0009 0.9327
30.1587 0.0009 0.9328
30.1787 0.0009 0.9330
30.1988 0.0009 0.9331
30.2189 0.0009 0.9332
30.2389 0.0008 0.9333
30.2590 0.0008 0.9334
30.2791 0.0008 0.9335
30.2991 0.0008 0.9337
30.3192 0.0008 0.9338
30.3393 0.0008 0.9339
30.3593 0.0008 0.9340
30.3794 0.0008 0.9341
30.3995 0.0008 0.9342
30.4195 0.0008 0.9344
30.4396 0.0008 0.9345
30.4597 0.0008 0.9346
30.4797 0.0008 0.9347
30.4998 0.0008 0.9348
30.5199 0.0007 0.9349
30.5399 0.0007 0.9350
30.5600 0.0007 0.9352
30.5801 0.0007 0.9353
30.6001 0.0007 0.9354
30.6202 0.0007 0.9355
30.6403 0.0007 0.9356
30.6603 0.0007 0.9357
30.6804 0.0007 0.9358
30.7005 0.0007 0.9359
30.7205 0.0007 0.9360
30.7406 0.0007 0.9361
30.7607 0.0007 0.9362
30.7807 0.0007 0.9364
30.8008 0.0007 0.9365
30.8208 0.0007 0.9366
30.8409 0.0007 0.9367
30.8610 0.0007 0.9368
30.8810 0.0007 0.9369
30.9011 0.0007 0.9370
30.9212 0.0007 0.9371
30.9412 0.0007 0.9372
30.9613 0.0007 0.9373
30.9814 0.0007 0.9374
31.0014 0.0007 0.9375
31.0215 0.0007 0.9376
31.0416 0.0006 0.9377
31.0616 0.0006 0.9378
31.0817 0.0006 0.9379
31.1018 0.0006 0.9380
31.1218 0.0006 0.9381
31.1419 0.0006 0.9382
31.1620 0.0006 0.9383
31.1820 0.0006 0.9384
31.2021 0.0006 0.9385
31.2222 0.0006 0.9386
31.2422 0.0006 0.9387
31.2623 0.0006 0.9388
31.2824 0.0006 0.9389
31.3024 0.0006 0.9390
31.3225 0.0006 0.9391
31.3426 0.0006 0.9392
31.3626 0.0006 0.9393
31.3827 0.0006 0.9394
31.4028 0.0006 0.9395
31.4228 0.0006 0.9396
31.4429 0.0006 0.9397
31.4630 0.0006 0.9398
31.4830 0.0006 0.9399
31.5031 0.0006 0.9400
31.5231 0.0006 0.9401
31.5432 0.0006 0.9402
31.5633 0.0006 0.9402
31.5833 0.0006 0.9403
31.6034 0.0006 0.9404
31.6235 0.0005 0.9405
31.6435 0.0005 0.9406
31.6636 0.0005 0.9407
31.6837 0.0005 0.9408
31.7037 0.0005 0.9409
31.7238 0.0005 0.9410
31.7439 0.0005 0.9411
31.7639 0.0005 0.9412
31.7840 0.0005 0.9413
31.8041 0.0005 0.9414
31.8241 0.0005 0.9415
31.8442 0.0005 0.9415
31.8643 0.0005 0.9416
31.8843 0.0005 0.9417
31.9044 0.0005 0.9418
31.9245 0.0005 0.9419
31.9445 0.0005 0.9420
31.9646 0.0005 0.9421
31.9847 0.0005 0.9422
32.0047 0.0005 0.9423
32.0248 0.0005 0.9424
32.0449 0.0005 0.9425
32.0649 0.0005 0.9425
32.0850 0.0005 0.9426
32.1051 0.0005 0.9427
32.1251 0.0005 0.9428
32.1452 0.0005 0.9429
32.1652 0.0005 0.9430
32.1853 0.0005 0.9431
32.2054 0.0005 0.9432
32.2254 0.0005 0.9432
32.2455 0.0005 0.9433
32.2656 0.0005 0.9434
32.2856 0.0005 0.9435
32.3057 0.0005 0.9436
32.3258 0.0005 0.9437
32.3458 0.0005 0.9438
32.3659 0.0004 0.9438
32.3860 0.0004 0.9439
32.4060 0.0004 0.9440
32.4261 0.0004 0.9441
32.4462 0.0004 0.9442
32.4662 0.0004 0.9443
32.4863 0.0004 0.9444
32.5064 0.0004 0.9444
32.5264 0.0004 0.9445
32.5465 0.0004 0.9446
32.5666 0.0004 0.9447
32.5866 0.0004 0.9448
32.6067 0.0004 0.9449
32.6268 0.0004 0.9449
32.6468 0.0004 0.9450
32.6669 0.0004 0.9451
32.6870 0.0004 0.9452
32.7070 0.0004 0.9453
32.7271 0.0004 0.9453
32.7472 0.0004 0.9454
32.7672 0.0004 0.9455
32.7873 0.0004 0.9456
32.8074 0.0004 0.9457
32.8274 0.0004 0.9458
32.8475 0.0004 0.9458
32.8675 0.0004 0.9459
32.8876 0.0004 0.9460
32.9077 0.0004 0.9461
32.9277 0.0004 0.9461
32.9478 0.0004 0.9462
32.9679 0.0004 0.9463
32.9879 0.0004 0.9464
33.0080 0.0004 0.9465
33.0281 0.0004 0.9465
33.0481 0.0004 0.9466
33.0682 0.0004 0.9467
33.0883 0.0004 0.9468
33.1083 0.0004 0.9469
33.1284 0.0004 0.9469
33.1485 0.0004 0.9470
33.1685 0.0004 0.9471
33.1886 0.0004 0.9472
33.2087 0.0004 0.9472
33.2287 0.0004 0.9473
33.2488 0.0004 0.9474
33.2689 0.0004 0.9475
33.2889 0.0004 0.9475
33.3090 0.0004 0.9476
33.3291 0.0004 0.9477
33.3491 0.0004 0.9478
33.3692 0.0004 0.9479
33.3893 0.0004 0.9479
33.4093 0.0004 0.9480
33.4294 0.0004 0.9481
33.4495 0.0004 0.9481
33.4695 0.0004 0.9482
33.4896 0.0004 0.9483
33.5096 0.0004 0.9484
33.5297 0.0004 0.9484
33.5498 0.0004 0.9485
33.5698 0.0004 0.9486
33.5899 0.0004 0.9487
33.6100 0.0004 0.9487
33.6300 0.0004 0.9488
33.6501 0.0004 0.9489
33.6702 0.0004 0.9490
33.6902 0.0004 0.9490
33.7103 0.0004 0.9491
33.7304 0.0004 0.9492
33.7504 0.0004 0.9492
33.7705 0.0004 0.9493
33.7906 0.0004 0.9494
33.8106 0.0004 0.9495
33.8307 0.0004 0.9495
33.8508 0.0004 0.9496
33.8708 0.0004 0.9497
33.8909 0.0004 0.9497
33.9110 0.0004 0.9498
33.9310 0.0003 0.9499
33.9511 0.0003 0.9500
33.9712 0.0003 0.9500
33.9912 0.0003 0.9501
34.0113 0.0003 0.9502
34.0314 0.0003 0.9502
34.0514 0.0003 0.9503
34.0715 0.0003 0.9504
34.0916 0.0003 0.9504
34.1116 0.0003 0.9505
34.1317 0.0003 0.9506
34.1517 0.0003 0.9506
34.1718 0.0003 0.9507
34.1919 0.0003 0.9508
34.2119 0.0003 0.9508
34.2320 0.0003 0.9509
34.2521 0.0003 0.9510
34.2721 0.0003 0.9511
34.2922 0.0003 0.9511
34.3123 0.0003 0.9512
34.3323 0.0003 0.9513
34.3524 0.0003 0.9513
34.3725 0.0003 0.9514
34.3925 0.0003 0.9515
34.4126 0.0003 0.9515
34.4327 0.0003 0.9516
34.4527 0.0003 0.9517
34.4728 0.0003 0.9517
34.4929 0.0003 0.9518
34.5129 0.0003 0.9518
34.5330 0.0003 0.9519
34.5531 0.0003 0.9520
34.5731 0.0003 0.9520
34.5932 0.0003 0.9521
34.6133 0.0003 0.9522
34.6333 0.0003 0.9522
34.6534 0.0003 0.9523
34.6735 0.0003 0.9524
34.6935 0.0003 0.9524
34.7136 0.0003 0.9525
34.7337 0.0003 0.9526
34.7537 0.0003 0.9526
34.7738 0.0003 0.9527
34.7939 0.0003 0.9528
34.8139 0.0003 0.9528
34.8340 0.0003 0.9529
34.8540 0.0003 0.9529
34.8741 0.0003 0.9530
34.8942 0.0003 0.9531
34.9142 0.0003 0.9531
34.9343 0.0003 0.9532
34.9544 0.0003 0.9533
34.9744 0.0003 0.9533
34.9945 0.0003 0.9534
35.0146 0.0003 0.9534
35.0346 0.0003 0.9535
35.0547 0.0003 0.9536
35.0748 0.0003 0.9536
35.0948 0.0003 0.9537
35.1149 0.0003 0.9538
35.1350 0.0003 0.9538
35.1550 0.0003 0.9539
35.1751 0.0003 0.9539
35.1952 0.0003 0.9540
35.2152 0.0003 0.9541
35.2353 0.0003 0.9541
35.2554 0.0003 0.9542
35.2754 0.0003 0.9542
35.2955 0.0003 0.9543
35.3156 0.0003 0.9544
35.3356 0.0003 0.9544
35.3557 0.0003 0.9545
35.3758 0.0003 0.9545
35.3958 0.0003 0.9546
35.4159 0.0003 0.9547
35.4360 0.0003 0.9547
35.4560 0.0003 0.9548
35.4761 0.0003 0.9548
35.4961 0.0003 0.9549
35.5162 0.0003 0.9550
35.5363 0.0003 0.9550
35.5563 0.0003 0.9551
35.5764 0.0003 0.9551
35.5965 0.0003 0.9552
35.6165 0.0003 0.9552
35.6366 0.0003 0.9553
35.6567 0.0003 0.9554
35.6767 0.0003 0.9554
35.6968 0.0003 0.9555
35.7169 0.0003 0.9555
35.7369 0.0003 0.9556
35.7570 0.0003 0.9556
35.7771 0.0003 0.9557
35.7971 0.0003 0.9558
35.8172 0.0003 0.9558
35.8373 0.0003 0.9559
35.8573 0.0003 0.9559
35.8774 0.0003 0.9560
35.8975 0.0003 0.9560
35.9175 0.0003 0.9561
35.9376 0.0003 0.9562
35.9577 0.0003 0.9562
35.9777 0.0003 0.9563
35.9978 0.0003 0.9563
36.0179 0.0003 0.9564
36.0379 0.0003 0.9564
36.0580 0.0003 0.9565
36.0781 0.0003 0.9566
36.0981 0.0003 0.9566
36.1182 0.0003 0.9567
36.1382 0.0003 0.9567
36.1583 0.0003 0.9568
36.1784 0.0003 0.9568
36.1984 0.0003 0.9569
36.2185 0.0003 0.9569
36.2386 0.0003 0.9570
36.2586 0.0003 0.9570
36.2787 0.0003 0.9571
36.2988 0.0003 0.9572
36.3188 0.0003 0.9572
36.3389 0.0003 0.9573
36.3590 0.0003 0.9573
36.3790 0.0003 0.9574
36.3991 0.0003 0.9574
36.4192 0.0003 0.9575
36.4392 0.0003 0.9575
36.4593 0.0003 0.9576
36.4794 0.0003 0.9576
36.4994 0.0003 0.9577
36.5195 0.0003 0.9577
36.5396 0.0003 0.9578
36.5596 0.0003 0.9578
36.5797 0.0003 0.9579
36.5998 0.0003 0.9580
36.6198 0.0003 0.9580
36.6399 0.0003 0.9581
36.6600 0.0003 0.9581
36.6800 0.0003 0.9582
36.7001 0.0003 0.9582
36.7202 0.0003 0.9583
36.7402 0.0003 0.9583
36.7603 0.0003 0.9584
36.7804 0.0003 0.9584
36.8004 0.0003 0.9585
36.8205 0.0003 0.9585
36.8405 0.0003 0.9586
36.8606 0.0003 0.9586
36.8807 0.0003 0.9587
36.9007 0.0003 0.9587
36.9208 0.0003 0.9588
36.9409 0.0003 0.9588
36.9609 0.0003 0.9589
36.9810 0.0003 0.9589
37.0011 0.0003 0.9590
37.0211 0.0003 0.9590
37.0412 0.0003 0.9591
37.0613 0.0003 0.9591
37.0813 0.0002 0.9592
37.1014 0.0002 0.9592
37.1215 0.0002 0.9593
37.1415 0.0002 0.9593
37.1616 0.0002 0.9594
37.1817 0.0002 0.9594
37.2017 0.0002 0.9595
37.2218 0.0002 0.9595
37.2419 0.0002 0.9596
37.2619 0.0002 0.9596
37.2820 0.0002 0.9597
37.3021 0.0002 0.9597
37.3221 0.0002 0.9598
37.3422 0.0002 0.9598
37.3623 0.0002 0.9599
37.3823 0.0002 0.9599
37.4024 0.0002 0.9600
37.4225 0.0002 0.9600
37.4425 0.0002 0.9601
37.4626 0.0002 0.9601
37.4826 0.0002 0.9602
37.5027 0.0002 0.9602
37.5228 0.0002 0.9603
37.5428 0.0002 0.9603
37.5629 0.0002 0.9604
37.5830 0.0002 0.9604
37.6030 0.0002 0.9605
37.6231 0.0002 0.9605
37.6432 0.0002 0.9605
37.6632 0.0002 0.9606
37.6833 0.0002 0.9606
37.7034 0.0002 0.9607
37.7234 0.0002 0.9607
37.7435 0.0002 0.9608
37.7636 0.0002 0.9608
37.7836 0.0002 0.9609
37.8037 0.0002 0.9609
37.8238 0.0002 0.9610
37.8438 0.0002 0.9610
37.8639 0.0002 0.9611
37.8840 0.0002 0.9611
37.9040 0.0002 0.9612
37.9241 0.0002 0.9612
37.9442 0.0002 0.9613
37.9642 0.0002 0.9613
37.9843 0.0002 0.9613
38.0044 0.0002 0.9614
38.0244 0.0002 0.9614
38.0445 0.0002 0.9615
38.0646 0.0002 0.9615
38.0846 0.0002 0.9616
38.1047 0.0002 0.9616
38.1247 0.0002 0.9617
38.1448 0.0002 0.9617
38.1649 0.0002 0.9618
38.1849 0.0002 0.9618
38.2050 0.0002 0.9618
38.2251 0.0002 0.9619
38.2451 0.0002 0.9619
38.2652 0.0002 0.9620
38.2853 0.0002 0.9620
38.3053 0.0002 0.9621
38.3254 0.0002 0.9621
38.3455 0.0002 0.9622
38.3655 0.0002 0.9622
38.3856 0.0002 0.9622
38.4057 0.0002 0.9623
38.4257 0.0002 0.9623
38.4458 0.0002 0.9624
38.4659 0.0002 0.9624
38.4859 0.0002 0.9625
38.5060 0.0002 0.9625
38.5261 0.0002 0.9626
38.5461 0.0002 0.9626
38.5662 0.0002 0.9626
38.5863 0.0002 0.9627
38.6063 0.0002 0.9627
38.6264 0.0002 0.9628
38.6465 0.0002 0.9628
38.6665 0.0002 0.9629
38.6866 0.0002 0.9629
38.7067 0.0002 0.9629
38.7267 0.0002 0.9630
38.7468 0.0002 0.9630
38.7669 0.0002 0.9631
38.7869 0.0002 0.9631
38.8070 0.0002 0.9632
38.8270 0.0002 0.9632
38.8471 0.0002 0.9632
38.8672 0.0002 0.9633
38.8872 0.0002 0.9633
38.9073 0.0002 0.9634
38.9274 0.0002 0.9634
38.9474 0.0002 0.9635
38.9675 0.0002 0.9635
38.9876 0.0002 0.9635
39.0076 0.0002 0.9636
39.0277 0.0002 0.9636
39.0478 0.0002 0.9637
39.0678 0.0002 0.9637
39.0879 0.0002 0.9637
39.1080 0.0002 0.9638
39.1280 0.0002 0.9638
39.1481 0.0002 0.9639
39.1682 0.0002 0.9639
39.1882 0.0002 0.9640
39.2083 0.0002 0.9640
39.2284 0.0002 0.9640
39.2484 0.0002 0.9641
39.2685 0.0002 0.9641
39.2886 0.0002 0.9642
39.3086 0.0002 0.9642
39.3287 0.0002 0.9642
39.3488 0.0002 0.9643
39.3688 0.0002 0.9643
39.3889 0.0002 0.9644
39.4090 0.0002 0.9644
39.4290 0.0002 0.9644
39.4491 0.0002 0.9645
39.4691 0.0002 0.9645
39.4892 0.0002 0.9646
39.5093 0.0002 0.9646
39.5293 0.0002 0.9646
39.5494 0.0002 0.9647
39.5695 0.0002 0.9647
39.5895 0.0002 0.9648
39.6096 0.0002 0.9648
39.6297 0.0002 0.9648
39.6497 0.0002 0.9649
39.6698 0.0002 0.9649
39.6899 0.0002 0.9650
39.7099 0.0002 0.9650
39.7300 0.0002 0.9650
39.7501 0.0002 0.9651
39.7701 0.0002 0.9651
39.7902 0.0002 0.9652
39.8103 0.0002 0.9652
39.8303 0.0002 0.9652
39.8504 0.0002 0.9653
39.8705 0.0002 0.9653
39.8905 0.0002 0.9653
39.9106 0.0002 0.9654
39.9307 0.0002 0.9654
39.9507 0.0002 0.9655
39.9708 0.0002 0.9655
39.9909 0.0002 0.9655
40.0109 0.0002 0.9656
40.0310 0.0002 0.9656
40.0511 0.0002 0.9657
40.0711 0.0002 0.9657
40.0912 0.0002 0.9657
40.1112 0.0002 0.9658
