0.0000 0.0000 16.2435
0.0199 1.5738 16.1241
0.0398 3.1356 15.7479
0.0598 4.6378 15.0755
0.0797 5.9814 14.0859
0.0996 7.0378 12.8234
0.1195 7.7072 11.4144
0.1394 7.9766 10.0314
0.1593 7.9319 8.8197
0.1793 7.7098 7.8413
0.1992 7.4301 7.0747
0.2191 7.1578 6.4580
0.2390 6.9081 5.9326
0.2589 6.6705 5.4627
0.2789 6.4288 5.0342
0.2988 6.1710 4.6492
0.3187 5.8964 4.3188
0.3386 5.6184 4.0525
0.3585 5.3581 3.8467
0.3784 5.1306 3.6838
0.3984 4.9363 3.5423
0.4183 4.7647 3.4085
0.4382 4.6042 3.2793
0.4581 4.4480 3.1575
0.4780 4.2940 3.0471
0.4980 4.1433 2.9508
0.5179 3.9986 2.8698
0.5378 3.8635 2.8029
0.5577 3.7403 2.7464
0.5776 3.6290 2.6961
0.5976 3.5272 2.6489
0.6175 3.4326 2.6035
0.6374 3.3431 2.5598
0.6573 3.2576 2.5179
0.6772 3.1751 2.4781
0.6971 3.0947 2.4407
0.7171 3.0155 2.4069
0.7370 2.9379 2.3783
0.7569 2.8639 2.3563
0.7768 2.7967 2.3401
0.7967 2.7384 2.3262
0.8167 2.6880 2.3099
0.8366 2.6412 2.2885
0.8565 2.5929 2.2629
0.8764 2.5402 2.2371
0.8963 2.4838 2.2159
0.9162 2.4272 2.2024
0.9362 2.3752 2.1966
0.9561 2.3319 2.1952
0.9760 2.2982 2.1927
0.9959 2.2708 2.1838
1.0158 2.2434 2.1668
1.0358 2.2100 2.1450
1.0557 2.1688 2.1254
1.0756 2.1233 2.1140
1.0955 2.0806 2.1124
1.1154 2.0466 2.1168
1.1353 2.0228 2.1205
1.1553 2.0056 2.1176
1.1752 1.9888 2.1063
1.1951 1.9665 2.0896
1.2150 1.9366 2.0736
1.2349 1.9018 2.0639
1.2549 1.8678 2.0627
1.2748 1.8402 2.0677
1.2947 1.8212 2.0733
1.3146 1.8089 2.0740
1.3345 1.7978 2.0673
1.3545 1.7824 2.0554
1.3744 1.7606 2.0433
1.3943 1.7346 2.0361
1.4142 1.7091 2.0353
1.4341 1.6882 2.0388
1.4540 1.6730 2.0425
1.4740 1.6617 2.0434
1.4939 1.6514 2.0404
1.5138 1.6395 2.0345
1.5337 1.6247 2.0280
1.5536 1.6078 2.0231
1.5736 1.5904 2.0209
1.5935 1.5742 2.0212
1.6134 1.5604 2.0229
1.6333 1.5491 2.0245
1.6532 1.5398 2.0249
1.6731 1.5312 2.0235
1.6931 1.5223 2.0205
1.7130 1.5121 2.0165
1.7329 1.5002 2.0129
1.7528 1.4871 2.0109
1.7727 1.4741 2.0115
1.7927 1.4631 2.0144
1.8126 1.4555 2.0176
1.8325 1.4507 2.0188
1.8524 1.4462 2.0165
1.8723 1.4394 2.0120
1.8922 1.4292 2.0079
1.9122 1.4173 2.0069
1.9321 1.4064 2.0094
1.9520 1.3989 2.0136
1.9719 1.3948 2.0167
1.9918 1.3920 2.0169
2.0118 1.3881 2.0146
2.0317 1.3818 2.0117
2.0516 1.3734 2.0103
2.0715 1.3650 2.0114
2.0914 1.3583 2.0145
2.1113 1.3541 2.0178
2.1313 1.3516 2.0198
2.1512 1.3493 2.0199
2.1711 1.3461 2.0189
2.1910 1.3416 2.0179
2.2109 1.3363 2.0181
2.2309 1.3312 2.0196
2.2508 1.3272 2.0220
2.2707 1.3247 2.0247
2.2906 1.3234 2.0265
2.3105 1.3224 2.0269
2.3305 1.3205 2.0264
2.3504 1.3173 2.0260
2.3703 1.3134 2.0271
2.3902 1.3103 2.0299
2.4101 1.3091 2.0331
2.4300 1.3093 2.0352
2.4500 1.3096 2.0359
2.4699 1.3088 2.0360
2.4898 1.3070 2.0366
2.5097 1.3052 2.0386
2.5296 1.3045 2.0414
2.5496 1.3050 2.0441
2.5695 1.3062 2.0459
2.5894 1.3073 2.0470
2.6093 1.3079 2.0480
2.6292 1.3082 2.0494
2.6491 1.3087 2.0514
2.6691 1.3101 2.0537
2.6890 1.3122 2.0555
2.7089 1.3144 2.0566
2.7288 1.3160 2.0571
2.7487 1.3169 2.0579
2.7687 1.3174 2.0595
2.7886 1.3181 2.0619
2.8085 1.3192 2.0649
2.8284 1.3206 2.0685
2.8483 1.3226 2.0728
2.8682 1.3255 2.0778
2.8882 1.3299 2.0831
2.9081 1.3357 2.0880
2.9280 1.3424 2.0919
2.9479 1.3494 2.0950
2.9678 1.3564 2.0975
2.9878 1.3635 2.0998
3.0077 1.3707 2.1019
3.0276 1.3782 2.1038
3.0475 1.3857 2.1055
3.0674 1.3933 2.1072
3.0874 1.4011 2.1090
3.1073 1.4093 2.1108
3.1272 1.4178 2.1125
3.1471 1.4267 2.1142
3.1670 1.4359 2.1158
3.1869 1.4456 2.1174
3.2069 1.4556 2.1187
3.2268 1.4660 2.1200
3.2467 1.4766 2.1212
3.2666 1.4876 2.1225
3.2865 1.4990 2.1241
3.3065 1.5112 2.1259
3.3264 1.5245 2.1281
3.3463 1.5392 2.1301
3.3662 1.5557 2.1316
3.3861 1.5737 2.1319
3.4060 1.5928 2.1305
3.4260 1.6125 2.1272
3.4459 1.6322 2.1222
3.4658 1.6516 2.1159
3.4857 1.6709 2.1085
3.5056 1.6902 2.1001
3.5256 1.7096 2.0904
3.5455 1.7292 2.0789
3.5654 1.7483 2.0650
3.5853 1.7657 2.0485
3.6052 1.7799 2.0298
3.6251 1.7897 2.0103
3.6451 1.7945 1.9923
3.6650 1.7949 1.9785
3.6849 1.7933 1.9710
3.7048 1.7926 1.9706
3.7247 1.7959 1.9768
3.7447 1.8058 1.9878
3.7646 1.8240 2.0008
3.7845 1.8510 2.0128
3.8044 1.8858 2.0210
3.8243 1.9266 2.0233
3.8442 1.9713 2.0187
3.8642 2.0179 2.0074
3.8841 2.0652 1.9904
3.9040 2.1132 1.9681
3.9239 2.1622 1.9408
3.9438 2.2126 1.9076
3.9638 2.2642 1.8672
3.9837 2.3162 1.8183
4.0036 2.3672 1.7594
4.0235 2.4152 1.6888
4.0434 2.4568 1.6054
4.0634 2.4872 1.5091
4.0833 2.5013 1.4026
4.1032 2.4949 1.2912
4.1231 2.4668 1.1819
4.1430 2.4192 1.0816
4.1629 2.3568 0.9953
4.1829 2.2856 0.9248
4.2028 2.2104 0.8695
4.2227 2.1345 0.8275
4.2426 2.0599 0.7970
4.2625 1.9878 0.7766
4.2825 1.9194 0.7648
4.3024 1.8557 0.7600
4.3223 1.7969 0.7604
4.3422 1.7425 0.7642
4.3621 1.6917 0.7708
4.3820 1.6437 0.7799
4.4020 1.5983 0.7920
4.4219 1.5558 0.8069
4.4418 1.5167 0.8244
4.4617 1.4811 0.8437
4.4816 1.4488 0.8641
4.5016 1.4192 0.8852
4.5215 1.3915 0.9070
4.5414 1.3656 0.9300
4.5613 1.3415 0.9547
4.5812 1.3199 0.9813
4.6011 1.3011 1.0095
4.6211 1.2855 1.0389
4.6410 1.2729 1.0689
4.6609 1.2632 1.0993
4.6808 1.2558 1.1303
4.7007 1.2509 1.1622
4.7207 1.2489 1.1955
4.7406 1.2507 1.2303
4.7605 1.2572 1.2661
4.7804 1.2692 1.3019
4.8003 1.2870 1.3367
4.8203 1.3105 1.3692
4.8402 1.3395 1.3985
4.8601 1.3737 1.4234
4.8800 1.4126 1.4425
4.8999 1.4546 1.4544
4.9198 1.4977 1.4584
4.9398 1.5396 1.4548
4.9597 1.5784 1.4448
4.9796 1.6131 1.4301
4.9995 1.6433 1.4126
5.0194 1.6697 1.3936
5.0394 1.6931 1.3742
5.0593 1.7144 1.3546
5.0792 1.7344 1.3348
5.0991 1.7537 1.3143
5.1190 1.7727 1.2923
5.1389 1.7909 1.2678
5.1589 1.8073 1.2402
5.1788 1.8205 1.2092
5.1987 1.8286 1.1756
5.2186 1.8302 1.1410
5.2385 1.8247 1.1079
5.2585 1.8124 1.0792
5.2784 1.7954 1.0573
5.2983 1.7766 1.0435
5.3182 1.7591 1.0380
5.3381 1.7456 1.0395
5.3580 1.7379 1.0461
5.3780 1.7373 1.0559
5.3979 1.7446 1.0664
5.4178 1.7598 1.0751
5.4377 1.7821 1.0793
5.4576 1.8100 1.0765
5.4776 1.8404 1.0647
5.4975 1.8698 1.0433
5.5174 1.8943 1.0135
5.5373 1.9109 0.9777
5.5572 1.9177 0.9399
5.5771 1.9148 0.9046
5.5971 1.9044 0.8756
5.6170 1.8899 0.8555
5.6369 1.8754 0.8453
5.6568 1.8649 0.8442
5.6767 1.8618 0.8506
5.6967 1.8689 0.8614
5.7166 1.8878 0.8732
5.7365 1.9192 0.8816
5.7564 1.9622 0.8824
5.7763 2.0143 0.8716
5.7963 2.0722 0.8463
5.8162 2.1317 0.8048
5.8361 2.1884 0.7459
5.8560 2.2369 0.6701
5.8759 2.2721 0.5796
5.8958 2.2891 0.4786
5.9158 2.2853 0.3735
5.9357 2.2608 0.2711
5.9556 2.2186 0.1774
5.9755 2.1633 0.0964
5.9954 2.1001 0.0294
6.0154 2.0336 -0.0242
6.0353 1.9671 -0.0661
6.0552 1.9024 -0.0983
6.0751 1.8407 -0.1230
6.0950 1.7823 -0.1418
6.1149 1.7274 -0.1561
6.1349 1.6755 -0.1672
6.1548 1.6262 -0.1758
6.1747 1.5789 -0.1821
6.1946 1.5334 -0.1859
6.2145 1.4900 -0.1875
6.2345 1.4491 -0.1870
6.2544 1.4106 -0.1851
6.2743 1.3745 -0.1825
6.2942 1.3402 -0.1794
6.3141 1.3074 -0.1759
6.3340 1.2758 -0.1719
6.3540 1.2456 -0.1675
6.3739 1.2165 -0.1626
6.3938 1.1884 -0.1575
6.4137 1.1612 -0.1521
6.4336 1.1348 -0.1461
6.4536 1.1094 -0.1394
6.4735 1.0852 -0.1323
6.4934 1.0624 -0.1251
6.5133 1.0407 -0.1181
6.5332 1.0198 -0.1114
6.5532 0.9993 -0.1049
6.5731 0.9791 -0.0985
6.5930 0.9593 -0.0918
6.6129 0.9399 -0.0848
6.6328 0.9213 -0.0774
6.6527 0.9034 -0.0700
6.6727 0.8861 -0.0626
6.6926 0.8694 -0.0553
6.7125 0.8531 -0.0480
6.7324 0.8372 -0.0406
6.7523 0.8219 -0.0332
6.7723 0.8071 -0.0259
6.7922 0.7928 -0.0188
6.8121 0.7787 -0.0119
6.8320 0.7648 -0.0050
6.8519 0.7510 0.0020
6.8718 0.7374 0.0092
6.8918 0.7243 0.0167
6.9117 0.7118 0.0243
6.9316 0.6998 0.0318
6.9515 0.6884 0.0391
6.9714 0.6773 0.0460
6.9914 0.6663 0.0526
7.0113 0.6552 0.0591
7.0312 0.6441 0.0658
7.0511 0.6332 0.0728
7.0710 0.6227 0.0800
7.0909 0.6128 0.0872
7.1109 0.6033 0.0943
7.1308 0.5942 0.1010
7.1507 0.5853 0.1075
7.1706 0.5763 0.1137
7.1905 0.5672 0.1200
7.2105 0.5583 0.1264
7.2304 0.5496 0.1329
7.2503 0.5413 0.1395
7.2702 0.5333 0.1459
7.2901 0.5256 0.1521
7.3100 0.5179 0.1581
7.3300 0.5102 0.1639
7.3499 0.5024 0.1698
7.3698 0.4947 0.1758
7.3897 0.4872 0.1821
7.4096 0.4801 0.1883
7.4296 0.4733 0.1944
7.4495 0.4667 0.2003
7.4694 0.4602 0.2060
7.4893 0.4536 0.2115
7.5092 0.4469 0.2170
7.5292 0.4403 0.2227
7.5491 0.4338 0.2286
7.5690 0.4276 0.2345
7.5889 0.4218 0.2404
7.6088 0.4162 0.2460
7.6287 0.4106 0.2514
7.6487 0.4051 0.2566
7.6686 0.3994 0.2618
7.6885 0.3936 0.2671
7.7084 0.3880 0.2726
7.7283 0.3826 0.2783
7.7483 0.3775 0.2839
7.7682 0.3727 0.2893
7.7881 0.3681 0.2945
7.8080 0.3634 0.2994
7.8279 0.3586 0.3042
7.8478 0.3536 0.3091
7.8678 0.3487 0.3141
7.8877 0.3438 0.3193
7.9076 0.3392 0.3247
7.9275 0.3350 0.3300
7.9474 0.3309 0.3352
7.9674 0.3271 0.3401
7.9873 0.3232 0.3448
8.0072 0.3193 0.3493
8.0271 0.3151 0.3539
8.0470 0.3109 0.3585
8.0669 0.3068 0.3634
8.0869 0.3029 0.3684
8.1068 0.2993 0.3735
8.1267 0.2959 0.3784
8.1466 0.2927 0.3831
8.1665 0.2896 0.3876
8.1865 0.2865 0.3920
8.2064 0.2833 0.3963
8.2263 0.2800 0.4006
8.2462 0.2768 0.4050
8.2661 0.2737 0.4094
8.2861 0.2708 0.4138
8.3060 0.2680 0.4181
8.3259 0.2653 0.4223
8.3458 0.2626 0.4263
8.3657 0.2599 0.4303
8.3856 0.2572 0.4344
8.4056 0.2547 0.4384
8.4255 0.2523 0.4424
8.4454 0.2501 0.4462
8.4653 0.2480 0.4497
8.4852 0.2457 0.4530
8.5052 0.2432 0.4561
8.5251 0.2405 0.4593
8.5450 0.2377 0.4625
8.5649 0.2349 0.4660
8.5848 0.2321 0.4696
8.6047 0.2296 0.4733
8.6247 0.2273 0.4770
8.6446 0.2251 0.4804
8.6645 0.2230 0.4837
8.6844 0.2208 0.4867
8.7043 0.2184 0.4896
8.7243 0.2158 0.4926
8.7442 0.2130 0.4958
8.7641 0.2103 0.4992
8.7840 0.2078 0.5028
8.8039 0.2056 0.5065
8.8238 0.2036 0.5100
8.8438 0.2017 0.5134
8.8637 0.1999 0.5164
8.8836 0.1979 0.5193
8.9035 0.1958 0.5221
8.9234 0.1934 0.5251
8.9434 0.1911 0.5282
8.9633 0.1888 0.5314
8.9832 0.1867 0.5348
9.0031 0.1848 0.5382
9.0230 0.1831 0.5414
9.0429 0.1815 0.5444
9.0629 0.1798 0.5472
9.0828 0.1779 0.5499
9.1027 0.1760 0.5527
9.1226 0.1740 0.5556
9.1425 0.1721 0.5586
9.1625 0.1703 0.5616
9.1824 0.1686 0.5646
9.2023 0.1670 0.5674
9.2222 0.1654 0.5701
9.2421 0.1637 0.5727
9.2621 0.1619 0.5753
9.2820 0.1600 0.5779
9.3019 0.1581 0.5807
9.3218 0.1563 0.5836
9.3417 0.1547 0.5865
9.3616 0.1532 0.5893
9.3816 0.1519 0.5919
9.4015 0.1504 0.5944
9.4214 0.1488 0.5967
9.4413 0.1471 0.5990
9.4612 0.1451 0.6014
9.4812 0.1432 0.6041
9.5011 0.1413 0.6068
9.5210 0.1396 0.6097
9.5409 0.1381 0.6126
9.5608 0.1367 0.6153
9.5807 0.1354 0.6179
9.6007 0.1340 0.6203
9.6206 0.1325 0.6227
9.6405 0.1308 0.6250
9.6604 0.1291 0.6275
9.6803 0.1273 0.6301
9.7003 0.1257 0.6329
9.7202 0.1242 0.6357
9.7401 0.1228 0.6384
9.7600 0.1216 0.6411
9.7799 0.1203 0.6436
9.7998 0.1191 0.6461
9.8198 0.1179 0.6485
9.8397 0.1166 0.6509
9.8596 0.1154 0.6533
9.8795 0.1142 0.6556
9.8994 0.1129 0.6579
9.9194 0.1117 0.6600
9.9393 0.1104 0.6621
9.9592 0.1089 0.6641
9.9791 0.1074 0.6661
9.9990 0.1056 0.6682
10.0190 0.1038 0.6704
10.0389 0.1020 0.6728
10.0588 0.1002 0.6752
10.0787 0.0985 0.6778
10.0986 0.0968 0.6803
10.1185 0.0951 0.6829
10.1385 0.0935 0.6856
10.1584 0.0918 0.6882
10.1783 0.0902 0.6909
10.1982 0.0886 0.6937
10.2181 0.0870 0.6965
10.2381 0.0855 0.6993
10.2580 0.0839 0.7022
10.2779 0.0824 0.7052
10.2978 0.0810 0.7083
10.3177 0.0797 0.7114
10.3376 0.0784 0.7146
10.3576 0.0773 0.7177
10.3775 0.0762 0.7209
10.3974 0.0752 0.7240
10.4173 0.0742 0.7272
10.4372 0.0733 0.7304
10.4572 0.0725 0.7336
10.4771 0.0719 0.7368
10.4970 0.0713 0.7400
10.5169 0.0707 0.7431
10.5368 0.0703 0.7462
10.5567 0.0698 0.7492
10.5767 0.0694 0.7523
10.5966 0.0690 0.7553
10.6165 0.0687 0.7584
10.6364 0.0685 0.7615
10.6563 0.0684 0.7645
10.6763 0.0685 0.7675
10.6962 0.0687 0.7704
10.7161 0.0689 0.7732
10.7360 0.0692 0.7758
10.7559 0.0695 0.7783
10.7758 0.0698 0.7807
10.7958 0.0701 0.7830
10.8157 0.0703 0.7852
10.8356 0.0704 0.7873
10.8555 0.0704 0.7895
10.8754 0.0704 0.7916
10.8954 0.0704 0.7938
10.9153 0.0703 0.7960
10.9352 0.0704 0.7983
10.9551 0.0705 0.8006
10.9750 0.0707 0.8029
10.9950 0.0710 0.8051
11.0149 0.0713 0.8071
11.0348 0.0717 0.8091
11.0547 0.0722 0.8109
11.0746 0.0726 0.8125
11.0945 0.0729 0.8140
11.1145 0.0732 0.8153
11.1344 0.0732 0.8165
11.1543 0.0730 0.8176
11.1742 0.0725 0.8186
11.1941 0.0717 0.8198
11.2141 0.0707 0.8211
11.2340 0.0695 0.8228
11.2539 0.0682 0.8248
11.2738 0.0670 0.8270
11.2937 0.0660 0.8296
11.3136 0.0651 0.8323
11.3336 0.0644 0.8351
11.3535 0.0640 0.8380
11.3734 0.0637 0.8409
11.3933 0.0635 0.8438
11.4132 0.0635 0.8466
11.4332 0.0637 0.8495
11.4531 0.0639 0.8523
11.4730 0.0643 0.8550
11.4929 0.0648 0.8576
11.5128 0.0653 0.8602
11.5327 0.0659 0.8626
11.5527 0.0665 0.8649
11.5726 0.0671 0.8671
11.5925 0.0677 0.8693
11.6124 0.0683 0.8714
11.6323 0.0688 0.8735
11.6523 0.0693 0.8756
11.6722 0.0698 0.8777
11.6921 0.0703 0.8797
11.7120 0.0708 0.8818
11.7319 0.0713 0.8839
11.7519 0.0718 0.8861
11.7718 0.0724 0.8882
11.7917 0.0730 0.8903
11.8116 0.0737 0.8924
11.8315 0.0744 0.8945
11.8514 0.0751 0.8966
11.8714 0.0759 0.8986
11.8913 0.0767 0.9006
11.9112 0.0776 0.9025
11.9311 0.0784 0.9044
11.9510 0.0793 0.9062
11.9710 0.0801 0.9080
11.9909 0.0808 0.9098
12.0108 0.0816 0.9116
12.0307 0.0823 0.9134
12.0506 0.0829 0.9152
12.0705 0.0836 0.9172
12.0905 0.0844 0.9192
12.1104 0.0852 0.9213
12.1303 0.0861 0.9234
12.1502 0.0871 0.9255
12.1701 0.0883 0.9276
12.1901 0.0896 0.9297
12.2100 0.0910 0.9318
12.2299 0.0925 0.9337
12.2498 0.0941 0.9356
12.2697 0.0958 0.9374
12.2896 0.0975 0.9391
12.3096 0.0994 0.9406
12.3295 0.1012 0.9420
12.3494 0.1031 0.9432
12.3693 0.1050 0.9443
12.3892 0.1068 0.9453
12.4092 0.1086 0.9462
12.4291 0.1104 0.9470
12.4490 0.1122 0.9476
12.4689 0.1139 0.9482
12.4888 0.1156 0.9487
12.5087 0.1173 0.9490
12.5287 0.1189 0.9492
12.5486 0.1205 0.9493
12.5685 0.1219 0.9492
12.5884 0.1231 0.9489
12.6083 0.1241 0.9486
12.6283 0.1250 0.9483
12.6482 0.1255 0.9479
12.6681 0.1259 0.9476
12.6880 0.1261 0.9473
12.7079 0.1260 0.9472
12.7279 0.1258 0.9472
12.7478 0.1255 0.9474
12.7677 0.1250 0.9479
12.7876 0.1246 0.9486
12.8075 0.1241 0.9495
12.8274 0.1237 0.9506
12.8474 0.1234 0.9518
12.8673 0.1233 0.9532
12.8872 0.1233 0.9547
12.9071 0.1234 0.9562
12.9270 0.1236 0.9577
12.9470 0.1239 0.9593
12.9669 0.1243 0.9609
12.9868 0.1248 0.9624
13.0067 0.1253 0.9640
13.0266 0.1260 0.9655
13.0465 0.1266 0.9671
13.0665 0.1274 0.9686
13.0864 0.1282 0.9701
13.1063 0.1290 0.9715
13.1262 0.1298 0.9730
13.1461 0.1307 0.9744
13.1661 0.1316 0.9759
13.1860 0.1326 0.9773
13.2059 0.1335 0.9787
13.2258 0.1346 0.9802
13.2457 0.1356 0.9816
13.2656 0.1367 0.9830
13.2856 0.1379 0.9844
13.3055 0.1390 0.9858
13.3254 0.1402 0.9872
13.3453 0.1415 0.9886
13.3652 0.1428 0.9899
13.3852 0.1442 0.9913
13.4051 0.1456 0.9926
13.4250 0.1471 0.9939
13.4449 0.1487 0.9952
13.4648 0.1503 0.9963
13.4848 0.1520 0.9974
13.5047 0.1537 0.9985
13.5246 0.1554 0.9994
13.5445 0.1570 1.0003
13.5644 0.1587 1.0012
13.5843 0.1604 1.0020
13.6043 0.1621 1.0027
13.6242 0.1637 1.0034
13.6441 0.1653 1.0041
13.6640 0.1669 1.0047
13.6839 0.1685 1.0053
13.7039 0.1700 1.0059
13.7238 0.1715 1.0065
13.7437 0.1730 1.0072
13.7636 0.1745 1.0078
13.7835 0.1759 1.0085
13.8034 0.1775 1.0092
13.8234 0.1790 1.0099
13.8433 0.1806 1.0107
13.8632 0.1822 1.0115
13.8831 0.1840 1.0122
13.9030 0.1858 1.0129
13.9230 0.1876 1.0136
13.9429 0.1895 1.0142
13.9628 0.1914 1.0147
13.9827 0.1934 1.0152
14.0026 0.1954 1.0156
14.0225 0.1973 1.0159
14.0425 0.1993 1.0162
14.0624 0.2013 1.0165
14.0823 0.2033 1.0166
14.1022 0.2052 1.0168
14.1221 0.2071 1.0169
14.1421 0.2091 1.0169
14.1620 0.2110 1.0169
14.1819 0.2129 1.0169
14.2018 0.2148 1.0169
14.2217 0.2167 1.0168
14.2416 0.2185 1.0166
14.2616 0.2203 1.0164
14.2815 0.2221 1.0162
14.3014 0.2238 1.0160
14.3213 0.2255 1.0159
14.3412 0.2271 1.0157
14.3612 0.2289 1.0156
14.3811 0.2306 1.0155
14.4010 0.2323 1.0153
14.4209 0.2341 1.0151
14.4408 0.2358 1.0149
14.4608 0.2376 1.0147
14.4807 0.2393 1.0145
14.5006 0.2410 1.0143
14.5205 0.2428 1.0140
14.5404 0.2445 1.0138
14.5603 0.2463 1.0135
14.5803 0.2480 1.0133
14.6002 0.2498 1.0130
14.6201 0.2516 1.0128
14.6400 0.2534 1.0125
14.6599 0.2553 1.0122
14.6799 0.2571 1.0119
14.6998 0.2590 1.0115
14.7197 0.2609 1.0111
14.7396 0.2628 1.0107
14.7595 0.2647 1.0103
14.7794 0.2666 1.0099
14.7994 0.2686 1.0095
14.8193 0.2706 1.0090
14.8392 0.2726 1.0085
14.8591 0.2746 1.0080
14.8790 0.2767 1.0074
14.8990 0.2788 1.0068
14.9189 0.2809 1.0061
14.9388 0.2830 1.0054
14.9587 0.2852 1.0047
14.9786 0.2874 1.0039
14.9985 0.2896 1.0030
15.0185 0.2918 1.0021
15.0384 0.2941 1.0010
15.0583 0.2963 0.9999
15.0782 0.2985 0.9987
15.0981 0.3006 0.9974
15.1181 0.3026 0.9961
15.1380 0.3047 0.9948
15.1579 0.3066 0.9934
15.1778 0.3085 0.9920
15.1977 0.3104 0.9906
15.2177 0.3122 0.9892
15.2376 0.3140 0.9879
15.2575 0.3158 0.9865
15.2774 0.3176 0.9852
15.2973 0.3194 0.9840
15.3172 0.3212 0.9827
15.3372 0.3231 0.9815
15.3571 0.3251 0.9802
15.3770 0.3271 0.9790
15.3969 0.3291 0.9777
15.4168 0.3312 0.9764
15.4368 0.3335 0.9751
15.4567 0.3358 0.9737
15.4766 0.3382 0.9723
15.4965 0.3407 0.9707
15.5164 0.3432 0.9690
15.5363 0.3458 0.9672
15.5563 0.3484 0.9651
15.5762 0.3510 0.9630
15.5961 0.3536 0.9607
15.6160 0.3561 0.9582
15.6359 0.3586 0.9557
15.6559 0.3610 0.9530
15.6758 0.3634 0.9503
15.6957 0.3657 0.9475
15.7156 0.3681 0.9446
15.7355 0.3704 0.9417
15.7554 0.3727 0.9385
15.7754 0.3749 0.9353
15.7953 0.3771 0.9319
15.8152 0.3793 0.9284
15.8351 0.3813 0.9247
15.8550 0.3832 0.9209
15.8750 0.3850 0.9170
15.8949 0.3867 0.9131
15.9148 0.3883 0.9090
15.9347 0.3898 0.9048
15.9546 0.3912 0.9006
15.9745 0.3924 0.8963
15.9945 0.3935 0.8918
16.0144 0.3945 0.8873
16.0343 0.3953 0.8828
16.0542 0.3960 0.8782
16.0741 0.3965 0.8735
16.0941 0.3969 0.8688
16.1140 0.3971 0.8641
16.1339 0.3971 0.8593
16.1538 0.3970 0.8545
16.1737 0.3967 0.8497
16.1937 0.3963 0.8449
16.2136 0.3956 0.8401
16.2335 0.3948 0.8353
16.2534 0.3938 0.8306
16.2733 0.3926 0.8259
16.2932 0.3913 0.8214
16.3132 0.3899 0.8168
16.3331 0.3884 0.8124
16.3530 0.3867 0.8080
16.3729 0.3849 0.8037
16.3928 0.3830 0.7994
16.4128 0.3810 0.7952
16.4327 0.3788 0.7910
16.4526 0.3765 0.7870
16.4725 0.3740 0.7830
16.4924 0.3714 0.7791
16.5123 0.3687 0.7754
16.5323 0.3659 0.7719
16.5522 0.3630 0.7685
16.5721 0.3601 0.7652
16.5920 0.3571 0.7622
16.6119 0.3541 0.7592
16.6319 0.3511 0.7564
16.6518 0.3481 0.7536
16.6717 0.3451 0.7510
16.6916 0.3421 0.7485
16.7115 0.3390 0.7460
16.7314 0.3360 0.7436
16.7514 0.3329 0.7414
16.7713 0.3298 0.7392
16.7912 0.3268 0.7371
16.8111 0.3237 0.7352
16.8310 0.3206 0.7333
16.8510 0.3176 0.7315
16.8709 0.3146 0.7298
16.8908 0.3116 0.7281
16.9107 0.3087 0.7264
16.9306 0.3057 0.7248
16.9505 0.3027 0.7232
16.9705 0.2997 0.7217
16.9904 0.2967 0.7203
17.0103 0.2936 0.7190
17.0302 0.2906 0.7177
17.0501 0.2876 0.7166
17.0701 0.2846 0.7155
17.0900 0.2817 0.7145
17.1099 0.2788 0.7136
17.1298 0.2759 0.7126
17.1497 0.2731 0.7117
17.1697 0.2702 0.7109
17.1896 0.2674 0.7101
17.2095 0.2646 0.7094
17.2294 0.2618 0.7087
17.2493 0.2591 0.7080
17.2692 0.2564 0.7074
17.2892 0.2537 0.7069
17.3091 0.2511 0.7063
17.3290 0.2485 0.7058
17.3489 0.2459 0.7053
17.3688 0.2433 0.7048
17.3888 0.2408 0.7043
17.4087 0.2382 0.7039
17.4286 0.2357 0.7035
17.4485 0.2331 0.7031
17.4684 0.2306 0.7028
17.4883 0.2281 0.7024
17.5083 0.2256 0.7021
17.5282 0.2231 0.7019
17.5481 0.2206 0.7016
17.5680 0.2181 0.7014
17.5879 0.2156 0.7013
17.6079 0.2131 0.7012
17.6278 0.2107 0.7011
17.6477 0.2083 0.7011
17.6676 0.2059 0.7010
17.6875 0.2036 0.7010
17.7074 0.2012 0.7011
17.7274 0.1989 0.7011
17.7473 0.1966 0.7012
17.7672 0.1943 0.7013
17.7871 0.1920 0.7014
17.8070 0.1898 0.7016
17.8270 0.1875 0.7018
17.8469 0.1853 0.7020
17.8668 0.1832 0.7022
17.8867 0.1810 0.7025
17.9066 0.1789 0.7027
17.9266 0.1768 0.7030
17.9465 0.1747 0.7033
17.9664 0.1727 0.7037
17.9863 0.1707 0.7040
18.0062 0.1687 0.7043
18.0261 0.1667 0.7047
18.0461 0.1648 0.7050
18.0660 0.1628 0.7054
18.0859 0.1609 0.7057
18.1058 0.1590 0.7060
18.1257 0.1571 0.7064
18.1457 0.1552 0.7067
18.1656 0.1533 0.7071
18.1855 0.1515 0.7074
18.2054 0.1496 0.7078
18.2253 0.1477 0.7082
18.2452 0.1458 0.7086
18.2652 0.1439 0.7090
18.2851 0.1420 0.7095
18.3050 0.1401 0.7100
18.3249 0.1383 0.7105
18.3448 0.1364 0.7111
18.3648 0.1346 0.7116
18.3847 0.1328 0.7122
18.4046 0.1311 0.7128
18.4245 0.1293 0.7134
18.4444 0.1276 0.7141
18.4643 0.1258 0.7147
18.4843 0.1241 0.7154
18.5042 0.1225 0.7160
18.5241 0.1208 0.7167
18.5440 0.1192 0.7174
18.5639 0.1176 0.7181
18.5839 0.1160 0.7188
18.6038 0.1144 0.7196
18.6237 0.1129 0.7203
18.6436 0.1113 0.7210
18.6635 0.1098 0.7217
18.6834 0.1083 0.7225
18.7034 0.1068 0.7232
18.7233 0.1054 0.7239
18.7432 0.1039 0.7247
18.7631 0.1025 0.7254
18.7830 0.1010 0.7261
18.8030 0.0996 0.7269
18.8229 0.0981 0.7277
18.8428 0.0967 0.7285
18.8627 0.0953 0.7293
18.8826 0.0939 0.7301
18.9026 0.0925 0.7309
18.9225 0.0912 0.7318
18.9424 0.0899 0.7326
18.9623 0.0886 0.7335
18.9822 0.0873 0.7343
19.0021 0.0860 0.7352
19.0221 0.0847 0.7360
19.0420 0.0835 0.7369
19.0619 0.0822 0.7378
19.0818 0.0810 0.7387
19.1017 0.0798 0.7396
19.1217 0.0786 0.7405
19.1416 0.0775 0.7414
19.1615 0.0763 0.7423
19.1814 0.0752 0.7432
19.2013 0.0741 0.7441
19.2212 0.0730 0.7450
19.2412 0.0719 0.7459
19.2611 0.0709 0.7468
19.2810 0.0698 0.7477
19.3009 0.0688 0.7486
19.3208 0.0677 0.7495
19.3408 0.0667 0.7504
19.3607 0.0657 0.7514
19.3806 0.0647 0.7523
19.4005 0.0637 0.7532
19.4204 0.0627 0.7542
19.4403 0.0618 0.7551
19.4603 0.0609 0.7561
19.4802 0.0600 0.7570
19.5001 0.0591 0.7580
19.5200 0.0582 0.7589
19.5399 0.0574 0.7599
19.5599 0.0566 0.7608
19.5798 0.0557 0.7617
19.5997 0.0549 0.7626
19.6196 0.0541 0.7635
19.6395 0.0533 0.7645
19.6595 0.0525 0.7654
19.6794 0.0518 0.7663
19.6993 0.0510 0.7672
19.7192 0.0502 0.7681
19.7391 0.0495 0.7690
19.7590 0.0488 0.7700
19.7790 0.0481 0.7709
19.7989 0.0474 0.7718
19.8188 0.0467 0.7727
19.8387 0.0460 0.7736
19.8586 0.0454 0.7745
19.8786 0.0447 0.7754
19.8985 0.0441 0.7763
19.9184 0.0435 0.7772
19.9383 0.0429 0.7781
19.9582 0.0423 0.7790
19.9781 0.0417 0.7799
19.9981 0.0411 0.7808
20.0180 0.0406 0.7816
20.0379 0.0400 0.7825
20.0578 0.0395 0.7834
20.0777 0.0390 0.7842
20.0977 0.0384 0.7851
20.1176 0.0379 0.7859
20.1375 0.0374 0.7868
20.1574 0.0369 0.7876
20.1773 0.0364 0.7884
20.1972 0.0359 0.7893
20.2172 0.0355 0.7901
20.2371 0.0350 0.7909
20.2570 0.0346 0.7917
20.2769 0.0341 0.7925
20.2968 0.0337 0.7933
20.3168 0.0332 0.7941
20.3367 0.0328 0.7949
20.3566 0.0324 0.7957
20.3765 0.0320 0.7965
20.3964 0.0316 0.7972
20.4163 0.0312 0.7980
20.4363 0.0308 0.7988
20.4562 0.0304 0.7995
20.4761 0.0300 0.8003
20.4960 0.0296 0.8010
20.5159 0.0293 0.8018
20.5359 0.0289 0.8025
20.5558 0.0285 0.8032
20.5757 0.0282 0.8040
20.5956 0.0278 0.8047
20.6155 0.0275 0.8054
20.6355 0.0271 0.8061
20.6554 0.0268 0.8069
20.6753 0.0265 0.8076
20.6952 0.0261 0.8083
20.7151 0.0258 0.8090
20.7350 0.0255 0.8096
20.7550 0.0252 0.8103
20.7749 0.0249 0.8110
20.7948 0.0246 0.8117
20.8147 0.0243 0.8123
20.8346 0.0240 0.8130
20.8546 0.0237 0.8137
20.8745 0.0234 0.8143
20.8944 0.0231 0.8150
20.9143 0.0228 0.8157
20.9342 0.0225 0.8163
20.9541 0.0222 0.8170
20.9741 0.0219 0.8176
20.9940 0.0217 0.8183
21.0139 0.0214 0.8189
21.0338 0.0211 0.8195
21.0537 0.0208 0.8202
21.0737 0.0206 0.8208
21.0936 0.0203 0.8215
21.1135 0.0201 0.8221
21.1334 0.0198 0.8227
21.1533 0.0196 0.8233
21.1732 0.0193 0.8239
21.1932 0.0191 0.8246
21.2131 0.0188 0.8252
21.2330 0.0186 0.8258
21.2529 0.0184 0.8264
21.2728 0.0181 0.8270
21.2928 0.0179 0.8276
21.3127 0.0177 0.8282
21.3326 0.0175 0.8288
21.3525 0.0173 0.8294
21.3724 0.0171 0.8300
21.3924 0.0168 0.8306
21.4123 0.0166 0.8312
21.4322 0.0164 0.8317
21.4521 0.0162 0.8323
21.4720 0.0160 0.8329
21.4919 0.0159 0.8334
21.5119 0.0157 0.8340
21.5318 0.0155 0.8346
21.5517 0.0153 0.8351
21.5716 0.0151 0.8357
21.5915 0.0149 0.8362
21.6115 0.0147 0.8368
21.6314 0.0145 0.8373
21.6513 0.0144 0.8379
21.6712 0.0142 0.8384
21.6911 0.0140 0.8390
21.7110 0.0139 0.8395
21.7310 0.0137 0.8401
21.7509 0.0135 0.8406
21.7708 0.0134 0.8412
21.7907 0.0132 0.8417
21.8106 0.0131 0.8422
21.8306 0.0129 0.8427
21.8505 0.0128 0.8433
21.8704 0.0126 0.8438
21.8903 0.0125 0.8443
21.9102 0.0123 0.8448
21.9301 0.0122 0.8453
21.9501 0.0121 0.8458
21.9700 0.0119 0.8463
21.9899 0.0118 0.8468
22.0098 0.0117 0.8473
22.0297 0.0116 0.8478
22.0497 0.0114 0.8483
22.0696 0.0113 0.8488
22.0895 0.0112 0.8493
22.1094 0.0111 0.8498
22.1293 0.0109 0.8502
22.1492 0.0108 0.8507
22.1692 0.0107 0.8512
22.1891 0.0106 0.8517
22.2090 0.0105 0.8521
22.2289 0.0103 0.8526
22.2488 0.0102 0.8531
22.2688 0.0101 0.8535
22.2887 0.0100 0.8540
22.3086 0.0099 0.8544
22.3285 0.0098 0.8549
22.3484 0.0097 0.8554
22.3684 0.0096 0.8558
22.3883 0.0094 0.8563
22.4082 0.0093 0.8567
22.4281 0.0092 0.8572
22.4480 0.0091 0.8576
22.4679 0.0090 0.8580
22.4879 0.0089 0.8585
22.5078 0.0088 0.8589
22.5277 0.0087 0.8594
22.5476 0.0086 0.8598
22.5675 0.0085 0.8602
22.5875 0.0085 0.8607
22.6074 0.0084 0.8611
22.6273 0.0083 0.8615
22.6472 0.0082 0.8620
22.6671 0.0081 0.8624
22.6870 0.0080 0.8628
22.7070 0.0079 0.8632
22.7269 0.0078 0.8637
22.7468 0.0077 0.8641
22.7667 0.0077 0.8645
22.7866 0.0076 0.8649
22.8066 0.0075 0.8653
22.8265 0.0074 0.8658
22.8464 0.0073 0.8662
22.8663 0.0073 0.8666
22.8862 0.0072 0.8670
22.9061 0.0071 0.8674
22.9261 0.0071 0.8678
22.9460 0.0070 0.8682
22.9659 0.0069 0.8686
22.9858 0.0069 0.8691
23.0057 0.0068 0.8695
23.0257 0.0067 0.8699
23.0456 0.0067 0.8703
23.0655 0.0066 0.8707
23.0854 0.0066 0.8711
23.1053 0.0065 0.8715
23.1253 0.0065 0.8718
23.1452 0.0065 0.8722
23.1651 0.0064 0.8726
23.1850 0.0064 0.8730
23.2049 0.0063 0.8734
23.2248 0.0063 0.8738
23.2448 0.0063 0.8741
23.2647 0.0062 0.8745
23.2846 0.0062 0.8749
23.3045 0.0062 0.8752
23.3244 0.0061 0.8756
23.3444 0.0061 0.8760
23.3643 0.0061 0.8763
23.3842 0.0060 0.8767
23.4041 0.0060 0.8770
23.4240 0.0060 0.8774
23.4439 0.0060 0.8777
23.4639 0.0059 0.8781
23.4838 0.0059 0.8784
23.5037 0.0059 0.8788
23.5236 0.0058 0.8791
23.5435 0.0058 0.8795
23.5635 0.0058 0.8798
23.5834 0.0058 0.8802
23.6033 0.0057 0.8805
23.6232 0.0057 0.8809
23.6431 0.0057 0.8812
23.6630 0.0057 0.8815
23.6830 0.0057 0.8818
23.7029 0.0057 0.8822
23.7228 0.0056 0.8825
23.7427 0.0056 0.8828
23.7626 0.0056 0.8831
23.7826 0.0055 0.8835
23.8025 0.0055 0.8838
23.8224 0.0055 0.8842
23.8423 0.0055 0.8845
23.8622 0.0055 0.8849
23.8821 0.0055 0.8852
23.9021 0.0056 0.8856
23.9220 0.0056 0.8859
23.9419 0.0056 0.8862
23.9618 0.0057 0.8865
23.9817 0.0057 0.8868
24.0017 0.0057 0.8871
24.0216 0.0057 0.8873
24.0415 0.0058 0.8876
24.0614 0.0058 0.8879
24.0813 0.0058 0.8881
24.1013 0.0058 0.8884
24.1212 0.0058 0.8887
24.1411 0.0058 0.8889
24.1610 0.0058 0.8892
24.1809 0.0058 0.8894
24.2008 0.0058 0.8897
24.2208 0.0057 0.8900
24.2407 0.0057 0.8903
24.2606 0.0057 0.8906
24.2805 0.0057 0.8908
24.3004 0.0058 0.8911
24.3204 0.0058 0.8914
24.3403 0.0058 0.8917
24.3602 0.0058 0.8919
24.3801 0.0058 0.8922
24.4000 0.0059 0.8924
24.4199 0.0059 0.8927
24.4399 0.0059 0.8929
24.4598 0.0059 0.8932
24.4797 0.0060 0.8934
24.4996 0.0060 0.8936
24.5195 0.0060 0.8938
24.5395 0.0060 0.8941
24.5594 0.0060 0.8943
24.5793 0.0060 0.8945
24.5992 0.0061 0.8947
24.6191 0.0061 0.8949
24.6390 0.0061 0.8951
24.6590 0.0061 0.8954
24.6789 0.0061 0.8956
24.6988 0.0061 0.8958
24.7187 0.0061 0.8960
24.7386 0.0061 0.8962
24.7586 0.0061 0.8964
24.7785 0.0061 0.8966
24.7984 0.0061 0.8968
24.8183 0.0061 0.8970
24.8382 0.0060 0.8972
24.8582 0.0060 0.8974
24.8781 0.0060 0.8976
24.8980 0.0060 0.8978
24.9179 0.0060 0.8980
24.9378 0.0060 0.8982
24.9577 0.0060 0.8984
24.9777 0.0060 0.8986
24.9976 0.0059 0.8988
25.0175 0.0059 0.8990
25.0374 0.0059 0.8992
25.0573 0.0059 0.8994
25.0773 0.0059 0.8996
25.0972 0.0059 0.8998
25.1171 0.0058 0.9000
25.1370 0.0058 0.9002
25.1569 0.0058 0.9004
25.1768 0.0058 0.9006
25.1968 0.0058 0.9008
25.2167 0.0058 0.9010
25.2366 0.0058 0.9012
25.2565 0.0058 0.9014
25.2764 0.0058 0.9015
25.2964 0.0057 0.9017
25.3163 0.0057 0.9019
25.3362 0.0057 0.9021
25.3561 0.0057 0.9023
25.3760 0.0057 0.9025
25.3959 0.0057 0.9026
25.4159 0.0057 0.9028
25.4358 0.0057 0.9030
25.4557 0.0057 0.9032
25.4756 0.0056 0.9033
25.4955 0.0056 0.9035
25.5155 0.0056 0.9036
25.5354 0.0056 0.9038
25.5553 0.0055 0.9040
25.5752 0.0055 0.9041
25.5951 0.0055 0.9043
25.6150 0.0055 0.9044
25.6350 0.0054 0.9046
25.6549 0.0054 0.9048
25.6748 0.0053 0.9049
25.6947 0.0053 0.9051
25.7146 0.0052 0.9052
25.7346 0.0052 0.9054
25.7545 0.0051 0.9056
25.7744 0.0051 0.9058
25.7943 0.0050 0.9059
25.8142 0.0050 0.9061
25.8342 0.0049 0.9063
25.8541 0.0049 0.9065
25.8740 0.0048 0.9066
25.8939 0.0048 0.9068
25.9138 0.0047 0.9070
25.9337 0.0047 0.9072
25.9537 0.0046 0.9074
25.9736 0.0046 0.9076
25.9935 0.0045 0.9077
26.0134 0.0045 0.9079
26.0333 0.0044 0.9081
26.0533 0.0044 0.9083
26.0732 0.0043 0.9085
26.0931 0.0043 0.9087
26.1130 0.0042 0.9089
26.1329 0.0042 0.9091
26.1528 0.0042 0.9093
26.1728 0.0041 0.9095
26.1927 0.0041 0.9097
26.2126 0.0041 0.9099
26.2325 0.0041 0.9101
26.2524 0.0040 0.9103
26.2724 0.0040 0.9105
26.2923 0.0040 0.9107
26.3122 0.0040 0.9109
26.3321 0.0040 0.9111
26.3520 0.0040 0.9113
26.3719 0.0040 0.9115
26.3919 0.0040 0.9117
26.4118 0.0040 0.9119
26.4317 0.0040 0.9121
26.4516 0.0040 0.9122
26.4715 0.0040 0.9124
26.4915 0.0040 0.9126
26.5114 0.0040 0.9127
26.5313 0.0040 0.9129
26.5512 0.0040 0.9130
26.5711 0.0040 0.9132
26.5911 0.0040 0.9133
26.6110 0.0040 0.9135
26.6309 0.0040 0.9136
26.6508 0.0040 0.9138
26.6707 0.0040 0.9139
26.6906 0.0040 0.9141
26.7106 0.0040 0.9142
26.7305 0.0039 0.9143
26.7504 0.0039 0.9145
26.7703 0.0039 0.9146
26.7902 0.0039 0.9148
26.8102 0.0038 0.9149
26.8301 0.0038 0.9151
26.8500 0.0038 0.9152
26.8699 0.0038 0.9154
26.8898 0.0038 0.9155
26.9097 0.0037 0.9157
26.9297 0.0037 0.9158
26.9496 0.0037 0.9160
26.9695 0.0037 0.9161
26.9894 0.0036 0.9163
27.0093 0.0036 0.9164
27.0293 0.0036 0.9166
27.0492 0.0036 0.9167
27.0691 0.0035 0.9169
27.0890 0.0035 0.9170
27.1089 0.0035 0.9171
27.1288 0.0035 0.9173
27.1488 0.0034 0.9174
27.1687 0.0034 0.9176
27.1886 0.0034 0.9177
27.2085 0.0034 0.9179
27.2284 0.0033 0.9180
27.2484 0.0033 0.9182
27.2683 0.0033 0.9183
27.2882 0.0032 0.9185
27.3081 0.0032 0.9186
27.3280 0.0032 0.9188
27.3479 0.0032 0.9189
27.3679 0.0031 0.9191
27.3878 0.0031 0.9192
27.4077 0.0031 0.9194
27.4276 0.0031 0.9195
27.4475 0.0030 0.9197
27.4675 0.0030 0.9198
27.4874 0.0030 0.9200
27.5073 0.0030 0.9201
27.5272 0.0029 0.9203
27.5471 0.0029 0.9204
27.5671 0.0029 0.9206
27.5870 0.0029 0.9207
27.6069 0.0029 0.9209
27.6268 0.0029 0.9210
27.6467 0.0028 0.9212
27.6666 0.0028 0.9213
27.6866 0.0028 0.9214
27.7065 0.0028 0.9216
27.7264 0.0028 0.9217
27.7463 0.0028 0.9219
27.7662 0.0028 0.9220
27.7862 0.0027 0.9222
27.8061 0.0027 0.9223
27.8260 0.0027 0.9224
27.8459 0.0027 0.9226
27.8658 0.0027 0.9227
27.8857 0.0027 0.9228
27.9057 0.0027 0.9230
27.9256 0.0027 0.9231
27.9455 0.0026 0.9233
27.9654 0.0026 0.9234
27.9853 0.0026 0.9235
28.0053 0.0026 0.9237
28.0252 0.0026 0.9238
28.0451 0.0026 0.9239
28.0650 0.0026 0.9241
28.0849 0.0025 0.9242
28.1048 0.0025 0.9243
28.1248 0.0025 0.9244
28.1447 0.0025 0.9246
28.1646 0.0025 0.9247
28.1845 0.0025 0.9248
28.2044 0.0025 0.9250
28.2244 0.0024 0.9251
28.2443 0.0024 0.9252
28.2642 0.0024 0.9254
28.2841 0.0024 0.9255
28.3040 0.0024 0.9256
28.3240 0.0024 0.9257
28.3439 0.0024 0.9259
28.3638 0.0024 0.9260
28.3837 0.0023 0.9261
28.4036 0.0023 0.9262
28.4235 0.0023 0.9264
28.4435 0.0023 0.9265
28.4634 0.0023 0.9266
28.4833 0.0023 0.9267
28.5032 0.0023 0.9268
28.5231 0.0023 0.9270
28.5431 0.0023 0.9271
28.5630 0.0022 0.9272
28.5829 0.0022 0.9273
28.6028 0.0022 0.9274
28.6227 0.0022 0.9275
28.6426 0.0022 0.9277
28.6626 0.0022 0.9278
28.6825 0.0021 0.9279
28.7024 0.0021 0.9280
28.7223 0.0021 0.9281
28.7422 0.0021 0.9282
28.7622 0.0021 0.9283
28.7821 0.0021 0.9285
28.8020 0.0020 0.9286
28.8219 0.0020 0.9287
28.8418 0.0020 0.9288
28.8617 0.0020 0.9289
28.8817 0.0020 0.9290
28.9016 0.0019 0.9291
28.9215 0.0019 0.9292
28.9414 0.0019 0.9294
28.9613 0.0019 0.9295
28.9813 0.0018 0.9296
29.0012 0.0018 0.9297
29.0211 0.0018 0.9298
29.0410 0.0018 0.9299
29.0609 0.0018 0.9300
29.0808 0.0017 0.9302
29.1008 0.0017 0.9303
29.1207 0.0017 0.9304
29.1406 0.0017 0.9305
29.1605 0.0016 0.9306
29.1804 0.0016 0.9307
29.2004 0.0016 0.9309
29.2203 0.0016 0.9310
29.2402 0.0015 0.9311
29.2601 0.0015 0.9312
29.2800 0.0015 0.9313
29.3000 0.0015 0.9314
29.3199 0.0014 0.9316
29.3398 0.0014 0.9317
29.3597 0.0014 0.9318
29.3796 0.0014 0.9319
29.3995 0.0014 0.9320
29.4195 0.0013 0.9321
29.4394 0.0013 0.9323
29.4593 0.0013 0.9324
29.4792 0.0013 0.9325
29.4991 0.0013 0.9326
29.5191 0.0012 0.9327
29.5390 0.0012 0.9329
29.5589 0.0012 0.9330
29.5788 0.0012 0.9331
29.5987 0.0012 0.9332
29.6186 0.0011 0.9333
29.6386 0.0011 0.9334
29.6585 0.0011 0.9336
29.6784 0.0011 0.9337
29.6983 0.0011 0.9338
29.7182 0.0011 0.9339
29.7382 0.0010 0.9340
29.7581 0.0010 0.9341
29.7780 0.0010 0.9343
29.7979 0.0010 0.9344
29.8178 0.0010 0.9345
29.8377 0.0010 0.9346
29.8577 0.0010 0.9347
29.8776 0.0009 0.9348
29.8975 0.0009 0.9350
29.9174 0.0009 0.9351
29.9373 0.0009 0.9352
29.9573 0.0009 0.9353
29.9772 0.0009 0.9354
29.9971 0.0009 0.9355
30.0170 0.0009 0.9356
30.0369 0.0009 0.9358
30.0569 0.0008 0.9359
30.0768 0.0008 0.9360
30.0967 0.0008 0.9361
30.1166 0.0008 0.9362
30.1365 0.0008 0.9363
30.1564 0.0008 0.9364
30.1764 0.0008 0.9365
30.1963 0.0008 0.9367
30.2162 0.0008 0.9368
30.2361 0.0008 0.9369
30.2560 0.0008 0.9370
30.2760 0.0008 0.9371
30.2959 0.0007 0.9372
30.3158 0.0007 0.9373
30.3357 0.0007 0.9374
30.3556 0.0007 0.9375
30.3755 0.0007 0.9376
30.3955 0.0007 0.9377
30.4154 0.0007 0.9379
30.4353 0.0007 0.9380
30.4552 0.0007 0.9381
30.4751 0.0007 0.9382
30.4951 0.0007 0.9383
30.5150 0.0007 0.9384
30.5349 0.0007 0.9385
30.5548 0.0007 0.9386
30.5747 0.0007 0.9387
30.5946 0.0007 0.9388
30.6146 0.0007 0.9389
30.6345 0.0007 0.9390
30.6544 0.0007 0.9391
30.6743 0.0007 0.9392
30.6942 0.0007 0.9393
30.7142 0.0006 0.9394
30.7341 0.0006 0.9395
30.7540 0.0006 0.9396
30.7739 0.0006 0.9397
30.7938 0.0006 0.9398
30.8137 0.0006 0.9399
30.8337 0.0006 0.9400
30.8536 0.0006 0.9401
30.8735 0.0006 0.9402
30.8934 0.0006 0.9403
30.9133 0.0006 0.9404
30.9333 0.0006 0.9405
30.9532 0.0006 0.9406
30.9731 0.0006 0.9407
30.9930 0.0006 0.9408
31.0129 0.0006 0.9409
31.0329 0.0006 0.9410
31.0528 0.0006 0.9411
31.0727 0.0006 0.9412
31.0926 0.0006 0.9412
31.1125 0.0006 0.9413
31.1324 0.0006 0.9414
31.1524 0.0006 0.9415
31.1723 0.0006 0.9416
31.1922 0.0006 0.9417
31.2121 0.0006 0.9418
31.2320 0.0006 0.9419
31.2520 0.0006 0.9420
31.2719 0.0006 0.9421
31.2918 0.0006 0.9422
31.3117 0.0006 0.9423
31.3316 0.0006 0.9423
31.3515 0.0006 0.9424
31.3715 0.0005 0.9425
31.3914 0.0005 0.9426
31.4113 0.0005 0.9427
31.4312 0.0005 0.9428
31.4511 0.0005 0.9429
31.4711 0.0005 0.9430
31.4910 0.0005 0.9431
31.5109 0.0005 0.9432
31.5308 0.0005 0.9432
31.5507 0.0005 0.9433
31.5706 0.0005 0.9434
31.5906 0.0005 0.9435
31.6105 0.0005 0.9436
31.6304 0.0005 0.9437
31.6503 0.0005 0.9438
31.6702 0.0005 0.9439
31.6902 0.0005 0.9439
31.7101 0.0005 0.9440
31.7300 0.0005 0.9441
31.7499 0.0005 0.9442
31.7698 0.0005 0.9443
31.7898 0.0005 0.9444
31.8097 0.0005 0.9445
31.8296 0.0005 0.9445
31.8495 0.0005 0.9446
31.8694 0.0005 0.9447
31.8893 0.0005 0.9448
31.9093 0.0005 0.9449
31.9292 0.0005 0.9450
31.9491 0.0005 0.9451
31.9690 0.0005 0.9451
31.9889 0.0005 0.9452
32.0089 0.0005 0.9453
32.0288 0.0005 0.9454
32.0487 0.0004 0.9455
32.0686 0.0004 0.9456
32.0885 0.0004 0.9456
32.1084 0.0004 0.9457
32.1284 0.0004 0.9458
32.1483 0.0004 0.9459
32.1682 0.0004 0.9460
32.1881 0.0004 0.9460
32.2080 0.0004 0.9461
32.2280 0.0004 0.9462
32.2479 0.0004 0.9463
32.2678 0.0004 0.9464
32.2877 0.0004 0.9465
32.3076 0.0004 0.9465
32.3275 0.0004 0.9466
32.3475 0.0004 0.9467
32.3674 0.0004 0.9468
32.3873 0.0004 0.9469
32.4072 0.0004 0.9469
32.4271 0.0004 0.9470
32.4471 0.0004 0.9471
32.4670 0.0004 0.9472
32.4869 0.0004 0.9472
32.5068 0.0004 0.9473
32.5267 0.0004 0.9474
32.5466 0.0004 0.9475
32.5666 0.0004 0.9476
32.5865 0.0004 0.9476
32.6064 0.0004 0.9477
32.6263 0.0004 0.9478
32.6462 0.0004 0.9479
32.6662 0.0004 0.9479
32.6861 0.0004 0.9480
32.7060 0.0004 0.9481
32.7259 0.0004 0.9482
32.7458 0.0004 0.9482
32.7658 0.0004 0.9483
32.7857 0.0004 0.9484
32.8056 0.0004 0.9485
32.8255 0.0004 0.9486
32.8454 0.0004 0.9486
32.8653 0.0004 0.9487
32.8853 0.0004 0.9488
32.9052 0.0004 0.9489
32.9251 0.0004 0.9489
32.9450 0.0004 0.9490
32.9649 0.0004 0.9491
32.9849 0.0004 0.9491
33.0048 0.0004 0.9492
33.0247 0.0004 0.9493
33.0446 0.0004 0.9494
33.0645 0.0004 0.9494
33.0844 0.0004 0.9495
33.1044 0.0004 0.9496
33.1243 0.0004 0.9497
33.1442 0.0004 0.9497
33.1641 0.0004 0.9498
33.1840 0.0004 0.9499
33.2040 0.0004 0.9499
33.2239 0.0004 0.9500
33.2438 0.0004 0.9501
33.2637 0.0004 0.9502
33.2836 0.0004 0.9502
33.3035 0.0004 0.9503
33.3235 0.0004 0.9504
33.3434 0.0004 0.9504
33.3633 0.0004 0.9505
33.3832 0.0004 0.9506
33.4031 0.0004 0.9507
33.4231 0.0003 0.9507
33.4430 0.0003 0.9508
33.4629 0.0003 0.9509
33.4828 0.0003 0.9509
33.5027 0.0003 0.9510
33.5227 0.0003 0.9511
33.5426 0.0003 0.9511
33.5625 0.0003 0.9512
33.5824 0.0003 0.9513
33.6023 0.0003 0.9513
33.6222 0.0003 0.9514
33.6422 0.0003 0.9515
33.6621 0.0003 0.9515
33.6820 0.0003 0.9516
33.7019 0.0003 0.9517
33.7218 0.0003 0.9517
33.7418 0.0003 0.9518
33.7617 0.0003 0.9519
33.7816 0.0003 0.9519
33.8015 0.0003 0.9520
33.8214 0.0003 0.9521
33.8413 0.0003 0.9521
33.8613 0.0003 0.9522
33.8812 0.0003 0.9523
33.9011 0.0003 0.9523
33.9210 0.0003 0.9524
33.9409 0.0003 0.9525
33.9609 0.0003 0.9525
33.9808 0.0003 0.9526
34.0007 0.0003 0.9527
34.0206 0.0003 0.9527
34.0405 0.0003 0.9528
34.0604 0.0003 0.9529
34.0804 0.0003 0.9529
34.1003 0.0003 0.9530
34.1202 0.0003 0.9531
34.1401 0.0003 0.9531
34.1600 0.0003 0.9532
34.1800 0.0003 0.9533
34.1999 0.0003 0.9533
34.2198 0.0003 0.9534
34.2397 0.0003 0.9534
34.2596 0.0003 0.9535
34.2795 0.0003 0.9536
34.2995 0.0003 0.9536
34.3194 0.0003 0.9537
34.3393 0.0003 0.9538
34.3592 0.0003 0.9538
34.3791 0.0003 0.9539
34.3991 0.0003 0.9539
34.4190 0.0003 0.9540
34.4389 0.0003 0.9541
34.4588 0.0003 0.9541
34.4787 0.0003 0.9542
34.4987 0.0003 0.9543
34.5186 0.0003 0.9543
34.5385 0.0003 0.9544
34.5584 0.0003 0.9544
34.5783 0.0003 0.9545
34.5982 0.0003 0.9546
34.6182 0.0003 0.9546
34.6381 0.0003 0.9547
34.6580 0.0003 0.9547
34.6779 0.0003 0.9548
34.6978 0.0003 0.9549
34.7178 0.0003 0.9549
34.7377 0.0003 0.9550
34.7576 0.0003 0.9550
34.7775 0.0003 0.9551
34.7974 0.0003 0.9552
34.8173 0.0003 0.9552
34.8373 0.0003 0.9553
34.8572 0.0003 0.9553
34.8771 0.0003 0.9554
34.8970 0.0003 0.9555
34.9169 0.0003 0.9555
34.9369 0.0003 0.9556
34.9568 0.0003 0.9556
34.9767 0.0003 0.9557
34.9966 0.0003 0.9557
35.0165 0.0003 0.9558
35.0364 0.0003 0.9559
35.0564 0.0003 0.9559
35.0763 0.0003 0.9560
35.0962 0.0003 0.9560
35.1161 0.0003 0.9561
35.1360 0.0003 0.9562
35.1560 0.0003 0.9562
35.1759 0.0003 0.9563
35.1958 0.0003 0.9563
35.2157 0.0003 0.9564
35.2356 0.0003 0.9564
35.2556 0.0003 0.9565
35.2755 0.0003 0.9565
35.2954 0.0003 0.9566
35.3153 0.0003 0.9567
35.3352 0.0003 0.9567
35.3551 0.0003 0.9568
35.3751 0.0003 0.9568
35.3950 0.0003 0.9569
35.4149 0.0003 0.9569
35.4348 0.0003 0.9570
35.4547 0.0003 0.9571
35.4747 0.0003 0.9571
35.4946 0.0003 0.9572
35.5145 0.0003 0.9572
35.5344 0.0003 0.9573
35.5543 0.0003 0.9573
35.5742 0.0003 0.9574
35.5942 0.0003 0.9574
35.6141 0.0003 0.9575
35.6340 0.0003 0.9575
35.6539 0.0003 0.9576
35.6738 0.0003 0.9577
35.6938 0.0003 0.9577
35.7137 0.0003 0.9578
35.7336 0.0003 0.9578
35.7535 0.0003 0.9579
35.7734 0.0003 0.9579
35.7933 0.0003 0.9580
35.8133 0.0003 0.9580
35.8332 0.0003 0.9581
35.8531 0.0003 0.9581
35.8730 0.0003 0.9582
35.8929 0.0003 0.9582
35.9129 0.0003 0.9583
35.9328 0.0003 0.9583
35.9527 0.0003 0.9584
35.9726 0.0003 0.9585
35.9925 0.0003 0.9585
36.0124 0.0003 0.9586
36.0324 0.0003 0.9586
36.0523 0.0003 0.9587
36.0722 0.0003 0.9587
36.0921 0.0003 0.9588
36.1120 0.0003 0.9588
36.1320 0.0003 0.9589
36.1519 0.0003 0.9589
36.1718 0.0003 0.9590
36.1917 0.0003 0.9590
36.2116 0.0003 0.9591
36.2316 0.0003 0.9591
36.2515 0.0003 0.9592
36.2714 0.0003 0.9592
36.2913 0.0003 0.9593
36.3112 0.0003 0.9593
36.3311 0.0003 0.9594
36.3511 0.0003 0.9594
36.3710 0.0003 0.9595
36.3909 0.0003 0.9595
36.4108 0.0003 0.9596
36.4307 0.0003 0.9596
36.4507 0.0003 0.9597
36.4706 0.0003 0.9597
36.4905 0.0002 0.9598
36.5104 0.0002 0.9598
36.5303 0.0002 0.9599
36.5502 0.0002 0.9599
36.5702 0.0002 0.9600
36.5901 0.0002 0.9600
36.6100 0.0002 0.9601
36.6299 0.0002 0.9601
36.6498 0.0002 0.9602
36.6698 0.0002 0.9602
36.6897 0.0002 0.9603
36.7096 0.0002 0.9603
36.7295 0.0002 0.9604
36.7494 0.0002 0.9604
36.7693 0.0002 0.9605
36.7893 0.0002 0.9605
36.8092 0.0002 0.9606
36.8291 0.0002 0.9606
36.8490 0.0002 0.9607
36.8689 0.0002 0.9607
36.8889 0.0002 0.9608
36.9088 0.0002 0.9608
36.9287 0.0002 0.9609
36.9486 0.0002 0.9609
36.9685 0.0002 0.9610
36.9885 0.0002 0.9610
37.0084 0.0002 0.9610
37.0283 0.0002 0.9611
37.0482 0.0002 0.9611
37.0681 0.0002 0.9612
37.0880 0.0002 0.9612
37.1080 0.0002 0.9613
37.1279 0.0002 0.9613
37.1478 0.0002 0.9614
37.1677 0.0002 0.9614
37.1876 0.0002 0.9615
37.2076 0.0002 0.9615
37.2275 0.0002 0.9616
37.2474 0.0002 0.9616
37.2673 0.0002 0.9617
37.2872 0.0002 0.9617
37.3071 0.0002 0.9617
37.3271 0.0002 0.9618
37.3470 0.0002 0.9618
37.3669 0.0002 0.9619
37.3868 0.0002 0.9619
37.4067 0.0002 0.9620
37.4267 0.0002 0.9620
37.4466 0.0002 0.9621
37.4665 0.0002 0.9621
37.4864 0.0002 0.9622
37.5063 0.0002 0.9622
37.5262 0.0002 0.9622
37.5462 0.0002 0.9623
37.5661 0.0002 0.9623
37.5860 0.0002 0.9624
37.6059 0.0002 0.9624
37.6258 0.0002 0.9625
37.6458 0.0002 0.9625
37.6657 0.0002 0.9626
37.6856 0.0002 0.9626
37.7055 0.0002 0.9626
37.7254 0.0002 0.9627
37.7453 0.0002 0.9627
37.7653 0.0002 0.9628
37.7852 0.0002 0.9628
37.8051 0.0002 0.9629
37.8250 0.0002 0.9629
37.8449 0.0002 0.9630
37.8649 0.0002 0.9630
37.8848 0.0002 0.9630
37.9047 0.0002 0.9631
37.9246 0.0002 0.9631
37.9445 0.0002 0.9632
37.9645 0.0002 0.9632
37.9844 0.0002 0.9633
38.0043 0.0002 0.9633
38.0242 0.0002 0.9633
38.0441 0.0002 0.9634
38.0640 0.0002 0.9634
38.0840 0.0002 0.9635
38.1039 0.0002 0.9635
38.1238 0.0002 0.9636
38.1437 0.0002 0.9636
38.1636 0.0002 0.9636
38.1836 0.0002 0.9637
38.2035 0.0002 0.9637
38.2234 0.0002 0.9638
38.2433 0.0002 0.9638
38.2632 0.0002 0.9639
38.2831 0.0002 0.9639
38.3031 0.0002 0.9639
38.3230 0.0002 0.9640
38.3429 0.0002 0.9640
38.3628 0.0002 0.9641
38.3827 0.0002 0.9641
38.4027 0.0002 0.9641
38.4226 0.0002 0.9642
38.4425 0.0002 0.9642
38.4624 0.0002 0.9643
38.4823 0.0002 0.9643
38.5022 0.0002 0.9644
38.5222 0.0002 0.9644
38.5421 0.0002 0.9644
38.5620 0.0002 0.9645
38.5819 0.0002 0.9645
38.6018 0.0002 0.9646
38.6218 0.0002 0.9646
38.6417 0.0002 0.9646
38.6616 0.0002 0.9647
38.6815 0.0002 0.9647
38.7014 0.0002 0.9648
38.7214 0.0002 0.9648
38.7413 0.0002 0.9648
38.7612 0.0002 0.9649
38.7811 0.0002 0.9649
38.8010 0.0002 0.9650
38.8209 0.0002 0.9650
38.8409 0.0002 0.9650
38.8608 0.0002 0.9651
38.8807 0.0002 0.9651
38.9006 0.0002 0.9652
38.9205 0.0002 0.9652
38.9405 0.0002 0.9652
38.9604 0.0002 0.9653
38.9803 0.0002 0.9653
39.0002 0.0002 0.9654
39.0201 0.0002 0.9654
39.0400 0.0002 0.9654
39.0600 0.0002 0.9655
39.0799 0.0002 0.9655
39.0998 0.0002 0.9656
39.1197 0.0002 0.9656
39.1396 0.0002 0.9656
39.1596 0.0002 0.9657
39.1795 0.0002 0.9657
39.1994 0.0002 0.9657
39.2193 0.0002 0.9658
39.2392 0.0002 0.9658
39.2591 0.0002 0.9659
39.2791 0.0002 0.9659
39.2990 0.0002 0.9659
39.3189 0.0002 0.9660
39.3388 0.0002 0.9660
39.3587 0.0002 0.9661
39.3787 0.0002 0.9661
39.3986 0.0002 0.9661
39.4185 0.0002 0.9662
39.4384 0.0002 0.9662
39.4583 0.0002 0.9662
39.4782 0.0002 0.9663
39.4982 0.0002 0.9663
39.5181 0.0002 0.9664
39.5380 0.0002 0.9664
39.5579 0.0002 0.9664
39.5778 0.0002 0.9665
39.5978 0.0002 0.9665
39.6177 0.0002 0.9665
39.6376 0.0002 0.9666
39.6575 0.0002 0.9666
39.6774 0.0002 0.9667
39.6974 0.0002 0.9667
39.7173 0.0002 0.9667
39.7372 0.0002 0.9668
39.7571 0.0002 0.9668
39.7770 0.0002 0.9668
39.7969 0.0002 0.9669
39.8169 0.0002 0.9669
