0.0000 0.0000 10.8520
0.0204 0.4341 10.8562
0.0408 0.8850 10.8658
0.0612 1.3681 10.8710
0.0816 1.8954 10.8559
0.1020 2.4731 10.7984
0.1225 3.0988 10.6720
0.1429 3.7588 10.4491
0.1633 4.4267 10.1060
0.1837 5.0647 9.6282
0.2041 5.6276 9.0168
0.2245 6.0698 8.2915
0.2449 6.3540 7.4904
0.2653 6.4597 6.6653
0.2857 6.3877 5.8737
0.3061 6.1610 5.1679
0.3266 5.8199 4.5870
0.3470 5.4143 4.1507
0.3674 4.9949 3.8586
0.3878 4.6043 3.6930
0.4082 4.2730 3.6247
0.4286 4.0167 3.6200
0.4490 3.8377 3.6460
0.4694 3.7281 3.6758
0.4898 3.6737 3.6897
0.5102 3.6578 3.6764
0.5307 3.6642 3.6311
0.5511 3.6790 3.5538
0.5715 3.6910 3.4475
0.5919 3.6911 3.3165
0.6123 3.6719 3.1665
0.6327 3.6271 3.0046
0.6531 3.5520 2.8394
0.6735 3.4447 2.6818
0.6939 3.3070 2.5433
0.7143 3.1454 2.4348
0.7347 2.9702 2.3643
0.7552 2.7947 2.3355
0.7756 2.6329 2.3467
0.7960 2.4971 2.3910
0.8164 2.3961 2.4577
0.8368 2.3341 2.5334
0.8572 2.3104 2.6045
0.8776 2.3194 2.6590
0.8980 2.3517 2.6877
0.9184 2.3960 2.6857
0.9388 2.4400 2.6524
0.9593 2.4726 2.5915
0.9797 2.4850 2.5103
1.0001 2.4719 2.4183
1.0205 2.4320 2.3258
1.0409 2.3677 2.2424
1.0613 2.2842 2.1759
1.0817 2.1888 2.1312
1.1021 2.0896 2.1105
1.1225 1.9944 2.1129
1.1429 1.9099 2.1356
1.1633 1.8413 2.1738
1.1838 1.7921 2.2217
1.2042 1.7637 2.2730
1.2246 1.7558 2.3211
1.2450 1.7660 2.3599
1.2654 1.7898 2.3842
1.2858 1.8214 2.3906
1.3062 1.8541 2.3780
1.3266 1.8811 2.3476
1.3470 1.8966 2.3029
1.3674 1.8964 2.2494
1.3879 1.8786 2.1933
1.4083 1.8436 2.1413
1.4287 1.7942 2.0992
1.4491 1.7350 2.0715
1.4695 1.6716 2.0607
1.4899 1.6104 2.0671
1.5103 1.5572 2.0887
1.5307 1.5169 2.1215
1.5511 1.4922 2.1600
1.5715 1.4836 2.1981
1.5920 1.4894 2.2301
1.6124 1.5057 2.2517
1.6328 1.5275 2.2604
1.6532 1.5494 2.2560
1.6736 1.5667 2.2402
1.6940 1.5759 2.2164
1.7144 1.5754 2.1887
1.7348 1.5652 2.1612
1.7552 1.5468 2.1372
1.7756 1.5227 2.1190
1.7960 1.4956 2.1078
1.8165 1.4682 2.1035
1.8369 1.4428 2.1053
1.8573 1.4207 2.1115
1.8777 1.4028 2.1206
1.8981 1.3890 2.1310
1.9185 1.3790 2.1417
1.9389 1.3721 2.1520
1.9593 1.3680 2.1614
1.9797 1.3664 2.1697
2.0001 1.3671 2.1766
2.0206 1.3698 2.1814
2.0410 1.3743 2.1836
2.0614 1.3795 2.1824
2.0818 1.3843 2.1777
2.1022 1.3873 2.1696
2.1226 1.3872 2.1592
2.1430 1.3832 2.1477
2.1634 1.3752 2.1367
2.1838 1.3635 2.1278
2.2042 1.3492 2.1222
2.2246 1.3335 2.1209
2.2451 1.3181 2.1240
2.2655 1.3045 2.1315
2.2859 1.2942 2.1424
2.3063 1.2884 2.1555
2.3267 1.2875 2.1691
2.3471 1.2917 2.1813
2.3675 1.3000 2.1903
2.3879 1.3109 2.1947
2.4083 1.3224 2.1938
2.4287 1.3321 2.1877
2.4492 1.3381 2.1778
2.4696 1.3390 2.1659
2.4900 1.3343 2.1547
2.5104 1.3249 2.1466
2.5308 1.3127 2.1433
2.5512 1.3000 2.1458
2.5716 1.2896 2.1536
2.5920 1.2835 2.1652
2.6124 1.2828 2.1781
2.6328 1.2874 2.1900
2.6533 1.2959 2.1987
2.6737 1.3064 2.2030
2.6941 1.3166 2.2030
2.7145 1.3245 2.1996
2.7349 1.3292 2.1946
2.7553 1.3305 2.1897
2.7757 1.3291 2.1866
2.7961 1.3264 2.1862
2.8165 1.3237 2.1887
2.8369 1.3222 2.1938
2.8573 1.3230 2.2005
2.8778 1.3262 2.2080
2.8982 1.3319 2.2151
2.9186 1.3396 2.2211
2.9390 1.3486 2.2254
2.9594 1.3580 2.2280
2.9798 1.3671 2.2290
3.0002 1.3754 2.2290
3.0206 1.3826 2.2287
3.0410 1.3890 2.2289
3.0614 1.3950 2.2300
3.0819 1.4014 2.2320
3.1023 1.4086 2.2349
3.1227 1.4171 2.2380
3.1431 1.4268 2.2410
3.1635 1.4375 2.2432
3.1839 1.4489 2.2447
3.2043 1.4605 2.2454
3.2247 1.4722 2.2454
3.2451 1.4838 2.2451
3.2655 1.4955 2.2448
3.2860 1.5074 2.2444
3.3064 1.5197 2.2441
3.3268 1.5326 2.2437
3.3472 1.5463 2.2431
3.3676 1.5606 2.2421
3.3880 1.5756 2.2406
3.4084 1.5913 2.2384
3.4288 1.6074 2.2354
3.4492 1.6241 2.2317
3.4696 1.6411 2.2270
3.4900 1.6584 2.2214
3.5105 1.6759 2.2146
3.5309 1.6931 2.2066
3.5513 1.7098 2.1973
3.5717 1.7254 2.1872
3.5921 1.7395 2.1766
3.6125 1.7522 2.1664
3.6329 1.7635 2.1574
3.6533 1.7741 2.1504
3.6737 1.7849 2.1459
3.6941 1.7971 2.1441
3.7146 1.8121 2.1447
3.7350 1.8310 2.1470
3.7554 1.8549 2.1496
3.7758 1.8840 2.1509
3.7962 1.9182 2.1493
3.8166 1.9567 2.1433
3.8370 1.9984 2.1319
3.8574 2.0417 2.1145
3.8778 2.0856 2.0913
3.8982 2.1292 2.0626
3.9186 2.1721 2.0287
3.9391 2.2144 1.9897
3.9595 2.2559 1.9451
3.9799 2.2963 1.8939
4.0003 2.3343 1.8351
4.0207 2.3680 1.7680
4.0411 2.3950 1.6926
4.0615 2.4126 1.6099
4.0819 2.4183 1.5222
4.1023 2.4109 1.4323
4.1227 2.3899 1.3437
4.1432 2.3563 1.2594
4.1636 2.3116 1.1821
4.1840 2.2582 1.1133
4.2044 2.1981 1.0542
4.2248 2.1336 1.0048
4.2452 2.0664 0.9651
4.2656 1.9978 0.9348
4.2860 1.9291 0.9137
4.3064 1.8617 0.9013
4.3268 1.7966 0.8972
4.3473 1.7352 0.9006
4.3677 1.6785 0.9106
4.3881 1.6275 0.9257
4.4085 1.5825 0.9445
4.4289 1.5435 0.9654
4.4493 1.5100 0.9868
4.4697 1.4810 1.0078
4.4901 1.4553 1.0277
4.5105 1.4318 1.0464
4.5309 1.4092 1.0642
4.5513 1.3870 1.0818
4.5718 1.3646 1.1003
4.5922 1.3422 1.1205
4.6126 1.3204 1.1433
4.6330 1.2998 1.1693
4.6534 1.2814 1.1987
4.6738 1.2664 1.2316
4.6942 1.2557 1.2674
4.7146 1.2503 1.3055
4.7350 1.2507 1.3450
4.7554 1.2575 1.3848
4.7759 1.2709 1.4237
4.7963 1.2910 1.4604
4.8167 1.3173 1.4935
4.8371 1.3492 1.5216
4.8575 1.3855 1.5437
4.8779 1.4247 1.5588
4.8983 1.4651 1.5667
4.9187 1.5050 1.5676
4.9391 1.5428 1.5622
4.9595 1.5774 1.5518
4.9800 1.6080 1.5376
5.0004 1.6347 1.5212
5.0208 1.6577 1.5039
5.0412 1.6778 1.4864
5.0616 1.6957 1.4693
5.0820 1.7125 1.4528
5.1024 1.7288 1.4364
5.1228 1.7451 1.4197
5.1432 1.7614 1.4020
5.1636 1.7776 1.3825
5.1840 1.7929 1.3609
5.2045 1.8066 1.3370
5.2249 1.8175 1.3110
5.2453 1.8248 1.2837
5.2657 1.8280 1.2563
5.2861 1.8271 1.2301
5.3065 1.8225 1.2067
5.3269 1.8156 1.1871
5.3473 1.8078 1.1719
5.3677 1.8008 1.1611
5.3881 1.7961 1.1538
5.4086 1.7947 1.1487
5.4290 1.7972 1.1443
5.4494 1.8031 1.1390
5.4698 1.8115 1.1317
5.4902 1.8211 1.1216
5.5106 1.8305 1.1090
5.5310 1.8385 1.0945
5.5514 1.8443 1.0795
5.5718 1.8482 1.0654
5.5922 1.8509 1.0537
5.6126 1.8540 1.0453
5.6331 1.8593 1.0402
5.6535 1.8687 1.0379
5.6739 1.8840 1.0369
5.6943 1.9062 1.0351
5.7147 1.9356 1.0300
5.7351 1.9716 1.0188
5.7555 2.0128 0.9994
5.7759 2.0568 0.9696
5.7963 2.1008 0.9285
5.8167 2.1417 0.8759
5.8372 2.1763 0.8125
5.8576 2.2020 0.7400
5.8780 2.2167 0.6609
5.8984 2.2191 0.5779
5.9188 2.2087 0.4942
5.9392 2.1861 0.4125
5.9596 2.1525 0.3355
5.9800 2.1096 0.2651
6.0004 2.0593 0.2026
6.0208 2.0039 0.1488
6.0413 1.9453 0.1039
6.0617 1.8854 0.0676
6.0821 1.8260 0.0393
6.1025 1.7682 0.0180
6.1229 1.7132 0.0027
6.1433 1.6615 -0.0081
6.1637 1.6134 -0.0156
6.1841 1.5686 -0.0209
6.2045 1.5268 -0.0249
6.2249 1.4872 -0.0282
6.2453 1.4492 -0.0312
6.2658 1.4121 -0.0339
6.2862 1.3755 -0.0359
6.3066 1.3391 -0.0368
6.3270 1.3030 -0.0362
6.3474 1.2674 -0.0338
6.3678 1.2329 -0.0294
6.3882 1.1999 -0.0231
6.4086 1.1688 -0.0152
6.4290 1.1400 -0.0062
6.4494 1.1136 0.0032
6.4699 1.0893 0.0126
6.4903 1.0669 0.0214
6.5107 1.0457 0.0295
6.5311 1.0254 0.0366
6.5515 1.0054 0.0430
6.5719 0.9854 0.0490
6.5923 0.9653 0.0550
6.6127 0.9452 0.0614
6.6331 0.9252 0.0684
6.6535 0.9056 0.0761
6.6739 0.8869 0.0844
6.6944 0.8692 0.0932
6.7148 0.8526 0.1022
6.7352 0.8371 0.1111
6.7556 0.8226 0.1197
6.7760 0.8088 0.1276
6.7964 0.7956 0.1350
6.8168 0.7827 0.1416
6.8372 0.7698 0.1477
6.8576 0.7567 0.1534
6.8780 0.7433 0.1588
6.8985 0.7295 0.1643
6.9189 0.7152 0.1700
6.9393 0.7007 0.1762
6.9597 0.6861 0.1833
6.9801 0.6718 0.1912
7.0005 0.6581 0.1999
7.0209 0.6452 0.2093
7.0413 0.6334 0.2191
7.0617 0.6228 0.2289
7.0821 0.6131 0.2385
7.1026 0.6043 0.2476
7.1230 0.5962 0.2561
7.1434 0.5886 0.2640
7.1638 0.5813 0.2713
7.1842 0.5742 0.2779
7.2046 0.5671 0.2839
7.2250 0.5599 0.2894
7.2454 0.5525 0.2943
7.2658 0.5445 0.2989
7.2862 0.5361 0.3034
7.3066 0.5271 0.3080
7.3271 0.5176 0.3129
7.3475 0.5078 0.3185
7.3679 0.4981 0.3248
7.3883 0.4886 0.3317
7.4087 0.4796 0.3392
7.4291 0.4712 0.3472
7.4495 0.4637 0.3552
7.4699 0.4568 0.3632
7.4903 0.4506 0.3709
7.5107 0.4449 0.3783
7.5312 0.4395 0.3852
7.5516 0.4343 0.3918
7.5720 0.4292 0.3979
7.5924 0.4242 0.4036
7.6128 0.4191 0.4091
7.6332 0.4138 0.4143
7.6536 0.4085 0.4193
7.6740 0.4028 0.4241
7.6944 0.3970 0.4290
7.7148 0.3909 0.4341
7.7353 0.3847 0.4394
7.7557 0.3784 0.4450
7.7761 0.3723 0.4509
7.7965 0.3664 0.4572
7.8169 0.3609 0.4636
7.8373 0.3558 0.4702
7.8577 0.3511 0.4767
7.8781 0.3468 0.4832
7.8985 0.3429 0.4894
7.9189 0.3394 0.4953
7.9393 0.3360 0.5009
7.9598 0.3327 0.5060
7.9802 0.3293 0.5108
8.0006 0.3258 0.5152
8.0210 0.3219 0.5194
8.0414 0.3177 0.5236
8.0618 0.3132 0.5279
8.0822 0.3085 0.5324
8.1026 0.3036 0.5372
8.1230 0.2988 0.5425
8.1434 0.2941 0.5480
8.1639 0.2898 0.5539
8.1843 0.2858 0.5599
8.2047 0.2822 0.5660
8.2251 0.2790 0.5721
8.2455 0.2761 0.5781
8.2659 0.2737 0.5840
8.2863 0.2715 0.5896
8.3067 0.2696 0.5949
8.3271 0.2680 0.5999
8.3475 0.2665 0.6046
8.3679 0.2650 0.6087
8.3884 0.2635 0.6124
8.4088 0.2619 0.6157
8.4292 0.2598 0.6186
8.4496 0.2573 0.6212
8.4700 0.2542 0.6238
8.4904 0.2507 0.6266
8.5108 0.2466 0.6298
8.5312 0.2424 0.6335
8.5516 0.2382 0.6378
8.5720 0.2342 0.6426
8.5925 0.2306 0.6479
8.6129 0.2275 0.6533
8.6333 0.2249 0.6588
8.6537 0.2228 0.6642
8.6741 0.2211 0.6693
8.6945 0.2196 0.6741
8.7149 0.2184 0.6786
8.7353 0.2172 0.6827
8.7557 0.2160 0.6865
8.7761 0.2148 0.6899
8.7966 0.2134 0.6932
8.8170 0.2119 0.6961
8.8374 0.2101 0.6990
8.8578 0.2080 0.7017
8.8782 0.2056 0.7044
8.8986 0.2030 0.7073
8.9190 0.2001 0.7103
8.9394 0.1970 0.7136
8.9598 0.1939 0.7172
8.9802 0.1908 0.7212
9.0006 0.1879 0.7255
9.0211 0.1852 0.7300
9.0415 0.1828 0.7347
9.0619 0.1808 0.7395
9.0823 0.1792 0.7443
9.1027 0.1780 0.7489
9.1231 0.1770 0.7532
9.1435 0.1762 0.7572
9.1639 0.1755 0.7609
9.1843 0.1748 0.7641
9.2047 0.1739 0.7671
9.2252 0.1728 0.7699
9.2456 0.1714 0.7726
9.2660 0.1698 0.7753
9.2864 0.1679 0.7780
9.3068 0.1659 0.7809
9.3272 0.1637 0.7839
9.3476 0.1616 0.7871
9.3680 0.1594 0.7905
9.3884 0.1574 0.7940
9.4088 0.1554 0.7976
9.4292 0.1535 0.8013
9.4497 0.1518 0.8050
9.4701 0.1502 0.8088
9.4905 0.1488 0.8125
9.5109 0.1475 0.8162
9.5313 0.1464 0.8197
9.5517 0.1453 0.8230
9.5721 0.1443 0.8261
9.5925 0.1431 0.8290
9.6129 0.1418 0.8317
9.6333 0.1402 0.8342
9.6538 0.1383 0.8368
9.6742 0.1361 0.8395
9.6946 0.1337 0.8424
9.7150 0.1311 0.8456
9.7354 0.1285 0.8492
9.7558 0.1259 0.8531
9.7762 0.1235 0.8573
9.7966 0.1214 0.8618
9.8170 0.1196 0.8663
9.8374 0.1180 0.8709
9.8579 0.1167 0.8755
9.8783 0.1157 0.8800
9.8987 0.1148 0.8843
9.9191 0.1140 0.8884
9.9395 0.1132 0.8924
9.9599 0.1124 0.8962
9.9803 0.1115 0.9000
10.0007 0.1106 0.9036
10.0211 0.1095 0.9073
10.0415 0.1083 0.9111
10.0619 0.1071 0.9150
10.0824 0.1058 0.9190
10.1028 0.1046 0.9231
10.1232 0.1034 0.9274
10.1436 0.1023 0.9319
10.1640 0.1014 0.9364
10.1844 0.1006 0.9411
10.2048 0.1000 0.9458
10.2252 0.0996 0.9506
10.2456 0.0995 0.9554
10.2660 0.0995 0.9601
10.2865 0.0998 0.9647
10.3069 0.1002 0.9692
10.3273 0.1007 0.9736
10.3477 0.1013 0.9778
10.3681 0.1020 0.9818
10.3885 0.1028 0.9857
10.4089 0.1035 0.9894
10.4293 0.1042 0.9931
10.4497 0.1049 0.9966
10.4701 0.1055 1.0001
10.4906 0.1062 1.0035
10.5110 0.1068 1.0069
10.5314 0.1073 1.0102
10.5518 0.1078 1.0135
10.5722 0.1084 1.0168
10.5926 0.1088 1.0201
10.6130 0.1093 1.0234
10.6334 0.1098 1.0267
10.6538 0.1103 1.0301
10.6742 0.1109 1.0334
10.6946 0.1115 1.0368
10.7151 0.1122 1.0402
10.7355 0.1130 1.0435
10.7559 0.1139 1.0468
10.7763 0.1150 1.0501
10.7967 0.1161 1.0532
10.8171 0.1174 1.0561
10.8375 0.1187 1.0588
10.8579 0.1200 1.0612
10.8783 0.1213 1.0634
10.8987 0.1223 1.0652
10.9192 0.1232 1.0668
10.9396 0.1236 1.0682
10.9600 0.1236 1.0695
10.9804 0.1232 1.0708
11.0008 0.1223 1.0724
11.0212 0.1211 1.0742
11.0416 0.1195 1.0764
11.0620 0.1178 1.0791
11.0824 0.1160 1.0823
11.1028 0.1143 1.0859
11.1232 0.1128 1.0900
11.1437 0.1115 1.0944
11.1641 0.1105 1.0991
11.1845 0.1099 1.1039
11.2049 0.1096 1.1089
11.2253 0.1096 1.1139
11.2457 0.1098 1.1189
11.2661 0.1103 1.1238
11.2865 0.1110 1.1287
11.3069 0.1118 1.1335
11.3273 0.1128 1.1382
11.3478 0.1139 1.1429
11.3682 0.1151 1.1476
11.3886 0.1165 1.1522
11.4090 0.1179 1.1567
11.4294 0.1195 1.1613
11.4498 0.1212 1.1657
11.4702 0.1231 1.1701
11.4906 0.1251 1.1743
11.5110 0.1271 1.1784
11.5314 0.1293 1.1824
11.5519 0.1314 1.1862
11.5723 0.1336 1.1899
11.5927 0.1358 1.1935
11.6131 0.1379 1.1969
11.6335 0.1400 1.2003
11.6539 0.1420 1.2035
11.6743 0.1439 1.2067
11.6947 0.1457 1.2099
11.7151 0.1475 1.2131
11.7355 0.1491 1.2163
11.7559 0.1506 1.2195
11.7764 0.1521 1.2228
11.7968 0.1534 1.2262
11.8172 0.1548 1.2298
11.8376 0.1561 1.2335
11.8580 0.1574 1.2373
11.8784 0.1588 1.2414
11.8988 0.1604 1.2455
11.9192 0.1621 1.2498
11.9396 0.1639 1.2542
11.9600 0.1659 1.2585
11.9805 0.1680 1.2629
12.0009 0.1703 1.2672
12.0213 0.1726 1.2716
12.0417 0.1750 1.2759
12.0621 0.1774 1.2803
12.0825 0.1800 1.2848
12.1029 0.1826 1.2893
12.1233 0.1853 1.2939
12.1437 0.1882 1.2985
12.1641 0.1913 1.3032
12.1845 0.1946 1.3080
12.2050 0.1982 1.3127
12.2254 0.2020 1.3173
12.2458 0.2060 1.3219
12.2662 0.2103 1.3262
12.2866 0.2147 1.3304
12.3070 0.2193 1.3343
12.3274 0.2239 1.3380
12.3478 0.2285 1.3414
12.3682 0.2331 1.3445
12.3886 0.2376 1.3475
12.4091 0.2419 1.3503
12.4295 0.2460 1.3530
12.4499 0.2499 1.3557
12.4703 0.2536 1.3584
12.4907 0.2572 1.3613
12.5111 0.2606 1.3644
12.5315 0.2639 1.3677
12.5519 0.2673 1.3713
12.5723 0.2707 1.3751
12.5927 0.2744 1.3792
12.6132 0.2783 1.3835
12.6336 0.2825 1.3879
12.6540 0.2870 1.3924
12.6744 0.2918 1.3969
12.6948 0.2970 1.4014
12.7152 0.3023 1.4058
12.7356 0.3080 1.4101
12.7560 0.3139 1.4143
12.7764 0.3200 1.4184
12.7968 0.3263 1.4224
12.8172 0.3329 1.4262
12.8377 0.3397 1.4299
12.8581 0.3467 1.4333
12.8785 0.3539 1.4366
12.8989 0.3612 1.4395
12.9193 0.3687 1.4423
12.9397 0.3764 1.4447
12.9601 0.3841 1.4468
12.9805 0.3918 1.4486
13.0009 0.3995 1.4502
13.0213 0.4072 1.4514
13.0418 0.4148 1.4524
13.0622 0.4223 1.4531
13.0826 0.4297 1.4537
13.1030 0.4369 1.4540
13.1234 0.4440 1.4543
13.1438 0.4509 1.4544
13.1642 0.4576 1.4544
13.1846 0.4641 1.4545
13.2050 0.4706 1.4546
13.2254 0.4769 1.4547
13.2459 0.4832 1.4548
13.2663 0.4894 1.4550
13.2867 0.4956 1.4552
13.3071 0.5018 1.4554
13.3275 0.5080 1.4556
13.3479 0.5142 1.4558
13.3683 0.5203 1.4561
13.3887 0.5264 1.4563
13.4091 0.5324 1.4566
13.4295 0.5385 1.4569
13.4499 0.5444 1.4574
13.4704 0.5504 1.4579
13.4908 0.5564 1.4586
13.5112 0.5623 1.4594
13.5316 0.5683 1.4605
13.5520 0.5745 1.4617
13.5724 0.5808 1.4631
13.5928 0.5873 1.4648
13.6132 0.5942 1.4666
13.6336 0.6013 1.4686
13.6540 0.6089 1.4706
13.6745 0.6168 1.4725
13.6949 0.6251 1.4744
13.7153 0.6338 1.4762
13.7357 0.6427 1.4778
13.7561 0.6518 1.4792
13.7765 0.6612 1.4805
13.7969 0.6708 1.4817
13.8173 0.6806 1.4828
13.8377 0.6906 1.4837
13.8581 0.7009 1.4845
13.8785 0.7114 1.4852
13.8990 0.7221 1.4857
13.9194 0.7330 1.4860
13.9398 0.7440 1.4863
13.9602 0.7551 1.4865
13.9806 0.7663 1.4867
14.0010 0.7778 1.4870
14.0214 0.7895 1.4875
14.0418 0.8016 1.4883
14.0622 0.8142 1.4894
14.0826 0.8276 1.4909
14.1031 0.8418 1.4925
14.1235 0.8572 1.4944
14.1439 0.8740 1.4964
14.1643 0.8925 1.4983
14.1847 0.9129 1.4998
14.2051 0.9354 1.5004
14.2255 0.9601 1.4997
14.2459 0.9871 1.4970
14.2663 1.0162 1.4916
14.2867 1.0469 1.4829
14.3072 1.0786 1.4703
14.3276 1.1105 1.4534
14.3480 1.1417 1.4321
14.3684 1.1712 1.4064
14.3888 1.1980 1.3766
14.4092 1.2215 1.3434
14.4296 1.2410 1.3075
14.4500 1.2560 1.2698
14.4704 1.2664 1.2311
14.4908 1.2722 1.1923
14.5112 1.2736 1.1543
14.5317 1.2711 1.1178
14.5521 1.2650 1.0834
14.5725 1.2561 1.0516
14.5929 1.2450 1.0226
14.6133 1.2323 0.9967
14.6337 1.2187 0.9737
14.6541 1.2048 0.9535
14.6745 1.1910 0.9359
14.6949 1.1779 0.9206
14.7153 1.1656 0.9071
14.7358 1.1543 0.8950
14.7562 1.1441 0.8839
14.7766 1.1350 0.8736
14.7970 1.1267 0.8636
14.8174 1.1192 0.8538
14.8378 1.1122 0.8441
14.8582 1.1057 0.8344
14.8786 1.0995 0.8246
14.8990 1.0934 0.8149
14.9194 1.0875 0.8051
14.9399 1.0815 0.7953
14.9603 1.0756 0.7856
14.9807 1.0696 0.7760
15.0011 1.0636 0.7666
15.0215 1.0576 0.7573
15.0419 1.0517 0.7483
15.0623 1.0458 0.7393
15.0827 1.0401 0.7304
15.1031 1.0344 0.7215
15.1235 1.0287 0.7125
15.1439 1.0230 0.7035
15.1644 1.0171 0.6943
15.1848 1.0110 0.6852
15.2052 1.0046 0.6761
15.2256 0.9979 0.6670
15.2460 0.9909 0.6582
15.2664 0.9837 0.6496
15.2868 0.9762 0.6413
15.3072 0.9686 0.6334
15.3276 0.9608 0.6257
15.3480 0.9530 0.6184
15.3685 0.9452 0.6115
15.3889 0.9373 0.6048
15.4093 0.9294 0.5984
15.4297 0.9216 0.5923
15.4501 0.9138 0.5864
15.4705 0.9061 0.5808
15.4909 0.8984 0.5755
15.5113 0.8908 0.5704
15.5317 0.8834 0.5655
15.5521 0.8761 0.5608
15.5725 0.8690 0.5563
15.5930 0.8620 0.5518
15.6134 0.8553 0.5474
15.6338 0.8487 0.5430
15.6542 0.8421 0.5384
15.6746 0.8355 0.5338
15.6950 0.8289 0.5291
15.7154 0.8221 0.5244
15.7358 0.8152 0.5197
15.7562 0.8080 0.5151
15.7766 0.8006 0.5108
15.7971 0.7930 0.5066
15.8175 0.7853 0.5028
15.8379 0.7776 0.4993
15.8583 0.7700 0.4961
15.8787 0.7624 0.4932
15.8991 0.7549 0.4906
15.9195 0.7476 0.4882
15.9399 0.7405 0.4860
15.9603 0.7336 0.4839
15.9807 0.7268 0.4820
16.0012 0.7203 0.4801
16.0216 0.7138 0.4783
16.0420 0.7076 0.4766
16.0624 0.7015 0.4748
16.0828 0.6955 0.4730
16.1032 0.6895 0.4711
16.1236 0.6836 0.4692
16.1440 0.6777 0.4673
16.1644 0.6717 0.4655
16.1848 0.6657 0.4637
16.2052 0.6597 0.4620
16.2257 0.6537 0.4604
16.2461 0.6478 0.4589
16.2665 0.6419 0.4575
16.2869 0.6361 0.4562
16.3073 0.6304 0.4550
16.3277 0.6248 0.4538
16.3481 0.6193 0.4527
16.3685 0.6139 0.4516
16.3889 0.6085 0.4505
16.4093 0.6033 0.4493
16.4298 0.5981 0.4481
16.4502 0.5929 0.4469
16.4706 0.5878 0.4456
16.4910 0.5826 0.4442
16.5114 0.5774 0.4428
16.5318 0.5721 0.4414
16.5522 0.5667 0.4400
16.5726 0.5612 0.4387
16.5930 0.5557 0.4374
16.6134 0.5500 0.4362
16.6338 0.5443 0.4352
16.6543 0.5386 0.4343
16.6747 0.5329 0.4335
16.6951 0.5272 0.4329
16.7155 0.5216 0.4323
16.7359 0.5160 0.4319
16.7563 0.5105 0.4315
16.7767 0.5051 0.4311
16.7971 0.4997 0.4308
16.8175 0.4942 0.4306
16.8379 0.4888 0.4304
16.8584 0.4834 0.4302
16.8788 0.4780 0.4301
16.8992 0.4727 0.4302
16.9196 0.4673 0.4303
16.9400 0.4620 0.4304
16.9604 0.4567 0.4307
16.9808 0.4514 0.4311
17.0012 0.4463 0.4315
17.0216 0.4411 0.4320
17.0420 0.4360 0.4325
17.0625 0.4310 0.4330
17.0829 0.4259 0.4337
17.1033 0.4209 0.4343
17.1237 0.4159 0.4351
17.1441 0.4109 0.4359
17.1645 0.4059 0.4369
17.1849 0.4010 0.4380
17.2053 0.3962 0.4392
17.2257 0.3914 0.4405
17.2461 0.3868 0.4419
17.2665 0.3823 0.4434
17.2870 0.3779 0.4450
17.3074 0.3737 0.4466
17.3278 0.3697 0.4482
17.3482 0.3657 0.4498
17.3686 0.3619 0.4514
17.3890 0.3582 0.4529
17.4094 0.3546 0.4544
17.4298 0.3510 0.4558
17.4502 0.3474 0.4572
17.4706 0.3439 0.4586
17.4911 0.3404 0.4599
17.5115 0.3369 0.4613
17.5319 0.3334 0.4627
17.5523 0.3300 0.4642
17.5727 0.3267 0.4657
17.5931 0.3234 0.4671
17.6135 0.3202 0.4687
17.6339 0.3171 0.4702
17.6543 0.3141 0.4716
17.6747 0.3112 0.4731
17.6952 0.3084 0.4745
17.7156 0.3056 0.4758
17.7360 0.3029 0.4771
17.7564 0.3002 0.4783
17.7768 0.2975 0.4793
17.7972 0.2947 0.4804
17.8176 0.2920 0.4813
17.8380 0.2892 0.4822
17.8584 0.2863 0.4831
17.8788 0.2833 0.4840
17.8992 0.2803 0.4849
17.9197 0.2772 0.4859
17.9401 0.2741 0.4870
17.9605 0.2710 0.4882
17.9809 0.2680 0.4895
18.0013 0.2650 0.4908
18.0217 0.2620 0.4922
18.0421 0.2592 0.4936
18.0625 0.2564 0.4951
18.0829 0.2537 0.4965
18.1033 0.2510 0.4980
18.1238 0.2484 0.4994
18.1442 0.2458 0.5008
18.1646 0.2432 0.5021
18.1850 0.2407 0.5035
18.2054 0.2382 0.5049
18.2258 0.2357 0.5063
18.2462 0.2332 0.5077
18.2666 0.2308 0.5091
18.2870 0.2284 0.5105
18.3074 0.2260 0.5119
18.3278 0.2237 0.5133
18.3483 0.2214 0.5146
18.3687 0.2191 0.5160
18.3891 0.2169 0.5173
18.4095 0.2146 0.5186
18.4299 0.2124 0.5199
18.4503 0.2102 0.5212
18.4707 0.2080 0.5225
18.4911 0.2057 0.5238
18.5115 0.2035 0.5250
18.5319 0.2013 0.5263
18.5524 0.1990 0.5276
18.5728 0.1968 0.5289
18.5932 0.1945 0.5302
18.6136 0.1923 0.5316
18.6340 0.1901 0.5330
18.6544 0.1880 0.5344
18.6748 0.1858 0.5359
18.6952 0.1837 0.5373
18.7156 0.1817 0.5388
18.7360 0.1796 0.5403
18.7565 0.1777 0.5418
18.7769 0.1758 0.5433
18.7973 0.1739 0.5447
18.8177 0.1721 0.5461
18.8381 0.1703 0.5475
18.8585 0.1685 0.5489
18.8789 0.1667 0.5502
18.8993 0.1649 0.5515
18.9197 0.1631 0.5528
18.9401 0.1613 0.5541
18.9605 0.1595 0.5553
18.9810 0.1576 0.5566
19.0014 0.1558 0.5579
19.0218 0.1539 0.5591
19.0422 0.1520 0.5605
19.0626 0.1501 0.5618
19.0830 0.1482 0.5632
19.1034 0.1464 0.5646
19.1238 0.1446 0.5660
19.1442 0.1428 0.5675
19.1646 0.1410 0.5690
19.1851 0.1393 0.5705
19.2055 0.1376 0.5720
19.2259 0.1359 0.5735
19.2463 0.1342 0.5750
19.2667 0.1326 0.5765
19.2871 0.1310 0.5780
19.3075 0.1294 0.5795
19.3279 0.1278 0.5811
19.3483 0.1263 0.5827
19.3687 0.1248 0.5842
19.3891 0.1234 0.5858
19.4096 0.1220 0.5874
19.4300 0.1207 0.5889
19.4504 0.1194 0.5905
19.4708 0.1181 0.5920
19.4912 0.1169 0.5934
19.5116 0.1157 0.5949
19.5320 0.1145 0.5963
19.5524 0.1133 0.5976
19.5728 0.1121 0.5990
19.5932 0.1109 0.6003
19.6137 0.1097 0.6016
19.6341 0.1086 0.6029
19.6545 0.1074 0.6042
19.6749 0.1062 0.6055
19.6953 0.1050 0.6067
19.7157 0.1038 0.6080
19.7361 0.1026 0.6092
19.7565 0.1014 0.6105
19.7769 0.1002 0.6118
19.7973 0.0990 0.6130
19.8178 0.0979 0.6143
19.8382 0.0967 0.6156
19.8586 0.0955 0.6168
19.8790 0.0944 0.6181
19.8994 0.0932 0.6193
19.9198 0.0921 0.6206
19.9402 0.0910 0.6218
19.9606 0.0898 0.6231
19.9810 0.0887 0.6244
20.0014 0.0876 0.6256
20.0218 0.0865 0.6269
20.0423 0.0854 0.6281
20.0627 0.0843 0.6294
20.0831 0.0832 0.6307
20.1035 0.0821 0.6319
20.1239 0.0811 0.6332
20.1443 0.0800 0.6344
20.1647 0.0790 0.6357
20.1851 0.0779 0.6369
20.2055 0.0769 0.6382
20.2259 0.0758 0.6394
20.2464 0.0748 0.6407
20.2668 0.0738 0.6420
20.2872 0.0728 0.6432
20.3076 0.0717 0.6445
20.3280 0.0707 0.6458
20.3484 0.0698 0.6471
20.3688 0.0688 0.6484
20.3892 0.0678 0.6497
20.4096 0.0669 0.6510
20.4300 0.0660 0.6523
20.4505 0.0651 0.6536
20.4709 0.0642 0.6549
20.4913 0.0634 0.6562
20.5117 0.0625 0.6575
20.5321 0.0617 0.6588
20.5525 0.0608 0.6601
20.5729 0.0600 0.6614
20.5933 0.0592 0.6627
20.6137 0.0584 0.6639
20.6341 0.0576 0.6652
20.6545 0.0568 0.6665
20.6750 0.0560 0.6678
20.6954 0.0553 0.6691
20.7158 0.0546 0.6704
20.7362 0.0539 0.6717
20.7566 0.0532 0.6730
20.7770 0.0525 0.6742
20.7974 0.0519 0.6755
20.8178 0.0512 0.6767
20.8382 0.0506 0.6780
20.8586 0.0500 0.6792
20.8791 0.0494 0.6804
20.8995 0.0488 0.6816
20.9199 0.0482 0.6828
20.9403 0.0477 0.6840
20.9607 0.0471 0.6851
20.9811 0.0465 0.6863
21.0015 0.0459 0.6874
21.0219 0.0454 0.6886
21.0423 0.0448 0.6897
21.0627 0.0443 0.6908
21.0831 0.0437 0.6920
21.1036 0.0432 0.6931
21.1240 0.0426 0.6942
21.1444 0.0421 0.6953
21.1648 0.0415 0.6965
21.1852 0.0410 0.6976
21.2056 0.0405 0.6987
21.2260 0.0400 0.6998
21.2464 0.0396 0.7009
21.2668 0.0391 0.7020
21.2872 0.0386 0.7031
21.3077 0.0382 0.7042
21.3281 0.0377 0.7052
21.3485 0.0373 0.7063
21.3689 0.0368 0.7073
21.3893 0.0364 0.7084
21.4097 0.0359 0.7094
21.4301 0.0354 0.7104
21.4505 0.0350 0.7114
21.4709 0.0346 0.7125
21.4913 0.0341 0.7135
21.5118 0.0337 0.7145
21.5322 0.0333 0.7156
21.5526 0.0329 0.7166
21.5730 0.0325 0.7176
21.5934 0.0321 0.7186
21.6138 0.0317 0.7196
21.6342 0.0313 0.7206
21.6546 0.0309 0.7216
21.6750 0.0305 0.7225
21.6954 0.0301 0.7235
21.7158 0.0297 0.7245
21.7363 0.0293 0.7255
21.7567 0.0290 0.7264
21.7771 0.0286 0.7274
21.7975 0.0282 0.7283
21.8179 0.0278 0.7293
21.8383 0.0275 0.7303
21.8587 0.0271 0.7312
21.8791 0.0267 0.7322
21.8995 0.0264 0.7332
21.9199 0.0260 0.7341
21.9404 0.0257 0.7351
21.9608 0.0254 0.7360
21.9812 0.0250 0.7370
22.0016 0.0247 0.7380
22.0220 0.0244 0.7389
22.0424 0.0241 0.7399
22.0628 0.0238 0.7408
22.0832 0.0236 0.7418
22.1036 0.0233 0.7427
22.1240 0.0230 0.7437
22.1445 0.0228 0.7446
22.1649 0.0226 0.7455
22.1853 0.0223 0.7464
22.2057 0.0221 0.7473
22.2261 0.0219 0.7482
22.2465 0.0217 0.7491
22.2669 0.0215 0.7500
22.2873 0.0213 0.7509
22.3077 0.0212 0.7517
22.3281 0.0210 0.7525
22.3485 0.0208 0.7534
22.3690 0.0206 0.7542
22.3894 0.0204 0.7550
22.4098 0.0202 0.7558
22.4302 0.0201 0.7565
22.4506 0.0199 0.7573
22.4710 0.0196 0.7581
22.4914 0.0194 0.7588
22.5118 0.0192 0.7596
22.5322 0.0190 0.7604
22.5526 0.0188 0.7612
22.5731 0.0186 0.7619
22.5935 0.0183 0.7627
22.6139 0.0181 0.7635
22.6343 0.0179 0.7643
22.6547 0.0177 0.7651
22.6751 0.0175 0.7658
22.6955 0.0174 0.7666
22.7159 0.0172 0.7674
22.7363 0.0170 0.7682
22.7567 0.0168 0.7689
22.7771 0.0167 0.7697
22.7976 0.0165 0.7704
22.8180 0.0164 0.7712
22.8384 0.0162 0.7719
22.8588 0.0161 0.7727
22.8792 0.0159 0.7734
22.8996 0.0158 0.7741
22.9200 0.0156 0.7748
22.9404 0.0155 0.7755
22.9608 0.0153 0.7762
22.9812 0.0152 0.7769
23.0017 0.0150 0.7775
23.0221 0.0149 0.7782
23.0425 0.0147 0.7789
23.0629 0.0146 0.7796
23.0833 0.0144 0.7803
23.1037 0.0142 0.7809
23.1241 0.0141 0.7816
23.1445 0.0139 0.7823
23.1649 0.0137 0.7830
23.1853 0.0136 0.7837
23.2058 0.0134 0.7844
23.2262 0.0133 0.7851
23.2466 0.0132 0.7858
23.2670 0.0130 0.7864
23.2874 0.0129 0.7871
23.3078 0.0128 0.7878
23.3282 0.0126 0.7885
23.3486 0.0125 0.7891
23.3690 0.0124 0.7898
23.3894 0.0123 0.7905
23.4098 0.0122 0.7911
23.4303 0.0121 0.7918
23.4507 0.0119 0.7924
23.4711 0.0118 0.7931
23.4915 0.0117 0.7937
23.5119 0.0116 0.7943
23.5323 0.0115 0.7950
23.5527 0.0114 0.7957
23.5731 0.0112 0.7963
23.5935 0.0111 0.7970
23.6139 0.0110 0.7976
23.6344 0.0110 0.7983
23.6548 0.0109 0.7989
23.6752 0.0108 0.7996
23.6956 0.0108 0.8002
23.7160 0.0107 0.8009
23.7364 0.0107 0.8015
23.7568 0.0106 0.8021
23.7772 0.0106 0.8027
23.7976 0.0105 0.8033
23.8180 0.0105 0.8039
23.8384 0.0105 0.8045
23.8589 0.0104 0.8051
23.8793 0.0104 0.8057
23.8997 0.0104 0.8062
23.9201 0.0103 0.8068
23.9405 0.0103 0.8074
23.9609 0.0102 0.8079
23.9813 0.0102 0.8085
24.0017 0.0101 0.8090
24.0221 0.0101 0.8096
24.0425 0.0100 0.8101
24.0630 0.0100 0.8107
24.0834 0.0100 0.8112
24.1038 0.0099 0.8118
24.1242 0.0099 0.8123
24.1446 0.0099 0.8129
24.1650 0.0098 0.8135
24.1854 0.0098 0.8140
24.2058 0.0098 0.8145
24.2262 0.0098 0.8151
24.2466 0.0098 0.8156
24.2671 0.0098 0.8161
24.2875 0.0098 0.8166
24.3079 0.0098 0.8172
24.3283 0.0098 0.8177
24.3487 0.0098 0.8182
24.3691 0.0098 0.8186
24.3895 0.0098 0.8191
24.4099 0.0098 0.8196
24.4303 0.0098 0.8201
24.4507 0.0098 0.8206
24.4711 0.0098 0.8210
24.4916 0.0098 0.8215
24.5120 0.0098 0.8220
24.5324 0.0098 0.8224
24.5528 0.0098 0.8229
24.5732 0.0098 0.8233
24.5936 0.0098 0.8238
24.6140 0.0098 0.8242
24.6344 0.0098 0.8247
24.6548 0.0098 0.8251
24.6752 0.0098 0.8256
24.6957 0.0098 0.8260
24.7161 0.0098 0.8264
24.7365 0.0098 0.8269
24.7569 0.0098 0.8273
24.7773 0.0098 0.8277
24.7977 0.0098 0.8281
24.8181 0.0098 0.8286
24.8385 0.0098 0.8290
24.8589 0.0099 0.8294
24.8793 0.0099 0.8298
24.8998 0.0099 0.8302
24.9202 0.0099 0.8306
24.9406 0.0099 0.8309
24.9610 0.0100 0.8313
24.9814 0.0100 0.8317
25.0018 0.0100 0.8320
25.0222 0.0100 0.8324
25.0426 0.0100 0.8327
25.0630 0.0100 0.8331
25.0834 0.0100 0.8334
25.1038 0.0100 0.8337
25.1243 0.0100 0.8340
25.1447 0.0099 0.8344
25.1651 0.0099 0.8347
25.1855 0.0099 0.8350
25.2059 0.0098 0.8354
25.2263 0.0098 0.8357
25.2467 0.0098 0.8360
25.2671 0.0097 0.8363
25.2875 0.0097 0.8367
25.3079 0.0097 0.8370
25.3284 0.0096 0.8373
25.3488 0.0096 0.8376
25.3692 0.0095 0.8379
25.3896 0.0095 0.8382
25.4100 0.0094 0.8385
25.4304 0.0093 0.8388
25.4508 0.0093 0.8391
25.4712 0.0092 0.8394
25.4916 0.0091 0.8398
25.5120 0.0090 0.8401
25.5324 0.0089 0.8404
25.5529 0.0088 0.8407
25.5733 0.0087 0.8410
25.5937 0.0086 0.8414
25.6141 0.0085 0.8417
25.6345 0.0084 0.8420
25.6549 0.0083 0.8424
25.6753 0.0082 0.8427
25.6957 0.0081 0.8430
25.7161 0.0080 0.8434
25.7365 0.0079 0.8437
25.7570 0.0078 0.8441
25.7774 0.0078 0.8444
25.7978 0.0077 0.8448
25.8182 0.0076 0.8452
25.8386 0.0075 0.8455
25.8590 0.0074 0.8459
25.8794 0.0073 0.8463
25.8998 0.0072 0.8467
25.9202 0.0072 0.8470
25.9406 0.0071 0.8474
25.9611 0.0070 0.8478
25.9815 0.0070 0.8482
26.0019 0.0069 0.8485
26.0223 0.0069 0.8489
26.0427 0.0068 0.8493
26.0631 0.0068 0.8497
26.0835 0.0067 0.8500
26.1039 0.0067 0.8504
26.1243 0.0066 0.8508
26.1447 0.0066 0.8511
26.1651 0.0066 0.8515
26.1856 0.0066 0.8519
26.2060 0.0066 0.8523
26.2264 0.0066 0.8526
26.2468 0.0066 0.8530
26.2672 0.0066 0.8533
26.2876 0.0066 0.8537
26.3080 0.0066 0.8540
26.3284 0.0066 0.8543
26.3488 0.0066 0.8546
26.3692 0.0066 0.8550
26.3897 0.0066 0.8553
26.4101 0.0066 0.8556
26.4305 0.0066 0.8558
26.4509 0.0066 0.8561
26.4713 0.0066 0.8564
26.4917 0.0066 0.8567
26.5121 0.0066 0.8570
26.5325 0.0066 0.8573
26.5529 0.0066 0.8576
26.5733 0.0065 0.8578
26.5937 0.0065 0.8581
26.6142 0.0065 0.8584
26.6346 0.0065 0.8587
26.6550 0.0065 0.8590
26.6754 0.0064 0.8592
26.6958 0.0064 0.8595
26.7162 0.0064 0.8598
26.7366 0.0063 0.8600
26.7570 0.0063 0.8603
26.7774 0.0063 0.8606
26.7978 0.0062 0.8608
26.8183 0.0062 0.8611
26.8387 0.0062 0.8614
26.8591 0.0061 0.8616
26.8795 0.0061 0.8619
26.8999 0.0060 0.8622
26.9203 0.0060 0.8625
26.9407 0.0059 0.8627
26.9611 0.0059 0.8630
26.9815 0.0058 0.8633
27.0019 0.0058 0.8636
27.0224 0.0058 0.8638
27.0428 0.0057 0.8641
27.0632 0.0057 0.8644
27.0836 0.0056 0.8647
27.1040 0.0056 0.8650
27.1244 0.0056 0.8652
27.1448 0.0055 0.8655
27.1652 0.0055 0.8658
27.1856 0.0055 0.8661
27.2060 0.0054 0.8664
27.2264 0.0054 0.8666
27.2469 0.0054 0.8669
27.2673 0.0053 0.8672
27.2877 0.0053 0.8675
27.3081 0.0053 0.8677
27.3285 0.0052 0.8680
27.3489 0.0052 0.8683
27.3693 0.0052 0.8686
27.3897 0.0052 0.8688
27.4101 0.0052 0.8691
27.4305 0.0051 0.8694
27.4510 0.0051 0.8696
27.4714 0.0051 0.8699
27.4918 0.0051 0.8702
27.5122 0.0051 0.8704
27.5326 0.0051 0.8707
27.5530 0.0050 0.8709
27.5734 0.0050 0.8712
27.5938 0.0050 0.8714
27.6142 0.0050 0.8717
27.6346 0.0050 0.8719
27.6551 0.0049 0.8722
27.6755 0.0049 0.8724
27.6959 0.0049 0.8726
27.7163 0.0049 0.8729
27.7367 0.0049 0.8731
27.7571 0.0048 0.8734
27.7775 0.0048 0.8736
27.7979 0.0048 0.8739
27.8183 0.0048 0.8741
27.8387 0.0047 0.8744
27.8591 0.0047 0.8746
27.8796 0.0047 0.8748
27.9000 0.0047 0.8751
27.9204 0.0047 0.8753
27.9408 0.0046 0.8756
27.9612 0.0046 0.8758
27.9816 0.0046 0.8760
28.0020 0.0046 0.8763
28.0224 0.0046 0.8765
28.0428 0.0045 0.8767
28.0632 0.0045 0.8770
28.0837 0.0045 0.8772
28.1041 0.0045 0.8774
28.1245 0.0045 0.8777
28.1449 0.0045 0.8779
28.1653 0.0044 0.8781
28.1857 0.0044 0.8784
28.2061 0.0044 0.8786
28.2265 0.0044 0.8788
28.2469 0.0044 0.8790
28.2673 0.0044 0.8793
28.2877 0.0044 0.8795
28.3082 0.0044 0.8797
28.3286 0.0044 0.8799
28.3490 0.0043 0.8802
28.3694 0.0043 0.8804
28.3898 0.0043 0.8806
28.4102 0.0043 0.8808
28.4306 0.0043 0.8810
28.4510 0.0043 0.8812
28.4714 0.0043 0.8814
28.4918 0.0043 0.8816
28.5123 0.0043 0.8818
28.5327 0.0043 0.8820
28.5531 0.0043 0.8822
28.5735 0.0043 0.8824
28.5939 0.0042 0.8826
28.6143 0.0042 0.8828
28.6347 0.0042 0.8829
28.6551 0.0042 0.8831
28.6755 0.0041 0.8833
28.6959 0.0041 0.8835
28.7164 0.0041 0.8837
28.7368 0.0041 0.8839
28.7572 0.0040 0.8841
28.7776 0.0040 0.8843
28.7980 0.0040 0.8845
28.8184 0.0039 0.8846
28.8388 0.0039 0.8848
28.8592 0.0039 0.8850
28.8796 0.0038 0.8852
28.9000 0.0038 0.8854
28.9204 0.0038 0.8856
28.9409 0.0037 0.8858
28.9613 0.0037 0.8860
28.9817 0.0036 0.8862
29.0021 0.0036 0.8863
29.0225 0.0036 0.8865
29.0429 0.0035 0.8867
29.0633 0.0035 0.8869
29.0837 0.0034 0.8871
29.1041 0.0034 0.8873
29.1245 0.0034 0.8875
29.1450 0.0033 0.8877
29.1654 0.0033 0.8878
29.1858 0.0032 0.8880
29.2062 0.0032 0.8882
29.2266 0.0031 0.8884
29.2470 0.0031 0.8886
29.2674 0.0030 0.8888
29.2878 0.0030 0.8890
29.3082 0.0029 0.8892
29.3286 0.0029 0.8894
29.3490 0.0029 0.8896
29.3695 0.0028 0.8898
29.3899 0.0028 0.8900
29.4103 0.0027 0.8902
29.4307 0.0027 0.8904
29.4511 0.0026 0.8906
29.4715 0.0026 0.8908
29.4919 0.0026 0.8910
29.5123 0.0025 0.8912
29.5327 0.0025 0.8914
29.5531 0.0024 0.8916
29.5736 0.0024 0.8918
29.5940 0.0024 0.8920
29.6144 0.0023 0.8922
29.6348 0.0023 0.8924
29.6552 0.0022 0.8926
29.6756 0.0022 0.8928
29.6960 0.0022 0.8930
29.7164 0.0021 0.8932
29.7368 0.0021 0.8934
29.7572 0.0021 0.8936
29.7777 0.0020 0.8938
29.7981 0.0020 0.8940
29.8185 0.0020 0.8942
29.8389 0.0020 0.8944
29.8593 0.0019 0.8946
29.8797 0.0019 0.8948
29.9001 0.0019 0.8950
29.9205 0.0018 0.8952
29.9409 0.0018 0.8954
29.9613 0.0018 0.8956
29.9817 0.0018 0.8958
30.0022 0.0017 0.8960
30.0226 0.0017 0.8962
30.0430 0.0017 0.8964
30.0634 0.0017 0.8966
30.0838 0.0017 0.8968
30.1042 0.0016 0.8970
30.1246 0.0016 0.8972
30.1450 0.0016 0.8974
30.1654 0.0016 0.8975
30.1858 0.0016 0.8977
30.2063 0.0015 0.8979
30.2267 0.0015 0.8981
30.2471 0.0015 0.8983
30.2675 0.0015 0.8985
30.2879 0.0015 0.8987
30.3083 0.0014 0.8989
30.3287 0.0014 0.8991
30.3491 0.0014 0.8993
30.3695 0.0014 0.8995
30.3899 0.0014 0.8996
30.4104 0.0014 0.8998
30.4308 0.0014 0.9000
30.4512 0.0014 0.9002
30.4716 0.0013 0.9004
30.4920 0.0013 0.9006
30.5124 0.0013 0.9007
30.5328 0.0013 0.9009
30.5532 0.0013 0.9011
30.5736 0.0013 0.9013
30.5940 0.0013 0.9015
30.6144 0.0013 0.9016
30.6349 0.0013 0.9018
30.6553 0.0013 0.9020
30.6757 0.0013 0.9022
30.6961 0.0012 0.9024
30.7165 0.0012 0.9025
30.7369 0.0012 0.9027
30.7573 0.0012 0.9029
30.7777 0.0012 0.9031
30.7981 0.0012 0.9032
30.8185 0.0012 0.9034
30.8390 0.0012 0.9036
30.8594 0.0012 0.9037
30.8798 0.0012 0.9039
30.9002 0.0012 0.9041
30.9206 0.0012 0.9042
30.9410 0.0012 0.9044
30.9614 0.0012 0.9046
30.9818 0.0012 0.9047
31.0022 0.0012 0.9049
31.0226 0.0012 0.9051
31.0430 0.0012 0.9052
31.0635 0.0012 0.9054
31.0839 0.0011 0.9055
31.1043 0.0011 0.9057
31.1247 0.0011 0.9059
31.1451 0.0011 0.9060
31.1655 0.0011 0.9062
31.1859 0.0011 0.9063
31.2063 0.0011 0.9065
31.2267 0.0011 0.9067
31.2471 0.0011 0.9068
31.2676 0.0011 0.9070
31.2880 0.0011 0.9071
31.3084 0.0011 0.9073
31.3288 0.0011 0.9074
31.3492 0.0011 0.9076
31.3696 0.0011 0.9077
31.3900 0.0011 0.9079
31.4104 0.0011 0.9081
31.4308 0.0011 0.9082
31.4512 0.0010 0.9084
31.4717 0.0010 0.9085
31.4921 0.0010 0.9087
31.5125 0.0010 0.9088
31.5329 0.0010 0.9090
31.5533 0.0010 0.9091
31.5737 0.0010 0.9093
31.5941 0.0010 0.9094
31.6145 0.0010 0.9096
31.6349 0.0010 0.9097
31.6553 0.0010 0.9098
31.6757 0.0010 0.9100
31.6962 0.0010 0.9101
31.7166 0.0009 0.9103
31.7370 0.0009 0.9104
31.7574 0.0009 0.9106
31.7778 0.0009 0.9107
31.7982 0.0009 0.9109
31.8186 0.0009 0.9110
31.8390 0.0009 0.9112
31.8594 0.0009 0.9113
31.8798 0.0009 0.9115
31.9003 0.0009 0.9116
31.9207 0.0009 0.9118
31.9411 0.0009 0.9119
31.9615 0.0009 0.9120
31.9819 0.0008 0.9122
32.0023 0.0008 0.9123
32.0227 0.0008 0.9125
32.0431 0.0008 0.9126
32.0635 0.0008 0.9128
32.0839 0.0008 0.9129
32.1044 0.0008 0.9130
32.1248 0.0008 0.9132
32.1452 0.0008 0.9133
32.1656 0.0008 0.9135
32.1860 0.0008 0.9136
32.2064 0.0008 0.9137
32.2268 0.0008 0.9139
32.2472 0.0008 0.9140
32.2676 0.0008 0.9142
32.2880 0.0008 0.9143
32.3084 0.0008 0.9144
32.3289 0.0008 0.9146
32.3493 0.0008 0.9147
32.3697 0.0007 0.9149
32.3901 0.0007 0.9150
32.4105 0.0007 0.9151
32.4309 0.0007 0.9153
32.4513 0.0007 0.9154
32.4717 0.0007 0.9155
32.4921 0.0007 0.9157
32.5125 0.0007 0.9158
32.5330 0.0007 0.9159
32.5534 0.0007 0.9161
32.5738 0.0007 0.9162
32.5942 0.0007 0.9163
32.6146 0.0007 0.9165
32.6350 0.0007 0.9166
32.6554 0.0007 0.9167
32.6758 0.0007 0.9169
32.6962 0.0007 0.9170
32.7166 0.0007 0.9171
32.7370 0.0007 0.9173
32.7575 0.0007 0.9174
32.7779 0.0007 0.9175
32.7983 0.0007 0.9176
32.8187 0.0007 0.9178
32.8391 0.0007 0.9179
32.8595 0.0007 0.9180
32.8799 0.0006 0.9182
32.9003 0.0006 0.9183
32.9207 0.0006 0.9184
32.9411 0.0006 0.9185
32.9616 0.0006 0.9187
32.9820 0.0006 0.9188
33.0024 0.0006 0.9189
33.0228 0.0006 0.9191
33.0432 0.0006 0.9192
33.0636 0.0006 0.9193
33.0840 0.0006 0.9194
33.1044 0.0006 0.9196
33.1248 0.0006 0.9197
33.1452 0.0006 0.9198
33.1657 0.0006 0.9199
33.1861 0.0006 0.9200
33.2065 0.0006 0.9202
33.2269 0.0006 0.9203
33.2473 0.0006 0.9204
33.2677 0.0006 0.9205
33.2881 0.0006 0.9207
33.3085 0.0006 0.9208
33.3289 0.0006 0.9209
33.3493 0.0006 0.9210
33.3697 0.0006 0.9211
33.3902 0.0006 0.9213
33.4106 0.0006 0.9214
33.4310 0.0006 0.9215
33.4514 0.0006 0.9216
33.4718 0.0006 0.9217
33.4922 0.0006 0.9219
33.5126 0.0006 0.9220
33.5330 0.0006 0.9221
33.5534 0.0006 0.9222
33.5738 0.0006 0.9223
33.5943 0.0006 0.9224
33.6147 0.0006 0.9226
33.6351 0.0006 0.9227
33.6555 0.0006 0.9228
33.6759 0.0006 0.9229
33.6963 0.0006 0.9230
33.7167 0.0006 0.9231
33.7371 0.0006 0.9232
33.7575 0.0006 0.9234
33.7779 0.0006 0.9235
33.7983 0.0006 0.9236
33.8188 0.0006 0.9237
33.8392 0.0006 0.9238
33.8596 0.0006 0.9239
33.8800 0.0006 0.9240
33.9004 0.0005 0.9242
33.9208 0.0005 0.9243
33.9412 0.0005 0.9244
33.9616 0.0005 0.9245
33.9820 0.0005 0.9246
34.0024 0.0005 0.9247
34.0229 0.0005 0.9248
34.0433 0.0005 0.9249
34.0637 0.0005 0.9250
34.0841 0.0005 0.9251
34.1045 0.0005 0.9253
34.1249 0.0005 0.9254
34.1453 0.0005 0.9255
34.1657 0.0005 0.9256
34.1861 0.0005 0.9257
34.2065 0.0005 0.9258
34.2270 0.0005 0.9259
34.2474 0.0005 0.9260
34.2678 0.0005 0.9261
34.2882 0.0005 0.9262
34.3086 0.0005 0.9263
34.3290 0.0005 0.9264
34.3494 0.0005 0.9265
34.3698 0.0005 0.9267
34.3902 0.0005 0.9268
34.4106 0.0005 0.9269
34.4310 0.0005 0.9270
34.4515 0.0005 0.9271
34.4719 0.0005 0.9272
34.4923 0.0005 0.9273
34.5127 0.0005 0.9274
34.5331 0.0005 0.9275
34.5535 0.0005 0.9276
34.5739 0.0005 0.9277
34.5943 0.0005 0.9278
34.6147 0.0005 0.9279
34.6351 0.0005 0.9280
34.6556 0.0005 0.9281
34.6760 0.0005 0.9282
34.6964 0.0005 0.9283
34.7168 0.0005 0.9284
34.7372 0.0005 0.9285
34.7576 0.0005 0.9286
34.7780 0.0005 0.9287
34.7984 0.0005 0.9288
34.8188 0.0005 0.9289
34.8392 0.0005 0.9290
34.8597 0.0005 0.9291
34.8801 0.0005 0.9292
34.9005 0.0005 0.9293
34.9209 0.0005 0.9294
34.9413 0.0005 0.9295
34.9617 0.0005 0.9296
34.9821 0.0005 0.9297
35.0025 0.0005 0.9298
35.0229 0.0005 0.9299
35.0433 0.0005 0.9300
35.0637 0.0005 0.9301
35.0842 0.0005 0.9302
35.1046 0.0005 0.9303
35.1250 0.0005 0.9304
35.1454 0.0005 0.9305
35.1658 0.0005 0.9306
35.1862 0.0005 0.9307
35.2066 0.0005 0.9308
35.2270 0.0005 0.9309
35.2474 0.0005 0.9310
35.2678 0.0005 0.9311
35.2883 0.0005 0.9312
35.3087 0.0005 0.9313
35.3291 0.0005 0.9314
35.3495 0.0005 0.9314
35.3699 0.0005 0.9315
35.3903 0.0005 0.9316
35.4107 0.0005 0.9317
35.4311 0.0005 0.9318
35.4515 0.0005 0.9319
35.4719 0.0005 0.9320
35.4923 0.0005 0.9321
35.5128 0.0005 0.9322
35.5332 0.0005 0.9323
35.5536 0.0005 0.9324
35.5740 0.0005 0.9325
35.5944 0.0005 0.9326
35.6148 0.0004 0.9327
35.6352 0.0004 0.9327
35.6556 0.0004 0.9328
35.6760 0.0004 0.9329
35.6964 0.0004 0.9330
35.7169 0.0004 0.9331
35.7373 0.0004 0.9332
35.7577 0.0004 0.9333
35.7781 0.0004 0.9334
35.7985 0.0004 0.9335
35.8189 0.0004 0.9336
35.8393 0.0004 0.9337
35.8597 0.0004 0.9337
35.8801 0.0004 0.9338
35.9005 0.0004 0.9339
35.9210 0.0004 0.9340
35.9414 0.0004 0.9341
35.9618 0.0004 0.9342
35.9822 0.0004 0.9343
36.0026 0.0004 0.9344
36.0230 0.0004 0.9345
36.0434 0.0004 0.9345
36.0638 0.0004 0.9346
36.0842 0.0004 0.9347
36.1046 0.0004 0.9348
36.1250 0.0004 0.9349
36.1455 0.0004 0.9350
36.1659 0.0004 0.9351
36.1863 0.0004 0.9351
36.2067 0.0004 0.9352
36.2271 0.0004 0.9353
36.2475 0.0004 0.9354
36.2679 0.0004 0.9355
36.2883 0.0004 0.9356
36.3087 0.0004 0.9357
36.3291 0.0004 0.9357
36.3496 0.0004 0.9358
36.3700 0.0004 0.9359
36.3904 0.0004 0.9360
36.4108 0.0004 0.9361
36.4312 0.0004 0.9362
36.4516 0.0004 0.9363
36.4720 0.0004 0.9363
36.4924 0.0004 0.9364
36.5128 0.0004 0.9365
36.5332 0.0004 0.9366
36.5536 0.0004 0.9367
36.5741 0.0004 0.9368
36.5945 0.0004 0.9368
36.6149 0.0004 0.9369
36.6353 0.0004 0.9370
36.6557 0.0004 0.9371
36.6761 0.0004 0.9372
36.6965 0.0004 0.9372
36.7169 0.0004 0.9373
36.7373 0.0004 0.9374
36.7577 0.0004 0.9375
36.7782 0.0004 0.9376
36.7986 0.0004 0.9377
36.8190 0.0004 0.9377
36.8394 0.0004 0.9378
36.8598 0.0004 0.9379
36.8802 0.0004 0.9380
36.9006 0.0004 0.9381
36.9210 0.0004 0.9381
36.9414 0.0004 0.9382
36.9618 0.0004 0.9383
36.9823 0.0004 0.9384
37.0027 0.0004 0.9385
37.0231 0.0004 0.9385
37.0435 0.0004 0.9386
37.0639 0.0004 0.9387
37.0843 0.0004 0.9388
37.1047 0.0004 0.9388
37.1251 0.0004 0.9389
37.1455 0.0004 0.9390
37.1659 0.0004 0.9391
37.1863 0.0004 0.9392
37.2068 0.0004 0.9392
37.2272 0.0004 0.9393
37.2476 0.0004 0.9394
37.2680 0.0004 0.9395
37.2884 0.0004 0.9395
37.3088 0.0004 0.9396
37.3292 0.0004 0.9397
37.3496 0.0004 0.9398
37.3700 0.0004 0.9399
37.3904 0.0004 0.9399
37.4109 0.0004 0.9400
37.4313 0.0004 0.9401
37.4517 0.0004 0.9402
37.4721 0.0004 0.9402
37.4925 0.0004 0.9403
37.5129 0.0004 0.9404
37.5333 0.0004 0.9405
37.5537 0.0004 0.9405
37.5741 0.0004 0.9406
37.5945 0.0004 0.9407
37.6150 0.0004 0.9408
37.6354 0.0004 0.9408
37.6558 0.0004 0.9409
37.6762 0.0004 0.9410
37.6966 0.0004 0.9411
37.7170 0.0004 0.9411
37.7374 0.0004 0.9412
37.7578 0.0004 0.9413
37.7782 0.0004 0.9413
37.7986 0.0004 0.9414
37.8190 0.0004 0.9415
37.8395 0.0004 0.9416
37.8599 0.0004 0.9416
37.8803 0.0004 0.9417
37.9007 0.0004 0.9418
37.9211 0.0004 0.9419
37.9415 0.0004 0.9419
37.9619 0.0004 0.9420
37.9823 0.0004 0.9421
38.0027 0.0004 0.9421
38.0231 0.0004 0.9422
38.0436 0.0003 0.9423
38.0640 0.0003 0.9424
38.0844 0.0003 0.9424
38.1048 0.0003 0.9425
38.1252 0.0003 0.9426
38.1456 0.0003 0.9426
38.1660 0.0003 0.9427
38.1864 0.0003 0.9428
38.2068 0.0003 0.9429
38.2272 0.0003 0.9429
38.2476 0.0003 0.9430
38.2681 0.0003 0.9431
38.2885 0.0003 0.9431
38.3089 0.0003 0.9432
38.3293 0.0003 0.9433
38.3497 0.0003 0.9433
38.3701 0.0003 0.9434
38.3905 0.0003 0.9435
38.4109 0.0003 0.9436
38.4313 0.0003 0.9436
38.4517 0.0003 0.9437
38.4722 0.0003 0.9438
38.4926 0.0003 0.9438
38.5130 0.0003 0.9439
38.5334 0.0003 0.9440
38.5538 0.0003 0.9440
38.5742 0.0003 0.9441
38.5946 0.0003 0.9442
38.6150 0.0003 0.9442
38.6354 0.0003 0.9443
38.6558 0.0003 0.9444
38.6763 0.0003 0.9444
38.6967 0.0003 0.9445
38.7171 0.0003 0.9446
38.7375 0.0003 0.9446
38.7579 0.0003 0.9447
38.7783 0.0003 0.9448
38.7987 0.0003 0.9448
38.8191 0.0003 0.9449
38.8395 0.0003 0.9450
38.8599 0.0003 0.9450
38.8803 0.0003 0.9451
38.9008 0.0003 0.9452
38.9212 0.0003 0.9452
38.9416 0.0003 0.9453
38.9620 0.0003 0.9454
38.9824 0.0003 0.9454
39.0028 0.0003 0.9455
39.0232 0.0003 0.9456
39.0436 0.0003 0.9456
39.0640 0.0003 0.9457
39.0844 0.0003 0.9458
39.1049 0.0003 0.9458
39.1253 0.0003 0.9459
39.1457 0.0003 0.9459
39.1661 0.0003 0.9460
39.1865 0.0003 0.9461
39.2069 0.0003 0.9461
39.2273 0.0003 0.9462
39.2477 0.0003 0.9463
39.2681 0.0003 0.9463
39.2885 0.0003 0.9464
39.3090 0.0003 0.9465
39.3294 0.0003 0.9465
39.3498 0.0003 0.9466
39.3702 0.0003 0.9466
39.3906 0.0003 0.9467
39.4110 0.0003 0.9468
39.4314 0.0003 0.9468
39.4518 0.0003 0.9469
39.4722 0.0003 0.9470
39.4926 0.0003 0.9470
39.5130 0.0003 0.9471
39.5335 0.0003 0.9471
39.5539 0.0003 0.9472
39.5743 0.0003 0.9473
39.5947 0.0003 0.9473
39.6151 0.0003 0.9474
39.6355 0.0003 0.9475
39.6559 0.0003 0.9475
39.6763 0.0003 0.9476
39.6967 0.0003 0.9476
39.7171 0.0003 0.9477
39.7376 0.0003 0.9478
39.7580 0.0003 0.9478
39.7784 0.0003 0.9479
39.7988 0.0003 0.9479
39.8192 0.0003 0.9480
39.8396 0.0003 0.9481
39.8600 0.0003 0.9481
39.8804 0.0003 0.9482
39.9008 0.0003 0.9482
39.9212 0.0003 0.9483
39.9416 0.0003 0.9484
39.9621 0.0003 0.9484
39.9825 0.0003 0.9485
40.0029 0.0003 0.9485
40.0233 0.0003 0.9486
40.0437 0.0003 0.9487
40.0641 0.0003 0.9487
40.0845 0.0003 0.9488
40.1049 0.0003 0.9488
40.1253 0.0003 0.9489
40.1457 0.0003 0.9490
40.1662 0.0003 0.9490
40.1866 0.0003 0.9491
40.2070 0.0003 0.9491
40.2274 0.0003 0.9492
40.2478 0.0003 0.9493
40.2682 0.0003 0.9493
40.2886 0.0003 0.9494
40.3090 0.0003 0.9494
40.3294 0.0003 0.9495
40.3498 0.0003 0.9495
40.3703 0.0003 0.9496
40.3907 0.0003 0.9497
40.4111 0.0003 0.9497
40.4315 0.0003 0.9498
40.4519 0.0003 0.9498
40.4723 0.0003 0.9499
40.4927 0.0003 0.9499
40.5131 0.0003 0.9500
40.5335 0.0003 0.9501
40.5539 0.0003 0.9501
40.5743 0.0003 0.9502
40.5948 0.0003 0.9502
40.6152 0.0003 0.9503
40.6356 0.0003 0.9503
40.6560 0.0003 0.9504
40.6764 0.0003 0.9505
40.6968 0.0003 0.9505
40.7172 0.0003 0.9506
40.7376 0.0003 0.9506
40.7580 0.0003 0.9507
40.7784 0.0003 0.9507
40.7989 0.0003 0.9508
