0.0000 0.0000 16.4591
0.0201 1.6200 16.3367
0.0401 3.2305 15.9491
0.0602 4.7836 15.2516
0.0803 6.1738 14.2175
0.1004 7.2606 12.8902
0.1204 7.9311 11.4053
0.1405 8.1675 9.9535
0.1606 8.0642 8.6990
0.1807 7.7779 7.7136
0.2007 7.4497 6.9702
0.2208 7.1570 6.3892
0.2409 6.9127 5.8923
0.2609 6.6929 5.4312
0.2810 6.4648 4.9916
0.3011 6.2049 4.5851
0.3212 5.9098 4.2368
0.3412 5.5999 3.9687
0.3613 5.3105 3.7821
0.3814 5.0712 3.6530
0.4015 4.8888 3.5443
0.4215 4.7462 3.4257
0.4416 4.6148 3.2874
0.4617 4.4713 3.1394
0.4818 4.3073 3.0015
0.5018 4.1293 2.8920
0.5219 3.9540 2.8194
0.5420 3.8002 2.7797
0.5620 3.6801 2.7568
0.5821 3.5930 2.7301
0.6022 3.5246 2.6840
0.6223 3.4543 2.6169
0.6423 3.3671 2.5412
0.6624 3.2609 2.4750
0.6825 3.1463 2.4316
0.7026 3.0393 2.4136
0.7226 2.9531 2.4122
0.7427 2.8916 2.4126
0.7628 2.8487 2.4013
0.7828 2.8109 2.3721
0.8029 2.7646 2.3293
0.8230 2.7030 2.2846
0.8431 2.6288 2.2506
0.8631 2.5523 2.2344
0.8832 2.4852 2.2344
0.9033 2.4352 2.2419
0.9234 2.4023 2.2452
0.9434 2.3785 2.2358
0.9635 2.3527 2.2130
0.9836 2.3166 2.1840
1.0037 2.2695 2.1585
1.0237 2.2174 2.1434
1.0438 2.1682 2.1397
1.0639 2.1278 2.1430
1.0839 2.0977 2.1470
1.1040 2.0756 2.1462
1.1241 2.0561 2.1380
1.1442 2.0338 2.1236
1.1642 2.0058 2.1076
1.1843 1.9730 2.0950
1.2044 1.9390 2.0881
1.2245 1.9080 2.0863
1.2445 1.8816 2.0867
1.2646 1.8593 2.0868
1.2847 1.8397 2.0853
1.3047 1.8218 2.0821
1.3248 1.8045 2.0770
1.3449 1.7868 2.0702
1.3650 1.7676 2.0623
1.3850 1.7463 2.0549
1.4051 1.7231 2.0498
1.4252 1.6999 2.0485
1.4453 1.6794 2.0508
1.4653 1.6636 2.0546
1.4854 1.6524 2.0567
1.5055 1.6438 2.0546
1.5256 1.6341 2.0479
1.5456 1.6205 2.0389
1.5657 1.6021 2.0312
1.5858 1.5812 2.0283
1.6058 1.5617 2.0311
1.6259 1.5476 2.0374
1.6460 1.5397 2.0427
1.6661 1.5355 2.0432
1.6861 1.5304 2.0380
1.7062 1.5210 2.0301
1.7263 1.5068 2.0235
1.7464 1.4905 2.0212
1.7664 1.4755 2.0233
1.7865 1.4644 2.0278
1.8066 1.4571 2.0317
1.8266 1.4523 2.0331
1.8467 1.4477 2.0315
1.8668 1.4416 2.0279
1.8869 1.4331 2.0241
1.9069 1.4228 2.0215
1.9270 1.4120 2.0212
1.9471 1.4021 2.0231
1.9672 1.3941 2.0263
1.9872 1.3886 2.0296
2.0073 1.3852 2.0315
2.0274 1.3824 2.0312
2.0475 1.3786 2.0287
2.0675 1.3722 2.0256
2.0876 1.3637 2.0243
2.1077 1.3549 2.0260
2.1277 1.3483 2.0303
2.1478 1.3452 2.0349
2.1679 1.3446 2.0371
2.1880 1.3439 2.0364
2.2080 1.3411 2.0339
2.2281 1.3359 2.0321
2.2482 1.3296 2.0325
2.2683 1.3241 2.0351
2.2883 1.3207 2.0388
2.3084 1.3194 2.0419
2.3285 1.3192 2.0436
2.3485 1.3188 2.0436
2.3686 1.3171 2.0427
2.3887 1.3140 2.0423
2.4088 1.3103 2.0434
2.4288 1.3073 2.0461
2.4489 1.3058 2.0497
2.4690 1.3062 2.0527
2.4891 1.3074 2.0542
2.5091 1.3078 2.0542
2.5292 1.3068 2.0542
2.5493 1.3049 2.0554
2.5694 1.3034 2.0582
2.5894 1.3035 2.0618
2.6095 1.3051 2.0647
2.6296 1.3071 2.0665
2.6496 1.3084 2.0676
2.6697 1.3090 2.0689
2.6898 1.3093 2.0712
2.7099 1.3103 2.0744
2.7299 1.3125 2.0780
2.7500 1.3157 2.0810
2.7701 1.3192 2.0833
2.7902 1.3224 2.0852
2.8102 1.3253 2.0873
2.8303 1.3285 2.0900
2.8504 1.3325 2.0928
2.8704 1.3370 2.0954
2.8905 1.3417 2.0976
2.9106 1.3463 2.0997
2.9307 1.3510 2.1020
2.9507 1.3561 2.1046
2.9708 1.3616 2.1074
2.9909 1.3676 2.1102
3.0110 1.3740 2.1129
3.0310 1.3809 2.1157
3.0511 1.3882 2.1184
3.0712 1.3960 2.1211
3.0913 1.4044 2.1239
3.1113 1.4134 2.1264
3.1314 1.4230 2.1288
3.1515 1.4331 2.1309
3.1715 1.4437 2.1330
3.1916 1.4550 2.1350
3.2117 1.4673 2.1370
3.2318 1.4809 2.1385
3.2518 1.4958 2.1392
3.2719 1.5120 2.1386
3.2920 1.5294 2.1362
3.3121 1.5477 2.1314
3.3321 1.5660 2.1233
3.3522 1.5830 2.1116
3.3723 1.5969 2.0962
3.3923 1.6054 2.0788
3.4124 1.6074 2.0621
3.4325 1.6035 2.0496
3.4526 1.5962 2.0442
3.4726 1.5892 2.0467
3.4927 1.5861 2.0561
3.5128 1.5892 2.0699
3.5329 1.5992 2.0854
3.5529 1.6154 2.0999
3.5730 1.6369 2.1121
3.5931 1.6622 2.1210
3.6132 1.6901 2.1262
3.6332 1.7196 2.1279
3.6533 1.7499 2.1262
3.6734 1.7804 2.1214
3.6934 1.8106 2.1142
3.7135 1.8403 2.1050
3.7336 1.8697 2.0944
3.7537 1.8990 2.0828
3.7737 1.9288 2.0702
3.7938 1.9593 2.0565
3.8139 1.9906 2.0415
3.8340 2.0228 2.0251
3.8540 2.0565 2.0075
3.8741 2.0922 1.9883
3.8942 2.1306 1.9665
3.9142 2.1719 1.9409
3.9343 2.2156 1.9104
3.9544 2.2613 1.8738
3.9745 2.3086 1.8301
3.9945 2.3569 1.7777
4.0146 2.4046 1.7140
4.0347 2.4484 1.6368
4.0548 2.4828 1.5454
4.0748 2.5021 1.4421
4.0949 2.5014 1.3321
4.1150 2.4794 1.2225
4.1351 2.4376 1.1199
4.1551 2.3799 1.0291
4.1752 2.3112 0.9529
4.1953 2.2359 0.8919
4.2153 2.1583 0.8456
4.2354 2.0814 0.8126
4.2555 2.0075 0.7909
4.2756 1.9382 0.7780
4.2956 1.8738 0.7717
4.3157 1.8141 0.7703
4.3358 1.7582 0.7725
4.3559 1.7054 0.7780
4.3759 1.6556 0.7869
4.3960 1.6089 0.7991
4.4161 1.5658 0.8142
4.4361 1.5264 0.8314
4.4562 1.4905 0.8499
4.4763 1.4573 0.8693
4.4964 1.4262 0.8898
4.5164 1.3972 0.9116
4.5365 1.3705 0.9351
4.5566 1.3462 0.9600
4.5767 1.3246 0.9863
4.5967 1.3056 1.0135
4.6168 1.2892 1.0417
4.6369 1.2754 1.0707
4.6570 1.2641 1.1007
4.6770 1.2555 1.1317
4.6971 1.2499 1.1635
4.7172 1.2474 1.1961
4.7372 1.2483 1.2294
4.7573 1.2529 1.2633
4.7774 1.2618 1.2975
4.7975 1.2754 1.3316
4.8175 1.2942 1.3648
4.8376 1.3187 1.3961
4.8577 1.3489 1.4241
4.8778 1.3844 1.4473
4.8978 1.4241 1.4640
4.9179 1.4659 1.4733
4.9380 1.5079 1.4750
4.9580 1.5479 1.4697
4.9781 1.5843 1.4590
4.9982 1.6165 1.4447
5.0183 1.6445 1.4286
5.0383 1.6691 1.4119
5.0584 1.6915 1.3956
5.0785 1.7128 1.3795
5.0986 1.7336 1.3633
5.1186 1.7544 1.3465
5.1387 1.7752 1.3286
5.1588 1.7961 1.3093
5.1788 1.8172 1.2880
5.1989 1.8381 1.2640
5.2190 1.8585 1.2365
5.2391 1.8770 1.2048
5.2591 1.8920 1.1686
5.2792 1.9012 1.1287
5.2993 1.9026 1.0869
5.3194 1.8954 1.0464
5.3394 1.8804 1.0107
5.3595 1.8602 0.9825
5.3796 1.8383 0.9628
5.3997 1.8180 0.9506
5.4197 1.8012 0.9439
5.4398 1.7887 0.9404
5.4599 1.7800 0.9384
5.4799 1.7743 0.9368
5.5000 1.7710 0.9353
5.5201 1.7693 0.9337
5.5402 1.7686 0.9322
5.5602 1.7685 0.9314
5.5803 1.7689 0.9323
5.6004 1.7706 0.9363
5.6205 1.7755 0.9440
5.6405 1.7863 0.9551
5.6606 1.8048 0.9677
5.6807 1.8325 0.9791
5.7007 1.8693 0.9864
5.7208 1.9143 0.9870
5.7409 1.9661 0.9786
5.7610 2.0228 0.9594
5.7810 2.0824 0.9280
5.8011 2.1424 0.8829
5.8212 2.1999 0.8230
5.8413 2.2509 0.7478
5.8613 2.2906 0.6580
5.8814 2.3141 0.5565
5.9015 2.3174 0.4487
5.9216 2.2995 0.3412
5.9416 2.2623 0.2409
5.9617 2.2100 0.1524
5.9818 2.1480 0.0780
6.0018 2.0813 0.0175
6.0219 2.0134 -0.0305
6.0420 1.9465 -0.0682
6.0621 1.8817 -0.0975
6.0821 1.8198 -0.1197
6.1022 1.7610 -0.1362
6.1223 1.7058 -0.1481
6.1424 1.6540 -0.1566
6.1624 1.6053 -0.1626
6.1825 1.5594 -0.1668
6.2026 1.5156 -0.1694
6.2226 1.4738 -0.1704
6.2427 1.4339 -0.1699
6.2628 1.3960 -0.1682
6.2829 1.3601 -0.1657
6.3029 1.3257 -0.1625
6.3230 1.2926 -0.1586
6.3431 1.2607 -0.1540
6.3632 1.2303 -0.1485
6.3832 1.2016 -0.1423
6.4033 1.1745 -0.1360
6.4234 1.1488 -0.1300
6.4435 1.1239 -0.1243
6.4635 1.0994 -0.1187
6.4836 1.0752 -0.1127
6.5037 1.0516 -0.1060
6.5237 1.0289 -0.0987
6.5438 1.0075 -0.0911
6.5639 0.9871 -0.0836
6.5840 0.9676 -0.0763
6.6040 0.9485 -0.0693
6.6241 0.9298 -0.0622
6.6442 0.9117 -0.0550
6.6643 0.8941 -0.0477
6.6843 0.8772 -0.0405
6.7044 0.8607 -0.0334
6.7245 0.8445 -0.0265
6.7445 0.8284 -0.0195
6.7646 0.8125 -0.0122
6.7847 0.7971 -0.0044
6.8048 0.7825 0.0036
6.8248 0.7687 0.0115
6.8449 0.7557 0.0191
6.8650 0.7430 0.0262
6.8851 0.7304 0.0330
6.9051 0.7177 0.0396
6.9252 0.7050 0.0463
6.9453 0.6924 0.0534
6.9654 0.6801 0.0607
6.9854 0.6685 0.0683
7.0055 0.6573 0.0758
7.0256 0.6467 0.0831
7.0456 0.6363 0.0902
7.0657 0.6263 0.0971
7.0858 0.6163 0.1039
7.1059 0.6066 0.1106
7.1259 0.5970 0.1173
7.1460 0.5875 0.1239
7.1661 0.5783 0.1305
7.1862 0.5693 0.1370
7.2062 0.5604 0.1435
7.2263 0.5517 0.1499
7.2464 0.5431 0.1564
7.2664 0.5347 0.1630
7.2865 0.5266 0.1696
7.3066 0.5189 0.1761
7.3267 0.5114 0.1824
7.3467 0.5042 0.1884
7.3668 0.4969 0.1941
7.3869 0.4895 0.1997
7.4070 0.4820 0.2054
7.4270 0.4744 0.2113
7.4471 0.4670 0.2175
7.4672 0.4599 0.2239
7.4873 0.4533 0.2303
7.5073 0.4471 0.2365
7.5274 0.4412 0.2424
7.5475 0.4354 0.2480
7.5675 0.4295 0.2532
7.5876 0.4233 0.2584
7.6077 0.4170 0.2638
7.6278 0.4107 0.2694
7.6478 0.4046 0.2752
7.6679 0.3989 0.2812
7.6880 0.3936 0.2870
7.7081 0.3885 0.2926
7.7281 0.3835 0.2979
7.7482 0.3784 0.3031
7.7683 0.3733 0.3082
7.7883 0.3681 0.3134
7.8084 0.3630 0.3187
7.8285 0.3581 0.3240
7.8486 0.3534 0.3294
7.8686 0.3489 0.3345
7.8887 0.3444 0.3396
7.9088 0.3399 0.3445
7.9289 0.3353 0.3495
7.9489 0.3308 0.3546
7.9690 0.3264 0.3598
7.9891 0.3223 0.3650
8.0092 0.3184 0.3701
8.0292 0.3147 0.3750
8.0493 0.3110 0.3798
8.0694 0.3073 0.3844
8.0894 0.3035 0.3890
8.1095 0.2996 0.3937
8.1296 0.2958 0.3984
8.1497 0.2921 0.4033
8.1697 0.2887 0.4083
8.1898 0.2856 0.4131
8.2099 0.2826 0.4178
8.2300 0.2797 0.4223
8.2500 0.2768 0.4265
8.2701 0.2739 0.4307
8.2902 0.2708 0.4348
8.3102 0.2677 0.4391
8.3303 0.2647 0.4434
8.3504 0.2619 0.4478
8.3705 0.2593 0.4522
8.3905 0.2569 0.4564
8.4106 0.2547 0.4603
8.4307 0.2524 0.4640
8.4508 0.2500 0.4676
8.4708 0.2475 0.4710
8.4909 0.2449 0.4745
8.5110 0.2423 0.4781
8.5311 0.2397 0.4817
8.5511 0.2372 0.4852
8.5712 0.2348 0.4887
8.5913 0.2324 0.4921
8.6113 0.2300 0.4954
8.6314 0.2274 0.4986
8.6515 0.2248 0.5019
8.6716 0.2221 0.5053
8.6916 0.2195 0.5088
8.7117 0.2170 0.5124
8.7318 0.2147 0.5159
8.7519 0.2126 0.5194
8.7719 0.2104 0.5227
8.7920 0.2083 0.5258
8.8121 0.2060 0.5289
8.8321 0.2036 0.5320
8.8522 0.2012 0.5352
8.8723 0.1988 0.5386
8.8924 0.1965 0.5421
8.9124 0.1945 0.5455
8.9325 0.1926 0.5488
8.9526 0.1908 0.5520
8.9727 0.1889 0.5549
8.9927 0.1868 0.5578
9.0128 0.1847 0.5608
9.0329 0.1825 0.5639
9.0530 0.1804 0.5670
9.0730 0.1785 0.5703
9.0931 0.1767 0.5735
9.1132 0.1750 0.5765
9.1332 0.1734 0.5794
9.1533 0.1716 0.5822
9.1734 0.1698 0.5848
9.1935 0.1678 0.5876
9.2135 0.1658 0.5904
9.2336 0.1637 0.5933
9.2537 0.1618 0.5963
9.2738 0.1600 0.5994
9.2938 0.1584 0.6024
9.3139 0.1569 0.6052
9.3340 0.1553 0.6079
9.3540 0.1537 0.6105
9.3741 0.1519 0.6130
9.3942 0.1500 0.6157
9.4143 0.1481 0.6185
9.4343 0.1463 0.6214
9.4544 0.1447 0.6243
9.4745 0.1432 0.6271
9.4946 0.1418 0.6298
9.5146 0.1403 0.6322
9.5347 0.1387 0.6345
9.5548 0.1369 0.6368
9.5748 0.1348 0.6392
9.5949 0.1326 0.6418
9.6150 0.1305 0.6447
9.6351 0.1285 0.6478
9.6551 0.1268 0.6509
9.6752 0.1252 0.6541
9.6953 0.1238 0.6571
9.7154 0.1225 0.6601
9.7354 0.1213 0.6628
9.7555 0.1200 0.6655
9.7756 0.1185 0.6682
9.7957 0.1171 0.6708
9.8157 0.1157 0.6736
9.8358 0.1143 0.6764
9.8559 0.1131 0.6791
9.8759 0.1119 0.6818
9.8960 0.1107 0.6843
9.9161 0.1094 0.6867
9.9362 0.1081 0.6891
9.9562 0.1066 0.6915
9.9763 0.1051 0.6940
9.9964 0.1036 0.6965
10.0165 0.1020 0.6991
10.0365 0.1005 0.7017
10.0566 0.0989 0.7043
10.0767 0.0973 0.7071
10.0967 0.0958 0.7098
10.1168 0.0943 0.7127
10.1369 0.0928 0.7155
10.1570 0.0914 0.7184
10.1770 0.0901 0.7213
10.1971 0.0887 0.7242
10.2172 0.0874 0.7271
10.2373 0.0860 0.7300
10.2573 0.0847 0.7330
10.2774 0.0834 0.7360
10.2975 0.0822 0.7390
10.3176 0.0809 0.7421
10.3376 0.0797 0.7453
10.3577 0.0786 0.7486
10.3778 0.0776 0.7518
10.3978 0.0767 0.7551
10.4179 0.0759 0.7584
10.4380 0.0752 0.7616
10.4581 0.0745 0.7648
10.4781 0.0738 0.7679
10.4982 0.0732 0.7711
10.5183 0.0725 0.7743
10.5384 0.0719 0.7775
10.5584 0.0714 0.7808
10.5785 0.0710 0.7842
10.5986 0.0707 0.7876
10.6186 0.0706 0.7910
10.6387 0.0706 0.7943
10.6588 0.0708 0.7975
10.6789 0.0710 0.8006
10.6989 0.0713 0.8035
10.7190 0.0717 0.8064
10.7391 0.0720 0.8092
10.7592 0.0725 0.8119
10.7792 0.0729 0.8145
10.7993 0.0734 0.8170
10.8194 0.0738 0.8194
10.8395 0.0742 0.8216
10.8595 0.0745 0.8238
10.8796 0.0747 0.8260
10.8997 0.0749 0.8283
10.9197 0.0750 0.8306
10.9398 0.0753 0.8329
10.9599 0.0756 0.8353
10.9800 0.0761 0.8376
11.0000 0.0767 0.8398
11.0201 0.0774 0.8418
11.0402 0.0782 0.8436
11.0603 0.0789 0.8451
11.0803 0.0795 0.8464
11.1004 0.0799 0.8475
11.1205 0.0800 0.8484
11.1405 0.0798 0.8491
11.1606 0.0791 0.8500
11.1807 0.0781 0.8509
11.2008 0.0768 0.8522
11.2208 0.0753 0.8539
11.2409 0.0737 0.8560
11.2610 0.0723 0.8585
11.2811 0.0710 0.8613
11.3011 0.0700 0.8643
11.3212 0.0693 0.8674
11.3413 0.0687 0.8706
11.3614 0.0684 0.8738
11.3814 0.0683 0.8769
11.4015 0.0683 0.8801
11.4216 0.0685 0.8832
11.4416 0.0688 0.8862
11.4617 0.0692 0.8892
11.4818 0.0697 0.8921
11.5019 0.0703 0.8949
11.5219 0.0709 0.8976
11.5420 0.0716 0.9003
11.5621 0.0723 0.9028
11.5822 0.0730 0.9053
11.6022 0.0737 0.9078
11.6223 0.0744 0.9102
11.6424 0.0751 0.9126
11.6624 0.0759 0.9150
11.6825 0.0766 0.9174
11.7026 0.0774 0.9197
11.7227 0.0782 0.9220
11.7427 0.0791 0.9243
11.7628 0.0799 0.9266
11.7829 0.0808 0.9289
11.8030 0.0818 0.9311
11.8230 0.0827 0.9333
11.8431 0.0838 0.9355
11.8632 0.0848 0.9376
11.8833 0.0859 0.9396
11.9033 0.0870 0.9416
11.9234 0.0880 0.9434
11.9435 0.0890 0.9452
11.9635 0.0899 0.9470
11.9836 0.0908 0.9488
12.0037 0.0915 0.9506
12.0238 0.0922 0.9525
12.0438 0.0928 0.9546
12.0639 0.0936 0.9567
12.0840 0.0944 0.9590
12.1041 0.0953 0.9614
12.1241 0.0964 0.9638
12.1442 0.0977 0.9661
12.1643 0.0991 0.9685
12.1843 0.1006 0.9708
12.2044 0.1023 0.9730
12.2245 0.1041 0.9752
12.2446 0.1060 0.9772
12.2646 0.1080 0.9790
12.2847 0.1100 0.9807
12.3048 0.1120 0.9823
12.3249 0.1141 0.9837
12.3449 0.1161 0.9850
12.3650 0.1181 0.9861
12.3851 0.1200 0.9872
12.4052 0.1219 0.9882
12.4252 0.1238 0.9892
12.4453 0.1258 0.9901
12.4654 0.1277 0.9908
12.4854 0.1296 0.9915
12.5055 0.1315 0.9920
12.5256 0.1334 0.9923
12.5457 0.1351 0.9924
12.5657 0.1367 0.9923
12.5858 0.1381 0.9921
12.6059 0.1392 0.9918
12.6260 0.1400 0.9915
12.6460 0.1406 0.9913
12.6661 0.1409 0.9912
12.6862 0.1410 0.9912
12.7062 0.1409 0.9914
12.7263 0.1407 0.9919
12.7464 0.1405 0.9925
12.7665 0.1402 0.9935
12.7865 0.1399 0.9946
12.8066 0.1398 0.9960
12.8267 0.1397 0.9975
12.8468 0.1398 0.9992
12.8668 0.1401 1.0010
12.8869 0.1405 1.0028
12.9070 0.1410 1.0046
12.9271 0.1417 1.0065
12.9471 0.1425 1.0083
12.9672 0.1433 1.0102
12.9873 0.1443 1.0120
13.0073 0.1453 1.0138
13.0274 0.1464 1.0155
13.0475 0.1476 1.0173
13.0676 0.1488 1.0190
13.0876 0.1500 1.0206
13.1077 0.1513 1.0223
13.1278 0.1526 1.0239
13.1479 0.1539 1.0255
13.1679 0.1553 1.0271
13.1880 0.1567 1.0288
13.2081 0.1582 1.0304
13.2281 0.1597 1.0320
13.2482 0.1613 1.0335
13.2683 0.1629 1.0351
13.2884 0.1646 1.0366
13.3084 0.1663 1.0381
13.3285 0.1681 1.0396
13.3486 0.1699 1.0411
13.3687 0.1718 1.0425
13.3887 0.1738 1.0439
13.4088 0.1757 1.0452
13.4289 0.1777 1.0465
13.4490 0.1798 1.0477
13.4690 0.1819 1.0488
13.4891 0.1839 1.0500
13.5092 0.1861 1.0510
13.5292 0.1882 1.0521
13.5493 0.1904 1.0531
13.5694 0.1926 1.0540
13.5895 0.1948 1.0549
13.6095 0.1970 1.0557
13.6296 0.1991 1.0564
13.6497 0.2013 1.0571
13.6698 0.2035 1.0578
13.6898 0.2056 1.0584
13.7099 0.2076 1.0591
13.7300 0.2097 1.0598
13.7500 0.2118 1.0605
13.7701 0.2139 1.0612
13.7902 0.2161 1.0619
13.8103 0.2184 1.0626
13.8303 0.2207 1.0633
13.8504 0.2231 1.0640
13.8705 0.2255 1.0645
13.8906 0.2280 1.0650
13.9106 0.2305 1.0654
13.9307 0.2330 1.0657
13.9508 0.2355 1.0660
13.9709 0.2380 1.0662
13.9909 0.2404 1.0663
14.0110 0.2429 1.0664
14.0311 0.2453 1.0665
14.0511 0.2477 1.0666
14.0712 0.2502 1.0666
14.0913 0.2526 1.0665
14.1114 0.2550 1.0665
14.1314 0.2574 1.0664
14.1515 0.2599 1.0662
14.1716 0.2623 1.0660
14.1917 0.2647 1.0657
14.2117 0.2671 1.0654
14.2318 0.2694 1.0651
14.2519 0.2717 1.0647
14.2719 0.2739 1.0642
14.2920 0.2761 1.0639
14.3121 0.2782 1.0635
14.3322 0.2804 1.0632
14.3522 0.2826 1.0629
14.3723 0.2848 1.0626
14.3924 0.2870 1.0623
14.4125 0.2893 1.0620
14.4325 0.2916 1.0617
14.4526 0.2939 1.0613
14.4727 0.2963 1.0609
14.4927 0.2986 1.0604
14.5128 0.3009 1.0600
14.5329 0.3033 1.0595
14.5530 0.3056 1.0590
14.5730 0.3080 1.0585
14.5931 0.3104 1.0580
14.6132 0.3128 1.0574
14.6333 0.3153 1.0568
14.6533 0.3178 1.0562
14.6734 0.3202 1.0555
14.6935 0.3227 1.0548
14.7136 0.3252 1.0540
14.7336 0.3277 1.0532
14.7537 0.3302 1.0523
14.7738 0.3326 1.0514
14.7938 0.3350 1.0505
14.8139 0.3374 1.0497
14.8340 0.3398 1.0488
14.8541 0.3422 1.0480
14.8741 0.3447 1.0472
14.8942 0.3473 1.0464
14.9143 0.3500 1.0456
14.9344 0.3528 1.0447
14.9544 0.3556 1.0437
14.9745 0.3585 1.0426
14.9946 0.3614 1.0413
15.0146 0.3643 1.0400
15.0347 0.3671 1.0385
15.0548 0.3699 1.0370
15.0749 0.3727 1.0354
15.0949 0.3754 1.0338
15.1150 0.3780 1.0322
15.1351 0.3807 1.0306
15.1552 0.3833 1.0289
15.1752 0.3860 1.0273
15.1953 0.3886 1.0256
15.2154 0.3912 1.0239
15.2355 0.3938 1.0223
15.2555 0.3964 1.0207
15.2756 0.3991 1.0192
15.2957 0.4020 1.0177
15.3157 0.4049 1.0162
15.3358 0.4080 1.0147
15.3559 0.4113 1.0130
15.3760 0.4148 1.0113
15.3960 0.4183 1.0094
15.4161 0.4220 1.0073
15.4362 0.4258 1.0051
15.4563 0.4297 1.0026
15.4763 0.4336 1.0000
15.4964 0.4375 0.9971
15.5165 0.4415 0.9940
15.5365 0.4454 0.9907
15.5566 0.4493 0.9872
15.5767 0.4532 0.9835
15.5968 0.4572 0.9795
15.6168 0.4611 0.9754
15.6369 0.4650 0.9710
15.6570 0.4688 0.9663
15.6771 0.4726 0.9613
15.6971 0.4762 0.9559
15.7172 0.4796 0.9503
15.7373 0.4829 0.9444
15.7574 0.4858 0.9382
15.7774 0.4885 0.9319
15.7975 0.4910 0.9253
15.8176 0.4931 0.9185
15.8376 0.4948 0.9115
15.8577 0.4961 0.9045
15.8778 0.4971 0.8973
15.8979 0.4977 0.8902
15.9179 0.4979 0.8832
15.9380 0.4979 0.8763
15.9581 0.4976 0.8695
15.9782 0.4971 0.8627
15.9982 0.4964 0.8561
16.0183 0.4955 0.8495
16.0384 0.4945 0.8429
16.0584 0.4931 0.8363
16.0785 0.4916 0.8298
16.0986 0.4898 0.8234
16.1187 0.4877 0.8170
16.1387 0.4854 0.8108
16.1588 0.4829 0.8048
16.1789 0.4802 0.7989
16.1990 0.4774 0.7932
16.2190 0.4743 0.7877
16.2391 0.4711 0.7824
16.2592 0.4678 0.7772
16.2793 0.4644 0.7722
16.2993 0.4608 0.7674
16.3194 0.4571 0.7628
16.3395 0.4534 0.7584
16.3595 0.4496 0.7543
16.3796 0.4457 0.7503
16.3997 0.4419 0.7466
16.4198 0.4381 0.7430
16.4398 0.4344 0.7396
16.4599 0.4306 0.7362
16.4800 0.4269 0.7329
16.5001 0.4231 0.7297
16.5201 0.4192 0.7267
16.5402 0.4153 0.7237
16.5603 0.4114 0.7210
16.5803 0.4075 0.7185
16.6004 0.4036 0.7161
16.6205 0.3999 0.7139
16.6406 0.3963 0.7117
16.6606 0.3927 0.7096
16.6807 0.3892 0.7075
16.7008 0.3857 0.7054
16.7209 0.3822 0.7034
16.7409 0.3787 0.7013
16.7610 0.3752 0.6994
16.7811 0.3717 0.6975
16.8012 0.3681 0.6956
16.8212 0.3645 0.6939
16.8413 0.3609 0.6923
16.8614 0.3574 0.6908
16.8814 0.3539 0.6894
16.9015 0.3505 0.6880
16.9216 0.3471 0.6867
16.9417 0.3437 0.6853
16.9617 0.3403 0.6840
16.9818 0.3369 0.6828
17.0019 0.3335 0.6816
17.0220 0.3301 0.6806
17.0420 0.3267 0.6796
17.0621 0.3233 0.6787
17.0822 0.3200 0.6779
17.1022 0.3167 0.6771
17.1223 0.3135 0.6764
17.1424 0.3104 0.6757
17.1625 0.3073 0.6750
17.1825 0.3042 0.6744
17.2026 0.3012 0.6738
17.2227 0.2982 0.6732
17.2428 0.2952 0.6727
17.2628 0.2923 0.6721
17.2829 0.2894 0.6716
17.3030 0.2864 0.6710
17.3231 0.2835 0.6705
17.3431 0.2806 0.6700
17.3632 0.2777 0.6695
17.3833 0.2747 0.6691
17.4033 0.2718 0.6687
17.4234 0.2688 0.6684
17.4435 0.2659 0.6681
17.4636 0.2630 0.6679
17.4836 0.2602 0.6678
17.5037 0.2574 0.6676
17.5238 0.2546 0.6675
17.5439 0.2518 0.6675
17.5639 0.2491 0.6674
17.5840 0.2465 0.6674
17.6041 0.2438 0.6674
17.6241 0.2412 0.6674
17.6442 0.2386 0.6674
17.6643 0.2360 0.6673
17.6844 0.2334 0.6674
17.7044 0.2308 0.6674
17.7245 0.2281 0.6675
17.7446 0.2256 0.6677
17.7647 0.2230 0.6679
17.7847 0.2206 0.6681
17.8048 0.2181 0.6683
17.8249 0.2157 0.6685
17.8450 0.2133 0.6687
17.8650 0.2109 0.6689
17.8851 0.2085 0.6691
17.9052 0.2060 0.6693
17.9252 0.2036 0.6696
17.9453 0.2011 0.6699
17.9654 0.1987 0.6703
17.9855 0.1963 0.6707
18.0055 0.1939 0.6712
18.0256 0.1916 0.6717
18.0457 0.1893 0.6722
18.0658 0.1871 0.6727
18.0858 0.1849 0.6732
18.1059 0.1827 0.6738
18.1260 0.1806 0.6743
18.1460 0.1784 0.6749
18.1661 0.1763 0.6754
18.1862 0.1743 0.6760
18.2063 0.1722 0.6766
18.2263 0.1702 0.6772
18.2464 0.1682 0.6777
18.2665 0.1662 0.6783
18.2866 0.1642 0.6789
18.3066 0.1623 0.6795
18.3267 0.1603 0.6800
18.3468 0.1584 0.6806
18.3669 0.1564 0.6812
18.3869 0.1545 0.6818
18.4070 0.1525 0.6824
18.4271 0.1505 0.6830
18.4471 0.1486 0.6837
18.4672 0.1466 0.6844
18.4873 0.1447 0.6852
18.5074 0.1427 0.6859
18.5274 0.1409 0.6868
18.5475 0.1390 0.6876
18.5676 0.1372 0.6885
18.5877 0.1355 0.6893
18.6077 0.1338 0.6902
18.6278 0.1321 0.6911
18.6479 0.1304 0.6919
18.6679 0.1288 0.6928
18.6880 0.1272 0.6936
18.7081 0.1256 0.6945
18.7282 0.1241 0.6953
18.7482 0.1225 0.6961
18.7683 0.1210 0.6970
18.7884 0.1195 0.6978
18.8085 0.1180 0.6986
18.8285 0.1165 0.6994
18.8486 0.1150 0.7002
18.8687 0.1135 0.7010
18.8888 0.1120 0.7019
18.9088 0.1105 0.7027
18.9289 0.1090 0.7035
18.9490 0.1075 0.7044
18.9690 0.1060 0.7052
18.9891 0.1046 0.7061
19.0092 0.1031 0.7070
19.0293 0.1017 0.7079
19.0493 0.1003 0.7088
19.0694 0.0989 0.7097
19.0895 0.0975 0.7107
19.1096 0.0962 0.7116
19.1296 0.0948 0.7125
19.1497 0.0934 0.7135
19.1698 0.0921 0.7145
19.1898 0.0909 0.7155
19.2099 0.0896 0.7165
19.2300 0.0884 0.7175
19.2501 0.0872 0.7185
19.2701 0.0860 0.7195
19.2902 0.0849 0.7204
19.3103 0.0837 0.7214
19.3304 0.0825 0.7223
19.3504 0.0814 0.7233
19.3705 0.0803 0.7242
19.3906 0.0791 0.7252
19.4106 0.0780 0.7262
19.4307 0.0769 0.7272
19.4508 0.0758 0.7281
19.4709 0.0747 0.7291
19.4909 0.0737 0.7301
19.5110 0.0726 0.7311
19.5311 0.0716 0.7321
19.5512 0.0706 0.7331
19.5712 0.0696 0.7341
19.5913 0.0686 0.7351
19.6114 0.0676 0.7361
19.6315 0.0667 0.7371
19.6515 0.0658 0.7381
19.6716 0.0648 0.7391
19.6917 0.0639 0.7401
19.7117 0.0630 0.7411
19.7318 0.0622 0.7422
19.7519 0.0613 0.7432
19.7720 0.0605 0.7442
19.7920 0.0596 0.7452
19.8121 0.0588 0.7462
19.8322 0.0580 0.7472
19.8523 0.0573 0.7482
19.8723 0.0565 0.7492
19.8924 0.0558 0.7501
19.9125 0.0551 0.7511
19.9325 0.0544 0.7521
19.9526 0.0536 0.7530
19.9727 0.0529 0.7539
19.9928 0.0522 0.7549
20.0128 0.0515 0.7558
20.0329 0.0509 0.7568
20.0530 0.0502 0.7577
20.0731 0.0495 0.7586
20.0931 0.0489 0.7596
20.1132 0.0482 0.7605
20.1333 0.0476 0.7615
20.1534 0.0470 0.7624
20.1734 0.0464 0.7633
20.1935 0.0458 0.7642
20.2136 0.0452 0.7651
20.2336 0.0447 0.7660
20.2537 0.0441 0.7669
20.2738 0.0436 0.7678
20.2939 0.0431 0.7687
20.3139 0.0426 0.7695
20.3340 0.0420 0.7704
20.3541 0.0415 0.7712
20.3742 0.0410 0.7720
20.3942 0.0405 0.7729
20.4143 0.0400 0.7737
20.4344 0.0395 0.7746
20.4544 0.0390 0.7754
20.4745 0.0385 0.7762
20.4946 0.0380 0.7770
20.5147 0.0375 0.7779
20.5347 0.0370 0.7787
20.5548 0.0366 0.7795
20.5749 0.0361 0.7803
20.5950 0.0357 0.7811
20.6150 0.0352 0.7818
20.6351 0.0348 0.7826
20.6552 0.0343 0.7834
20.6753 0.0339 0.7842
20.6953 0.0334 0.7850
20.7154 0.0330 0.7857
20.7355 0.0325 0.7865
20.7555 0.0321 0.7873
20.7756 0.0317 0.7881
20.7957 0.0313 0.7889
20.8158 0.0309 0.7897
20.8358 0.0305 0.7904
20.8559 0.0301 0.7912
20.8760 0.0297 0.7920
20.8961 0.0294 0.7927
20.9161 0.0290 0.7935
20.9362 0.0286 0.7942
20.9563 0.0283 0.7950
20.9763 0.0279 0.7957
20.9964 0.0276 0.7964
21.0165 0.0272 0.7971
21.0366 0.0269 0.7979
21.0566 0.0265 0.7986
21.0767 0.0262 0.7993
21.0968 0.0258 0.8000
21.1169 0.0255 0.8008
21.1369 0.0252 0.8015
21.1570 0.0249 0.8022
21.1771 0.0246 0.8029
21.1972 0.0243 0.8036
21.2172 0.0240 0.8043
21.2373 0.0237 0.8050
21.2574 0.0234 0.8057
21.2774 0.0231 0.8064
21.2975 0.0228 0.8070
21.3176 0.0225 0.8077
21.3377 0.0222 0.8084
21.3577 0.0219 0.8091
21.3778 0.0216 0.8097
21.3979 0.0214 0.8104
21.4180 0.0211 0.8111
21.4380 0.0208 0.8117
21.4581 0.0206 0.8124
21.4782 0.0203 0.8130
21.4982 0.0200 0.8137
21.5183 0.0198 0.8144
21.5384 0.0195 0.8150
21.5585 0.0193 0.8157
21.5785 0.0191 0.8163
21.5986 0.0188 0.8170
21.6187 0.0186 0.8176
21.6388 0.0184 0.8182
21.6588 0.0182 0.8189
21.6789 0.0180 0.8195
21.6990 0.0177 0.8201
21.7191 0.0175 0.8207
21.7391 0.0173 0.8213
21.7592 0.0171 0.8219
21.7793 0.0169 0.8226
21.7993 0.0167 0.8232
21.8194 0.0165 0.8238
21.8395 0.0163 0.8244
21.8596 0.0161 0.8250
21.8796 0.0159 0.8256
21.8997 0.0157 0.8262
21.9198 0.0156 0.8267
21.9399 0.0154 0.8273
21.9599 0.0152 0.8279
21.9800 0.0150 0.8285
22.0001 0.0149 0.8291
22.0201 0.0147 0.8296
22.0402 0.0145 0.8302
22.0603 0.0144 0.8308
22.0804 0.0142 0.8313
22.1004 0.0140 0.8319
22.1205 0.0139 0.8324
22.1406 0.0137 0.8330
22.1607 0.0135 0.8335
22.1807 0.0134 0.8341
22.2008 0.0132 0.8346
22.2209 0.0131 0.8352
22.2410 0.0129 0.8357
22.2610 0.0128 0.8362
22.2811 0.0126 0.8368
22.3012 0.0125 0.8373
22.3212 0.0123 0.8378
22.3413 0.0122 0.8384
22.3614 0.0120 0.8389
22.3815 0.0119 0.8394
22.4015 0.0118 0.8399
22.4216 0.0116 0.8404
22.4417 0.0115 0.8410
22.4618 0.0114 0.8415
22.4818 0.0112 0.8420
22.5019 0.0111 0.8425
22.5220 0.0110 0.8430
22.5420 0.0108 0.8435
22.5621 0.0107 0.8440
22.5822 0.0106 0.8445
22.6023 0.0105 0.8450
22.6223 0.0103 0.8455
22.6424 0.0102 0.8460
22.6625 0.0101 0.8465
22.6826 0.0100 0.8470
22.7026 0.0099 0.8475
22.7227 0.0098 0.8480
22.7428 0.0097 0.8485
22.7629 0.0096 0.8490
22.7829 0.0095 0.8495
22.8030 0.0094 0.8499
22.8231 0.0093 0.8504
22.8431 0.0092 0.8509
22.8632 0.0091 0.8514
22.8833 0.0090 0.8519
22.9034 0.0089 0.8523
22.9234 0.0088 0.8528
22.9435 0.0087 0.8533
22.9636 0.0087 0.8538
22.9837 0.0086 0.8542
23.0037 0.0085 0.8547
23.0238 0.0085 0.8551
23.0439 0.0084 0.8556
23.0639 0.0083 0.8560
23.0840 0.0082 0.8565
23.1041 0.0082 0.8569
23.1242 0.0081 0.8574
23.1442 0.0081 0.8578
23.1643 0.0080 0.8583
23.1844 0.0079 0.8587
23.2045 0.0079 0.8591
23.2245 0.0078 0.8596
23.2446 0.0078 0.8600
23.2647 0.0077 0.8604
23.2848 0.0077 0.8609
23.3048 0.0076 0.8613
23.3249 0.0076 0.8617
23.3450 0.0075 0.8621
23.3650 0.0075 0.8625
23.3851 0.0074 0.8629
23.4052 0.0074 0.8633
23.4253 0.0074 0.8637
23.4453 0.0073 0.8641
23.4654 0.0073 0.8645
23.4855 0.0072 0.8649
23.5056 0.0072 0.8654
23.5256 0.0071 0.8658
23.5457 0.0071 0.8662
23.5658 0.0071 0.8666
23.5858 0.0070 0.8670
23.6059 0.0070 0.8673
23.6260 0.0070 0.8677
23.6461 0.0070 0.8681
23.6661 0.0069 0.8685
23.6862 0.0069 0.8689
23.7063 0.0069 0.8692
23.7264 0.0068 0.8696
23.7464 0.0068 0.8700
23.7665 0.0067 0.8703
23.7866 0.0067 0.8707
23.8067 0.0067 0.8711
23.8267 0.0066 0.8715
23.8468 0.0066 0.8719
23.8669 0.0066 0.8723
23.8869 0.0067 0.8727
23.9070 0.0067 0.8731
23.9271 0.0067 0.8734
23.9472 0.0067 0.8738
23.9672 0.0067 0.8741
23.9873 0.0068 0.8744
24.0074 0.0068 0.8748
24.0275 0.0068 0.8751
24.0475 0.0068 0.8754
24.0676 0.0068 0.8757
24.0877 0.0068 0.8760
24.1077 0.0068 0.8763
24.1278 0.0068 0.8766
24.1479 0.0067 0.8769
24.1680 0.0067 0.8772
24.1880 0.0067 0.8775
24.2081 0.0067 0.8779
24.2282 0.0067 0.8782
24.2483 0.0067 0.8785
24.2683 0.0067 0.8788
24.2884 0.0067 0.8791
24.3085 0.0067 0.8795
24.3285 0.0067 0.8798
24.3486 0.0067 0.8801
24.3687 0.0067 0.8804
24.3888 0.0067 0.8807
24.4088 0.0067 0.8809
24.4289 0.0068 0.8812
24.4490 0.0068 0.8815
24.4691 0.0068 0.8818
24.4891 0.0068 0.8821
24.5092 0.0068 0.8823
24.5293 0.0068 0.8826
24.5494 0.0068 0.8829
24.5694 0.0068 0.8831
24.5895 0.0068 0.8834
24.6096 0.0068 0.8836
24.6296 0.0068 0.8839
24.6497 0.0068 0.8841
24.6698 0.0068 0.8844
24.6899 0.0068 0.8846
24.7099 0.0068 0.8849
24.7300 0.0068 0.8851
24.7501 0.0068 0.8854
24.7702 0.0068 0.8856
24.7902 0.0068 0.8859
24.8103 0.0068 0.8861
24.8304 0.0067 0.8864
24.8504 0.0067 0.8866
24.8705 0.0067 0.8869
24.8906 0.0067 0.8871
24.9107 0.0067 0.8873
24.9307 0.0067 0.8876
24.9508 0.0067 0.8878
24.9709 0.0067 0.8880
24.9910 0.0066 0.8883
25.0110 0.0066 0.8885
25.0311 0.0066 0.8888
25.0512 0.0066 0.8890
25.0713 0.0066 0.8892
25.0913 0.0066 0.8895
25.1114 0.0066 0.8897
25.1315 0.0066 0.8899
25.1515 0.0066 0.8901
25.1716 0.0066 0.8904
25.1917 0.0066 0.8906
25.2118 0.0065 0.8908
25.2318 0.0065 0.8910
25.2519 0.0065 0.8912
25.2720 0.0065 0.8915
25.2921 0.0065 0.8917
25.3121 0.0065 0.8919
25.3322 0.0065 0.8921
25.3523 0.0065 0.8923
25.3723 0.0065 0.8925
25.3924 0.0065 0.8927
25.4125 0.0064 0.8929
25.4326 0.0064 0.8931
25.4526 0.0064 0.8933
25.4727 0.0064 0.8934
25.4928 0.0064 0.8936
25.5129 0.0063 0.8938
25.5329 0.0063 0.8940
25.5530 0.0063 0.8942
25.5731 0.0063 0.8944
25.5932 0.0062 0.8945
25.6132 0.0062 0.8947
25.6333 0.0061 0.8949
25.6534 0.0061 0.8951
25.6734 0.0060 0.8953
25.6935 0.0059 0.8954
25.7136 0.0059 0.8956
25.7337 0.0058 0.8958
25.7537 0.0058 0.8960
25.7738 0.0057 0.8962
25.7939 0.0057 0.8964
25.8140 0.0056 0.8966
25.8340 0.0056 0.8968
25.8541 0.0055 0.8970
25.8742 0.0054 0.8972
25.8942 0.0054 0.8974
25.9143 0.0053 0.8976
25.9344 0.0052 0.8978
25.9545 0.0052 0.8981
25.9745 0.0051 0.8983
25.9946 0.0050 0.8985
26.0147 0.0050 0.8987
26.0348 0.0049 0.8989
26.0548 0.0049 0.8992
26.0749 0.0048 0.8994
26.0950 0.0048 0.8996
26.1151 0.0047 0.8999
26.1351 0.0047 0.9001
26.1552 0.0047 0.9003
26.1753 0.0046 0.9006
26.1953 0.0046 0.9008
26.2154 0.0046 0.9010
26.2355 0.0046 0.9012
26.2556 0.0045 0.9015
26.2756 0.0045 0.9017
26.2957 0.0045 0.9019
26.3158 0.0045 0.9021
26.3359 0.0045 0.9024
26.3559 0.0045 0.9026
26.3760 0.0045 0.9028
26.3961 0.0045 0.9030
26.4161 0.0045 0.9032
26.4362 0.0045 0.9034
26.4563 0.0045 0.9036
26.4764 0.0045 0.9038
26.4964 0.0045 0.9040
26.5165 0.0045 0.9042
26.5366 0.0045 0.9044
26.5567 0.0045 0.9045
26.5767 0.0045 0.9047
26.5968 0.0045 0.9049
26.6169 0.0045 0.9051
26.6370 0.0045 0.9052
26.6570 0.0045 0.9054
26.6771 0.0044 0.9056
26.6972 0.0044 0.9057
26.7172 0.0044 0.9059
26.7373 0.0044 0.9061
26.7574 0.0044 0.9062
26.7775 0.0043 0.9064
26.7975 0.0043 0.9066
26.8176 0.0043 0.9067
26.8377 0.0043 0.9069
26.8578 0.0042 0.9071
26.8778 0.0042 0.9072
26.8979 0.0042 0.9074
26.9180 0.0042 0.9076
26.9380 0.0041 0.9077
26.9581 0.0041 0.9079
26.9782 0.0041 0.9081
26.9983 0.0041 0.9082
27.0183 0.0041 0.9084
27.0384 0.0040 0.9086
27.0585 0.0040 0.9087
27.0786 0.0040 0.9089
27.0986 0.0039 0.9091
27.1187 0.0039 0.9092
27.1388 0.0039 0.9094
27.1589 0.0039 0.9096
27.1789 0.0038 0.9097
27.1990 0.0038 0.9099
27.2191 0.0038 0.9101
27.2391 0.0037 0.9102
27.2592 0.0037 0.9104
27.2793 0.0037 0.9106
27.2994 0.0036 0.9107
27.3194 0.0036 0.9109
27.3395 0.0036 0.9111
27.3596 0.0035 0.9112
27.3797 0.0035 0.9114
27.3997 0.0035 0.9116
27.4198 0.0035 0.9118
27.4399 0.0034 0.9119
27.4599 0.0034 0.9121
27.4800 0.0034 0.9123
27.5001 0.0034 0.9124
27.5202 0.0034 0.9126
27.5402 0.0033 0.9128
27.5603 0.0033 0.9129
27.5804 0.0033 0.9131
27.6005 0.0033 0.9133
27.6205 0.0033 0.9134
27.6406 0.0032 0.9136
27.6607 0.0032 0.9138
27.6808 0.0032 0.9139
27.7008 0.0032 0.9141
27.7209 0.0032 0.9142
27.7410 0.0032 0.9144
27.7610 0.0032 0.9146
27.7811 0.0031 0.9147
27.8012 0.0031 0.9149
27.8213 0.0031 0.9150
27.8413 0.0031 0.9152
27.8614 0.0031 0.9153
27.8815 0.0031 0.9155
27.9016 0.0030 0.9156
27.9216 0.0030 0.9158
27.9417 0.0030 0.9159
27.9618 0.0030 0.9161
27.9818 0.0030 0.9162
28.0019 0.0030 0.9164
28.0220 0.0030 0.9165
28.0421 0.0029 0.9167
28.0621 0.0029 0.9168
28.0822 0.0029 0.9170
28.1023 0.0029 0.9171
28.1224 0.0029 0.9173
28.1424 0.0029 0.9174
28.1625 0.0028 0.9176
28.1826 0.0028 0.9177
28.2027 0.0028 0.9179
28.2227 0.0028 0.9180
28.2428 0.0028 0.9182
28.2629 0.0028 0.9183
28.2829 0.0028 0.9185
28.3030 0.0027 0.9186
28.3231 0.0027 0.9187
28.3432 0.0027 0.9189
28.3632 0.0027 0.9190
28.3833 0.0027 0.9192
28.4034 0.0027 0.9193
28.4235 0.0027 0.9195
28.4435 0.0027 0.9196
28.4636 0.0026 0.9197
28.4837 0.0026 0.9199
28.5037 0.0026 0.9200
28.5238 0.0026 0.9201
28.5439 0.0026 0.9203
28.5640 0.0026 0.9204
28.5840 0.0026 0.9205
28.6041 0.0026 0.9207
28.6242 0.0025 0.9208
28.6443 0.0025 0.9209
28.6643 0.0025 0.9211
28.6844 0.0025 0.9212
28.7045 0.0025 0.9213
28.7245 0.0025 0.9214
28.7446 0.0025 0.9216
28.7647 0.0024 0.9217
28.7848 0.0024 0.9218
28.8048 0.0024 0.9219
28.8249 0.0024 0.9221
28.8450 0.0024 0.9222
28.8651 0.0023 0.9223
28.8851 0.0023 0.9224
28.9052 0.0023 0.9226
28.9253 0.0023 0.9227
28.9454 0.0022 0.9228
28.9654 0.0022 0.9229
28.9855 0.0022 0.9231
29.0056 0.0022 0.9232
29.0256 0.0021 0.9233
29.0457 0.0021 0.9234
29.0658 0.0021 0.9236
29.0859 0.0021 0.9237
29.1059 0.0020 0.9238
29.1260 0.0020 0.9240
29.1461 0.0020 0.9241
29.1662 0.0020 0.9242
29.1862 0.0019 0.9243
29.2063 0.0019 0.9245
29.2264 0.0019 0.9246
29.2464 0.0019 0.9247
29.2665 0.0019 0.9248
29.2866 0.0018 0.9250
29.3067 0.0018 0.9251
29.3267 0.0018 0.9252
29.3468 0.0018 0.9254
29.3669 0.0017 0.9255
29.3870 0.0017 0.9256
29.4070 0.0017 0.9257
29.4271 0.0017 0.9259
29.4472 0.0016 0.9260
29.4673 0.0016 0.9261
29.4873 0.0016 0.9262
29.5074 0.0016 0.9264
29.5275 0.0015 0.9265
29.5475 0.0015 0.9266
29.5676 0.0015 0.9268
29.5877 0.0015 0.9269
29.6078 0.0015 0.9270
29.6278 0.0014 0.9271
29.6479 0.0014 0.9273
29.6680 0.0014 0.9274
29.6881 0.0014 0.9275
29.7081 0.0013 0.9277
29.7282 0.0013 0.9278
29.7483 0.0013 0.9279
29.7683 0.0013 0.9280
29.7884 0.0013 0.9282
29.8085 0.0012 0.9283
29.8286 0.0012 0.9284
29.8486 0.0012 0.9285
29.8687 0.0012 0.9287
29.8888 0.0012 0.9288
29.9089 0.0012 0.9289
29.9289 0.0011 0.9291
29.9490 0.0011 0.9292
29.9691 0.0011 0.9293
29.9892 0.0011 0.9294
30.0092 0.0011 0.9296
30.0293 0.0011 0.9297
30.0494 0.0010 0.9298
30.0694 0.0010 0.9299
30.0895 0.0010 0.9301
30.1096 0.0010 0.9302
30.1297 0.0010 0.9303
30.1497 0.0010 0.9304
30.1698 0.0010 0.9306
30.1899 0.0010 0.9307
30.2100 0.0009 0.9308
30.2300 0.0009 0.9309
30.2501 0.0009 0.9311
30.2702 0.0009 0.9312
30.2902 0.0009 0.9313
30.3103 0.0009 0.9314
30.3304 0.0009 0.9316
30.3505 0.0009 0.9317
30.3705 0.0009 0.9318
30.3906 0.0009 0.9319
30.4107 0.0008 0.9320
30.4308 0.0008 0.9322
30.4508 0.0008 0.9323
30.4709 0.0008 0.9324
30.4910 0.0008 0.9325
30.5111 0.0008 0.9326
30.5311 0.0008 0.9328
30.5512 0.0008 0.9329
30.5713 0.0008 0.9330
30.5913 0.0008 0.9331
30.6114 0.0008 0.9332
30.6315 0.0008 0.9333
30.6516 0.0008 0.9335
30.6716 0.0008 0.9336
30.6917 0.0008 0.9337
30.7118 0.0008 0.9338
30.7319 0.0008 0.9339
30.7519 0.0007 0.9340
30.7720 0.0007 0.9341
30.7921 0.0007 0.9342
30.8121 0.0007 0.9344
30.8322 0.0007 0.9345
30.8523 0.0007 0.9346
30.8724 0.0007 0.9347
30.8924 0.0007 0.9348
30.9125 0.0007 0.9349
30.9326 0.0007 0.9350
30.9527 0.0007 0.9351
30.9727 0.0007 0.9352
30.9928 0.0007 0.9353
31.0129 0.0007 0.9354
31.0330 0.0007 0.9355
31.0530 0.0007 0.9357
31.0731 0.0007 0.9358
31.0932 0.0007 0.9359
31.1132 0.0007 0.9360
31.1333 0.0007 0.9361
31.1534 0.0007 0.9362
31.1735 0.0007 0.9363
31.1935 0.0007 0.9364
31.2136 0.0007 0.9365
31.2337 0.0007 0.9366
31.2538 0.0007 0.9367
31.2738 0.0007 0.9368
31.2939 0.0006 0.9369
31.3140 0.0006 0.9370
31.3340 0.0006 0.9371
31.3541 0.0006 0.9372
31.3742 0.0006 0.9373
31.3943 0.0006 0.9374
31.4143 0.0006 0.9375
31.4344 0.0006 0.9376
31.4545 0.0006 0.9377
31.4746 0.0006 0.9378
31.4946 0.0006 0.9379
31.5147 0.0006 0.9380
31.5348 0.0006 0.9381
31.5549 0.0006 0.9382
31.5749 0.0006 0.9383
31.5950 0.0006 0.9384
31.6151 0.0006 0.9385
31.6351 0.0006 0.9386
31.6552 0.0006 0.9387
31.6753 0.0006 0.9388
31.6954 0.0006 0.9389
31.7154 0.0006 0.9390
31.7355 0.0006 0.9391
31.7556 0.0006 0.9392
31.7757 0.0006 0.9393
31.7957 0.0006 0.9394
31.8158 0.0005 0.9395
31.8359 0.0005 0.9396
31.8559 0.0005 0.9396
31.8760 0.0005 0.9397
31.8961 0.0005 0.9398
31.9162 0.0005 0.9399
31.9362 0.0005 0.9400
31.9563 0.0005 0.9401
31.9764 0.0005 0.9402
31.9965 0.0005 0.9403
32.0165 0.0005 0.9404
32.0366 0.0005 0.9405
32.0567 0.0005 0.9406
32.0768 0.0005 0.9407
32.0968 0.0005 0.9408
32.1169 0.0005 0.9409
32.1370 0.0005 0.9410
32.1570 0.0005 0.9410
32.1771 0.0005 0.9411
32.1972 0.0005 0.9412
32.2173 0.0005 0.9413
32.2373 0.0005 0.9414
32.2574 0.0005 0.9415
32.2775 0.0005 0.9416
32.2976 0.0005 0.9417
32.3176 0.0005 0.9418
32.3377 0.0005 0.9419
32.3578 0.0005 0.9419
32.3778 0.0005 0.9420
32.3979 0.0005 0.9421
32.4180 0.0005 0.9422
32.4381 0.0005 0.9423
32.4581 0.0005 0.9424
32.4782 0.0005 0.9425
32.4983 0.0005 0.9426
32.5184 0.0005 0.9426
32.5384 0.0005 0.9427
32.5585 0.0005 0.9428
32.5786 0.0005 0.9429
32.5987 0.0004 0.9430
32.6187 0.0004 0.9431
32.6388 0.0004 0.9432
32.6589 0.0004 0.9433
32.6789 0.0004 0.9433
32.6990 0.0004 0.9434
32.7191 0.0004 0.9435
32.7392 0.0004 0.9436
32.7592 0.0004 0.9437
32.7793 0.0004 0.9438
32.7994 0.0004 0.9438
32.8195 0.0004 0.9439
32.8395 0.0004 0.9440
32.8596 0.0004 0.9441
32.8797 0.0004 0.9442
32.8997 0.0004 0.9443
32.9198 0.0004 0.9443
32.9399 0.0004 0.9444
32.9600 0.0004 0.9445
32.9800 0.0004 0.9446
33.0001 0.0004 0.9447
33.0202 0.0004 0.9448
33.0403 0.0004 0.9448
33.0603 0.0004 0.9449
33.0804 0.0004 0.9450
33.1005 0.0004 0.9451
33.1206 0.0004 0.9452
33.1406 0.0004 0.9452
33.1607 0.0004 0.9453
33.1808 0.0004 0.9454
33.2008 0.0004 0.9455
33.2209 0.0004 0.9456
33.2410 0.0004 0.9456
33.2611 0.0004 0.9457
33.2811 0.0004 0.9458
33.3012 0.0004 0.9459
33.3213 0.0004 0.9460
33.3414 0.0004 0.9460
33.3614 0.0004 0.9461
33.3815 0.0004 0.9462
33.4016 0.0004 0.9463
33.4216 0.0004 0.9463
33.4417 0.0004 0.9464
33.4618 0.0004 0.9465
33.4819 0.0004 0.9466
33.5019 0.0004 0.9467
33.5220 0.0004 0.9467
33.5421 0.0004 0.9468
33.5622 0.0004 0.9469
33.5822 0.0004 0.9470
33.6023 0.0004 0.9470
33.6224 0.0004 0.9471
33.6424 0.0004 0.9472
33.6625 0.0004 0.9473
33.6826 0.0004 0.9473
33.7027 0.0004 0.9474
33.7227 0.0004 0.9475
33.7428 0.0004 0.9476
33.7629 0.0004 0.9476
33.7830 0.0004 0.9477
33.8030 0.0004 0.9478
33.8231 0.0004 0.9479
33.8432 0.0004 0.9479
33.8633 0.0004 0.9480
33.8833 0.0004 0.9481
33.9034 0.0004 0.9482
33.9235 0.0004 0.9482
33.9435 0.0004 0.9483
33.9636 0.0004 0.9484
33.9837 0.0004 0.9484
34.0038 0.0004 0.9485
34.0238 0.0004 0.9486
34.0439 0.0004 0.9487
34.0640 0.0004 0.9487
34.0841 0.0004 0.9488
34.1041 0.0004 0.9489
34.1242 0.0004 0.9489
34.1443 0.0004 0.9490
34.1643 0.0004 0.9491
34.1844 0.0004 0.9492
34.2045 0.0004 0.9492
34.2246 0.0004 0.9493
34.2446 0.0003 0.9494
34.2647 0.0003 0.9494
34.2848 0.0003 0.9495
34.3049 0.0003 0.9496
34.3249 0.0003 0.9497
34.3450 0.0003 0.9497
34.3651 0.0003 0.9498
34.3852 0.0003 0.9499
34.4052 0.0003 0.9499
34.4253 0.0003 0.9500
34.4454 0.0003 0.9501
34.4654 0.0003 0.9501
34.4855 0.0003 0.9502
34.5056 0.0003 0.9503
34.5257 0.0003 0.9503
34.5457 0.0003 0.9504
34.5658 0.0003 0.9505
34.5859 0.0003 0.9505
34.6060 0.0003 0.9506
34.6260 0.0003 0.9507
34.6461 0.0003 0.9507
34.6662 0.0003 0.9508
34.6862 0.0003 0.9509
34.7063 0.0003 0.9509
34.7264 0.0003 0.9510
34.7465 0.0003 0.9511
34.7665 0.0003 0.9511
34.7866 0.0003 0.9512
34.8067 0.0003 0.9513
34.8268 0.0003 0.9513
34.8468 0.0003 0.9514
34.8669 0.0003 0.9515
34.8870 0.0003 0.9515
34.9071 0.0003 0.9516
34.9271 0.0003 0.9517
34.9472 0.0003 0.9517
34.9673 0.0003 0.9518
34.9873 0.0003 0.9519
35.0074 0.0003 0.9519
35.0275 0.0003 0.9520
35.0476 0.0003 0.9521
35.0676 0.0003 0.9521
35.0877 0.0003 0.9522
35.1078 0.0003 0.9522
35.1279 0.0003 0.9523
35.1479 0.0003 0.9524
35.1680 0.0003 0.9524
35.1881 0.0003 0.9525
35.2081 0.0003 0.9526
35.2282 0.0003 0.9526
35.2483 0.0003 0.9527
35.2684 0.0003 0.9528
35.2884 0.0003 0.9528
35.3085 0.0003 0.9529
35.3286 0.0003 0.9529
35.3487 0.0003 0.9530
35.3687 0.0003 0.9531
35.3888 0.0003 0.9531
35.4089 0.0003 0.9532
35.4290 0.0003 0.9532
35.4490 0.0003 0.9533
35.4691 0.0003 0.9534
35.4892 0.0003 0.9534
35.5092 0.0003 0.9535
35.5293 0.0003 0.9536
35.5494 0.0003 0.9536
35.5695 0.0003 0.9537
35.5895 0.0003 0.9537
35.6096 0.0003 0.9538
35.6297 0.0003 0.9539
35.6498 0.0003 0.9539
35.6698 0.0003 0.9540
35.6899 0.0003 0.9540
35.7100 0.0003 0.9541
35.7300 0.0003 0.9542
35.7501 0.0003 0.9542
35.7702 0.0003 0.9543
35.7903 0.0003 0.9543
35.8103 0.0003 0.9544
35.8304 0.0003 0.9545
35.8505 0.0003 0.9545
35.8706 0.0003 0.9546
35.8906 0.0003 0.9546
35.9107 0.0003 0.9547
35.9308 0.0003 0.9547
35.9509 0.0003 0.9548
35.9709 0.0003 0.9549
35.9910 0.0003 0.9549
36.0111 0.0003 0.9550
36.0311 0.0003 0.9550
36.0512 0.0003 0.9551
36.0713 0.0003 0.9552
36.0914 0.0003 0.9552
36.1114 0.0003 0.9553
36.1315 0.0003 0.9553
36.1516 0.0003 0.9554
36.1717 0.0003 0.9554
36.1917 0.0003 0.9555
36.2118 0.0003 0.9556
36.2319 0.0003 0.9556
36.2519 0.0003 0.9557
36.2720 0.0003 0.9557
36.2921 0.0003 0.9558
36.3122 0.0003 0.9558
36.3322 0.0003 0.9559
36.3523 0.0003 0.9559
36.3724 0.0003 0.9560
36.3925 0.0003 0.9561
36.4125 0.0003 0.9561
36.4326 0.0003 0.9562
36.4527 0.0003 0.9562
36.4728 0.0003 0.9563
36.4928 0.0003 0.9563
36.5129 0.0003 0.9564
36.5330 0.0003 0.9564
36.5530 0.0003 0.9565
36.5731 0.0003 0.9566
36.5932 0.0003 0.9566
36.6133 0.0003 0.9567
36.6333 0.0003 0.9567
36.6534 0.0003 0.9568
36.6735 0.0003 0.9568
36.6936 0.0003 0.9569
36.7136 0.0003 0.9569
36.7337 0.0003 0.9570
36.7538 0.0003 0.9570
36.7738 0.0003 0.9571
36.7939 0.0003 0.9571
36.8140 0.0003 0.9572
36.8341 0.0003 0.9573
36.8541 0.0003 0.9573
36.8742 0.0003 0.9574
36.8943 0.0003 0.9574
36.9144 0.0003 0.9575
36.9344 0.0003 0.9575
36.9545 0.0003 0.9576
36.9746 0.0003 0.9576
36.9947 0.0003 0.9577
37.0147 0.0003 0.9577
37.0348 0.0003 0.9578
37.0549 0.0003 0.9578
37.0749 0.0003 0.9579
37.0950 0.0003 0.9579
37.1151 0.0003 0.9580
37.1352 0.0003 0.9580
37.1552 0.0003 0.9581
37.1753 0.0003 0.9581
37.1954 0.0003 0.9582
37.2155 0.0003 0.9582
37.2355 0.0003 0.9583
37.2556 0.0003 0.9583
37.2757 0.0003 0.9584
37.2957 0.0003 0.9584
37.3158 0.0003 0.9585
37.3359 0.0003 0.9586
37.3560 0.0003 0.9586
37.3760 0.0003 0.9587
37.3961 0.0003 0.9587
37.4162 0.0003 0.9588
37.4363 0.0002 0.9588
37.4563 0.0002 0.9589
37.4764 0.0002 0.9589
37.4965 0.0002 0.9590
37.5166 0.0002 0.9590
37.5366 0.0002 0.9591
37.5567 0.0002 0.9591
37.5768 0.0002 0.9592
37.5968 0.0002 0.9592
37.6169 0.0002 0.9592
37.6370 0.0002 0.9593
37.6571 0.0002 0.9593
37.6771 0.0002 0.9594
37.6972 0.0002 0.9594
37.7173 0.0002 0.9595
37.7374 0.0002 0.9595
37.7574 0.0002 0.9596
37.7775 0.0002 0.9596
37.7976 0.0002 0.9597
37.8176 0.0002 0.9597
37.8377 0.0002 0.9598
37.8578 0.0002 0.9598
37.8779 0.0002 0.9599
37.8979 0.0002 0.9599
37.9180 0.0002 0.9600
37.9381 0.0002 0.9600
37.9582 0.0002 0.9601
37.9782 0.0002 0.9601
37.9983 0.0002 0.9602
38.0184 0.0002 0.9602
38.0385 0.0002 0.9603
38.0585 0.0002 0.9603
38.0786 0.0002 0.9604
38.0987 0.0002 0.9604
38.1187 0.0002 0.9605
38.1388 0.0002 0.9605
38.1589 0.0002 0.9605
38.1790 0.0002 0.9606
38.1990 0.0002 0.9606
38.2191 0.0002 0.9607
38.2392 0.0002 0.9607
38.2593 0.0002 0.9608
38.2793 0.0002 0.9608
38.2994 0.0002 0.9609
38.3195 0.0002 0.9609
38.3395 0.0002 0.9610
38.3596 0.0002 0.9610
38.3797 0.0002 0.9611
38.3998 0.0002 0.9611
38.4198 0.0002 0.9611
38.4399 0.0002 0.9612
38.4600 0.0002 0.9612
38.4801 0.0002 0.9613
38.5001 0.0002 0.9613
38.5202 0.0002 0.9614
38.5403 0.0002 0.9614
38.5603 0.0002 0.9615
38.5804 0.0002 0.9615
38.6005 0.0002 0.9616
38.6206 0.0002 0.9616
38.6406 0.0002 0.9616
38.6607 0.0002 0.9617
38.6808 0.0002 0.9617
38.7009 0.0002 0.9618
38.7209 0.0002 0.9618
38.7410 0.0002 0.9619
38.7611 0.0002 0.9619
38.7812 0.0002 0.9620
38.8012 0.0002 0.9620
38.8213 0.0002 0.9620
38.8414 0.0002 0.9621
38.8614 0.0002 0.9621
38.8815 0.0002 0.9622
38.9016 0.0002 0.9622
38.9217 0.0002 0.9623
38.9417 0.0002 0.9623
38.9618 0.0002 0.9623
38.9819 0.0002 0.9624
39.0020 0.0002 0.9624
39.0220 0.0002 0.9625
39.0421 0.0002 0.9625
39.0622 0.0002 0.9626
39.0822 0.0002 0.9626
39.1023 0.0002 0.9627
39.1224 0.0002 0.9627
39.1425 0.0002 0.9627
39.1625 0.0002 0.9628
39.1826 0.0002 0.9628
39.2027 0.0002 0.9629
39.2228 0.0002 0.9629
39.2428 0.0002 0.9629
39.2629 0.0002 0.9630
39.2830 0.0002 0.9630
39.3031 0.0002 0.9631
39.3231 0.0002 0.9631
39.3432 0.0002 0.9632
39.3633 0.0002 0.9632
39.3833 0.0002 0.9632
39.4034 0.0002 0.9633
39.4235 0.0002 0.9633
39.4436 0.0002 0.9634
39.4636 0.0002 0.9634
39.4837 0.0002 0.9635
39.5038 0.0002 0.9635
39.5239 0.0002 0.9635
39.5439 0.0002 0.9636
39.5640 0.0002 0.9636
39.5841 0.0002 0.9637
39.6041 0.0002 0.9637
39.6242 0.0002 0.9637
39.6443 0.0002 0.9638
39.6644 0.0002 0.9638
39.6844 0.0002 0.9639
39.7045 0.0002 0.9639
39.7246 0.0002 0.9639
39.7447 0.0002 0.9640
39.7647 0.0002 0.9640
39.7848 0.0002 0.9641
39.8049 0.0002 0.9641
39.8250 0.0002 0.9641
39.8450 0.0002 0.9642
39.8651 0.0002 0.9642
39.8852 0.0002 0.9643
39.9052 0.0002 0.9643
39.9253 0.0002 0.9643
39.9454 0.0002 0.9644
39.9655 0.0002 0.9644
39.9855 0.0002 0.9645
40.0056 0.0002 0.9645
40.0257 0.0002 0.9645
40.0458 0.0002 0.9646
40.0658 0.0002 0.9646
40.0859 0.0002 0.9647
40.1060 0.0002 0.9647
40.1260 0.0002 0.9647
