0.0000 0.0000 16.1717
0.0204 1.5563 16.0611
0.0409 3.1133 15.7070
0.0613 4.6318 15.0578
0.0818 6.0111 14.0756
0.1022 7.1074 12.7913
0.1227 7.7978 11.3328
0.1431 8.0533 9.8917
0.1636 7.9624 8.6389
0.1840 7.6812 7.6518
0.2045 7.3523 6.9065
0.2249 7.0532 6.3256
0.2454 6.7983 5.8346
0.2658 6.5690 5.3880
0.2863 6.3395 4.9696
0.3067 6.0896 4.5831
0.3272 5.8126 4.2460
0.3476 5.5210 3.9769
0.3681 5.2428 3.7803
0.3885 5.0037 3.6389
0.4090 4.8118 3.5224
0.4294 4.6551 3.4062
0.4499 4.5128 3.2812
0.4703 4.3685 3.1527
0.4908 4.2156 3.0324
0.5112 4.0569 2.9307
0.5317 3.9008 2.8532
0.5521 3.7578 2.7986
0.5726 3.6353 2.7586
0.5930 3.5341 2.7218
0.6135 3.4478 2.6794
0.6339 3.3665 2.6285
0.6544 3.2817 2.5732
0.6748 3.1903 2.5211
0.6953 3.0951 2.4798
0.7157 3.0036 2.4521
0.7362 2.9227 2.4347
0.7566 2.8549 2.4203
0.7771 2.7971 2.4026
0.7975 2.7435 2.3795
0.8180 2.6893 2.3528
0.8384 2.6326 2.3260
0.8589 2.5739 2.3025
0.8793 2.5152 2.2843
0.8998 2.4594 2.2720
0.9202 2.4095 2.2640
0.9407 2.3665 2.2569
0.9611 2.3288 2.2471
0.9816 2.2929 2.2335
1.0020 2.2555 2.2176
1.0225 2.2155 2.2027
1.0429 2.1746 2.1914
1.0634 2.1356 2.1841
1.0838 2.1005 2.1790
1.1043 2.0690 2.1739
1.1247 2.0399 2.1677
1.1452 2.0118 2.1606
1.1656 1.9841 2.1531
1.1861 1.9566 2.1457
1.2065 1.9293 2.1387
1.2270 1.9023 2.1326
1.2474 1.8760 2.1278
1.2679 1.8509 2.1243
1.2883 1.8277 2.1215
1.3088 1.8065 2.1187
1.3292 1.7864 2.1150
1.3497 1.7667 2.1106
1.3701 1.7468 2.1063
1.3906 1.7270 2.1025
1.4110 1.7078 2.0994
1.4315 1.6893 2.0967
1.4519 1.6713 2.0943
1.4724 1.6539 2.0925
1.4928 1.6376 2.0913
1.5133 1.6226 2.0901
1.5337 1.6086 2.0881
1.5542 1.5945 2.0852
1.5746 1.5794 2.0821
1.5951 1.5633 2.0802
1.6155 1.5474 2.0807
1.6360 1.5336 2.0830
1.6564 1.5227 2.0855
1.6769 1.5140 2.0864
1.6973 1.5055 2.0852
1.7178 1.4958 2.0828
1.7382 1.4847 2.0808
1.7587 1.4733 2.0806
1.7791 1.4630 2.0819
1.7996 1.4547 2.0835
1.8200 1.4481 2.0842
1.8405 1.4419 2.0832
1.8609 1.4349 2.0811
1.8814 1.4266 2.0790
1.9018 1.4174 2.0781
1.9223 1.4086 2.0788
1.9427 1.4014 2.0806
1.9632 1.3960 2.0821
1.9836 1.3916 2.0821
2.0041 1.3868 2.0807
2.0245 1.3804 2.0790
2.0450 1.3730 2.0784
2.0654 1.3658 2.0798
2.0859 1.3605 2.0824
2.1063 1.3573 2.0845
2.1268 1.3550 2.0847
2.1472 1.3518 2.0833
2.1677 1.3469 2.0819
2.1881 1.3411 2.0822
2.2086 1.3362 2.0843
2.2290 1.3334 2.0868
2.2495 1.3321 2.0879
2.2699 1.3304 2.0872
2.2904 1.3272 2.0860
2.3108 1.3228 2.0861
2.3313 1.3188 2.0881
2.3517 1.3166 2.0907
2.3722 1.3159 2.0925
2.3926 1.3152 2.0928
2.4131 1.3133 2.0926
2.4335 1.3105 2.0935
2.4540 1.3083 2.0958
2.4744 1.3077 2.0985
2.4949 1.3081 2.1003
2.5153 1.3083 2.1010
2.5358 1.3076 2.1016
2.5562 1.3065 2.1032
2.5767 1.3063 2.1058
2.5971 1.3072 2.1082
2.6176 1.3086 2.1098
2.6380 1.3096 2.1109
2.6585 1.3102 2.1124
2.6789 1.3110 2.1146
2.6994 1.3126 2.1170
2.7198 1.3148 2.1191
2.7403 1.3171 2.1208
2.7607 1.3191 2.1226
2.7812 1.3213 2.1248
2.8016 1.3240 2.1272
2.8221 1.3272 2.1295
2.8425 1.3307 2.1317
2.8630 1.3342 2.1339
2.8834 1.3380 2.1361
2.9039 1.3421 2.1385
2.9243 1.3466 2.1409
2.9448 1.3514 2.1433
2.9652 1.3565 2.1457
2.9857 1.3619 2.1480
3.0061 1.3676 2.1504
3.0266 1.3736 2.1528
3.0470 1.3800 2.1552
3.0675 1.3867 2.1577
3.0879 1.3937 2.1601
3.1084 1.4012 2.1625
3.1288 1.4090 2.1649
3.1493 1.4172 2.1674
3.1697 1.4259 2.1698
3.1902 1.4350 2.1723
3.2106 1.4447 2.1746
3.2311 1.4548 2.1770
3.2515 1.4654 2.1793
3.2720 1.4766 2.1816
3.2924 1.4886 2.1838
3.3129 1.5010 2.1857
3.3333 1.5140 2.1875
3.3538 1.5276 2.1893
3.3742 1.5420 2.1910
3.3947 1.5573 2.1924
3.4151 1.5735 2.1935
3.4356 1.5905 2.1943
3.4560 1.6083 2.1948
3.4765 1.6272 2.1950
3.4969 1.6475 2.1946
3.5174 1.6690 2.1935
3.5378 1.6917 2.1913
3.5583 1.7156 2.1880
3.5787 1.7407 2.1836
3.5992 1.7673 2.1777
3.6196 1.7952 2.1697
3.6401 1.8240 2.1592
3.6605 1.8531 2.1460
3.6810 1.8819 2.1303
3.7014 1.9102 2.1125
3.7219 1.9378 2.0928
3.7423 1.9647 2.0716
3.7628 1.9915 2.0491
3.7832 2.0184 2.0251
3.8037 2.0458 1.9990
3.8241 2.0738 1.9701
3.8446 2.1018 1.9372
3.8650 2.1286 1.8997
3.8855 2.1524 1.8571
3.9059 2.1712 1.8105
3.9264 2.1835 1.7621
3.9468 2.1897 1.7145
3.9673 2.1916 1.6698
3.9877 2.1915 1.6283
4.0082 2.1914 1.5890
4.0286 2.1919 1.5501
4.0491 2.1927 1.5104
4.0695 2.1930 1.4690
4.0900 2.1922 1.4259
4.1104 2.1900 1.3806
4.1309 2.1859 1.3327
4.1513 2.1789 1.2810
4.1718 2.1666 1.2252
4.1922 2.1464 1.1664
4.2127 2.1159 1.1074
4.2331 2.0749 1.0520
4.2536 2.0249 1.0038
4.2740 1.9689 0.9650
4.2945 1.9101 0.9360
4.3149 1.8507 0.9160
4.3354 1.7923 0.9042
4.3558 1.7361 0.8997
4.3763 1.6829 0.9014
4.3967 1.6334 0.9081
4.4172 1.5877 0.9188
4.4376 1.5456 0.9324
4.4581 1.5067 0.9484
4.4785 1.4704 0.9666
4.4990 1.4366 0.9873
4.5194 1.4056 1.0106
4.5399 1.3780 1.0363
4.5603 1.3541 1.0638
4.5808 1.3337 1.0923
4.6012 1.3160 1.1218
4.6217 1.3008 1.1527
4.6421 1.2884 1.1858
4.6626 1.2801 1.2214
4.6830 1.2771 1.2589
4.7035 1.2802 1.2973
4.7239 1.2897 1.3352
4.7444 1.3058 1.3716
4.7648 1.3285 1.4054
4.7853 1.3579 1.4349
4.8057 1.3933 1.4579
4.8262 1.4329 1.4725
4.8466 1.4737 1.4775
4.8671 1.5124 1.4733
4.8875 1.5463 1.4619
4.9080 1.5742 1.4460
4.9284 1.5962 1.4282
4.9489 1.6133 1.4103
4.9693 1.6266 1.3931
4.9898 1.6373 1.3772
5.0102 1.6461 1.3623
5.0307 1.6533 1.3486
5.0511 1.6594 1.3359
5.0716 1.6645 1.3245
5.0920 1.6691 1.3143
5.1125 1.6734 1.3055
5.1329 1.6780 1.2977
5.1534 1.6830 1.2909
5.1738 1.6887 1.2846
5.1943 1.6949 1.2786
5.2147 1.7014 1.2730
5.2352 1.7084 1.2680
5.2556 1.7161 1.2635
5.2761 1.7249 1.2597
5.2965 1.7350 1.2562
5.3170 1.7466 1.2526
5.3374 1.7598 1.2486
5.3579 1.7744 1.2440
5.3783 1.7902 1.2387
5.3988 1.8072 1.2327
5.4192 1.8256 1.2260
5.4397 1.8458 1.2186
5.4601 1.8681 1.2100
5.4806 1.8927 1.1994
5.5010 1.9194 1.1863
5.5215 1.9481 1.1698
5.5419 1.9781 1.1493
5.5624 2.0085 1.1241
5.5828 2.0385 1.0942
5.6033 2.0670 1.0596
5.6237 2.0932 1.0206
5.6442 2.1164 0.9776
5.6646 2.1360 0.9311
5.6851 2.1513 0.8818
5.7055 2.1622 0.8307
5.7260 2.1685 0.7783
5.7464 2.1702 0.7254
5.7669 2.1673 0.6729
5.7873 2.1603 0.6217
5.8078 2.1505 0.5726
5.8282 2.1389 0.5250
5.8487 2.1262 0.4780
5.8691 2.1116 0.4304
5.8896 2.0938 0.3823
5.9100 2.0722 0.3349
5.9305 2.0471 0.2894
5.9509 2.0194 0.2466
5.9714 1.9905 0.2059
5.9918 1.9606 0.1665
6.0123 1.9292 0.1273
6.0327 1.8948 0.0884
6.0532 1.8565 0.0507
6.0736 1.8142 0.0160
6.0941 1.7687 -0.0144
6.1145 1.7214 -0.0400
6.1350 1.6734 -0.0607
6.1554 1.6258 -0.0769
6.1759 1.5791 -0.0893
6.1963 1.5337 -0.0981
6.2168 1.4899 -0.1040
6.2372 1.4477 -0.1074
6.2577 1.4073 -0.1086
6.2781 1.3687 -0.1079
6.2986 1.3320 -0.1054
6.3190 1.2973 -0.1014
6.3395 1.2650 -0.0965
6.3599 1.2347 -0.0914
6.3804 1.2061 -0.0864
6.4008 1.1784 -0.0817
6.4213 1.1511 -0.0770
6.4417 1.1242 -0.0717
6.4622 1.0980 -0.0656
6.4826 1.0729 -0.0586
6.5031 1.0491 -0.0511
6.5235 1.0265 -0.0435
6.5440 1.0048 -0.0360
6.5644 0.9840 -0.0285
6.5849 0.9639 -0.0208
6.6053 0.9447 -0.0130
6.6258 0.9265 -0.0056
6.6462 0.9090 0.0013
6.6667 0.8915 0.0076
6.6871 0.8737 0.0137
6.7076 0.8555 0.0204
6.7280 0.8374 0.0282
6.7485 0.8203 0.0371
6.7689 0.8047 0.0464
6.7894 0.7907 0.0554
6.8098 0.7777 0.0633
6.8303 0.7649 0.0702
6.8507 0.7516 0.0765
6.8712 0.7377 0.0828
6.8916 0.7236 0.0897
6.9121 0.7100 0.0974
6.9325 0.6972 0.1055
6.9530 0.6852 0.1135
6.9734 0.6738 0.1209
6.9939 0.6623 0.1280
7.0143 0.6507 0.1350
7.0348 0.6392 0.1426
7.0552 0.6282 0.1507
7.0757 0.6183 0.1589
7.0961 0.6094 0.1666
7.1166 0.6009 0.1733
7.1370 0.5921 0.1790
7.1575 0.5826 0.1843
7.1779 0.5722 0.1899
7.1984 0.5614 0.1965
7.2188 0.5511 0.2042
7.2393 0.5418 0.2127
7.2597 0.5340 0.2211
7.2802 0.5273 0.2288
7.3006 0.5212 0.2352
7.3211 0.5147 0.2404
7.3415 0.5072 0.2450
7.3620 0.4987 0.2498
7.3824 0.4897 0.2554
7.4029 0.4809 0.2621
7.4233 0.4728 0.2695
7.4438 0.4657 0.2770
7.4642 0.4596 0.2842
7.4847 0.4539 0.2905
7.5051 0.4482 0.2961
7.5256 0.4419 0.3013
7.5460 0.4352 0.3066
7.5665 0.4283 0.3124
7.5869 0.4218 0.3186
7.6074 0.4157 0.3250
7.6278 0.4102 0.3311
7.6483 0.4050 0.3368
7.6687 0.3996 0.3420
7.6892 0.3938 0.3471
7.7096 0.3877 0.3523
7.7301 0.3815 0.3580
7.7505 0.3755 0.3643
7.7710 0.3702 0.3710
7.7914 0.3657 0.3775
7.8119 0.3620 0.3835
7.8323 0.3584 0.3886
7.8528 0.3545 0.3929
7.8732 0.3498 0.3968
7.8937 0.3443 0.4009
7.9141 0.3384 0.4057
7.9346 0.3325 0.4115
7.9550 0.3272 0.4179
7.9755 0.3229 0.4247
7.9959 0.3195 0.4312
8.0164 0.3169 0.4369
8.0368 0.3144 0.4417
8.0573 0.3115 0.4457
8.0777 0.3079 0.4493
8.0982 0.3034 0.4530
8.1186 0.2984 0.4575
8.1391 0.2935 0.4627
8.1595 0.2892 0.4687
8.1800 0.2858 0.4748
8.2004 0.2831 0.4806
8.2209 0.2809 0.4858
8.2413 0.2788 0.4903
8.2618 0.2765 0.4942
8.2822 0.2737 0.4980
8.3027 0.2704 0.5018
8.3231 0.2670 0.5059
8.3436 0.2636 0.5104
8.3640 0.2606 0.5151
8.3845 0.2581 0.5198
8.4049 0.2558 0.5242
8.4254 0.2536 0.5282
8.4458 0.2513 0.5319
8.4663 0.2487 0.5354
8.4867 0.2459 0.5390
8.5072 0.2430 0.5427
8.5276 0.2402 0.5467
8.5481 0.2376 0.5508
8.5685 0.2353 0.5548
8.5890 0.2332 0.5584
8.6094 0.2310 0.5618
8.6299 0.2285 0.5649
8.6503 0.2258 0.5681
8.6708 0.2227 0.5714
8.6912 0.2196 0.5751
8.7117 0.2166 0.5792
8.7321 0.2141 0.5835
8.7526 0.2119 0.5878
8.7730 0.2102 0.5919
8.7935 0.2087 0.5954
8.8139 0.2072 0.5985
8.8344 0.2052 0.6012
8.8548 0.2027 0.6038
8.8753 0.1999 0.6067
8.8957 0.1968 0.6101
8.9162 0.1940 0.6140
8.9366 0.1915 0.6181
8.9571 0.1895 0.6223
8.9775 0.1879 0.6262
8.9980 0.1866 0.6298
9.0184 0.1853 0.6329
9.0389 0.1838 0.6356
9.0593 0.1818 0.6382
9.0798 0.1795 0.6408
9.1002 0.1770 0.6437
9.1207 0.1745 0.6470
9.1411 0.1721 0.6506
9.1616 0.1701 0.6542
9.1820 0.1683 0.6577
9.2025 0.1667 0.6611
9.2229 0.1651 0.6642
9.2434 0.1634 0.6671
9.2638 0.1615 0.6700
9.2843 0.1594 0.6729
9.3047 0.1573 0.6760
9.3252 0.1552 0.6792
9.3456 0.1532 0.6826
9.3661 0.1514 0.6860
9.3865 0.1497 0.6894
9.4069 0.1481 0.6927
9.4274 0.1465 0.6959
9.4478 0.1450 0.6990
9.4683 0.1434 0.7022
9.4887 0.1418 0.7053
9.5092 0.1404 0.7085
9.5296 0.1391 0.7115
9.5501 0.1377 0.7144
9.5705 0.1363 0.7171
9.5910 0.1347 0.7197
9.6114 0.1329 0.7224
9.6319 0.1311 0.7253
9.6523 0.1292 0.7284
9.6728 0.1275 0.7317
9.6932 0.1260 0.7350
9.7137 0.1248 0.7382
9.7341 0.1237 0.7411
9.7546 0.1227 0.7438
9.7750 0.1214 0.7462
9.7955 0.1198 0.7484
9.8159 0.1179 0.7507
9.8364 0.1157 0.7531
9.8568 0.1133 0.7560
9.8773 0.1109 0.7592
9.8977 0.1087 0.7626
9.9182 0.1068 0.7662
9.9386 0.1050 0.7699
9.9591 0.1035 0.7735
9.9795 0.1020 0.7771
10.0000 0.1006 0.7806
10.0204 0.0992 0.7841
10.0409 0.0978 0.7877
10.0613 0.0965 0.7913
10.0818 0.0954 0.7949
10.1022 0.0943 0.7985
10.1227 0.0933 0.8020
10.1431 0.0924 0.8055
10.1636 0.0915 0.8089
10.1840 0.0905 0.8123
10.2045 0.0896 0.8156
10.2249 0.0886 0.8190
10.2454 0.0878 0.8224
10.2658 0.0869 0.8258
10.2863 0.0861 0.8291
10.3067 0.0852 0.8324
10.3272 0.0843 0.8358
10.3476 0.0833 0.8392
10.3681 0.0824 0.8427
10.3885 0.0815 0.8464
10.4090 0.0807 0.8501
10.4294 0.0801 0.8538
10.4499 0.0797 0.8576
10.4703 0.0793 0.8613
10.4908 0.0791 0.8650
10.5112 0.0789 0.8686
10.5317 0.0787 0.8721
10.5521 0.0786 0.8755
10.5726 0.0784 0.8790
10.5930 0.0782 0.8824
10.6135 0.0780 0.8860
10.6339 0.0779 0.8896
10.6544 0.0780 0.8932
10.6748 0.0781 0.8969
10.6953 0.0785 0.9006
10.7157 0.0790 0.9043
10.7362 0.0797 0.9077
10.7566 0.0804 0.9111
10.7771 0.0813 0.9142
10.7975 0.0821 0.9173
10.8180 0.0829 0.9201
10.8384 0.0836 0.9230
10.8589 0.0843 0.9257
10.8793 0.0849 0.9285
10.8998 0.0856 0.9314
10.9202 0.0864 0.9342
10.9407 0.0873 0.9371
10.9611 0.0884 0.9399
10.9816 0.0898 0.9425
11.0020 0.0912 0.9447
11.0225 0.0928 0.9466
11.0429 0.0942 0.9480
11.0634 0.0953 0.9490
11.0838 0.0960 0.9496
11.1043 0.0961 0.9502
11.1247 0.0955 0.9507
11.1452 0.0945 0.9517
11.1656 0.0930 0.9530
11.1861 0.0914 0.9550
11.2065 0.0898 0.9574
11.2270 0.0884 0.9602
11.2474 0.0872 0.9633
11.2679 0.0863 0.9667
11.2883 0.0855 0.9701
11.3088 0.0850 0.9736
11.3292 0.0846 0.9772
11.3497 0.0844 0.9809
11.3701 0.0844 0.9845
11.3906 0.0845 0.9882
11.4110 0.0848 0.9918
11.4315 0.0852 0.9955
11.4519 0.0858 0.9990
11.4724 0.0865 1.0026
11.4928 0.0873 1.0060
11.5133 0.0881 1.0094
11.5337 0.0891 1.0127
11.5542 0.0900 1.0160
11.5746 0.0910 1.0191
11.5951 0.0920 1.0223
11.6155 0.0930 1.0254
11.6360 0.0940 1.0286
11.6564 0.0951 1.0317
11.6769 0.0962 1.0349
11.6973 0.0974 1.0381
11.7178 0.0988 1.0412
11.7382 0.1002 1.0443
11.7587 0.1017 1.0473
11.7791 0.1033 1.0502
11.7996 0.1049 1.0531
11.8200 0.1066 1.0558
11.8405 0.1082 1.0583
11.8609 0.1098 1.0608
11.8814 0.1114 1.0632
11.9018 0.1127 1.0655
11.9223 0.1139 1.0678
11.9427 0.1150 1.0702
11.9632 0.1160 1.0728
11.9836 0.1169 1.0756
12.0041 0.1179 1.0786
12.0245 0.1191 1.0819
12.0450 0.1205 1.0854
12.0654 0.1222 1.0889
12.0859 0.1243 1.0923
12.1063 0.1266 1.0957
12.1268 0.1291 1.0989
12.1472 0.1317 1.1018
12.1677 0.1345 1.1046
12.1881 0.1373 1.1072
12.2086 0.1402 1.1096
12.2290 0.1431 1.1119
12.2495 0.1459 1.1141
12.2699 0.1488 1.1161
12.2904 0.1517 1.1180
12.3108 0.1546 1.1198
12.3313 0.1576 1.1215
12.3517 0.1605 1.1230
12.3722 0.1634 1.1243
12.3926 0.1663 1.1256
12.4131 0.1691 1.1266
12.4335 0.1718 1.1276
12.4540 0.1745 1.1284
12.4744 0.1771 1.1290
12.4949 0.1797 1.1295
12.5153 0.1820 1.1297
12.5358 0.1841 1.1298
12.5562 0.1859 1.1298
12.5767 0.1873 1.1298
12.5971 0.1883 1.1298
12.6176 0.1891 1.1301
12.6380 0.1896 1.1306
12.6585 0.1899 1.1314
12.6789 0.1901 1.1325
12.6994 0.1903 1.1338
12.7198 0.1905 1.1355
12.7403 0.1907 1.1375
12.7607 0.1910 1.1397
12.7812 0.1915 1.1422
12.8016 0.1922 1.1449
12.8221 0.1931 1.1478
12.8425 0.1942 1.1507
12.8630 0.1955 1.1537
12.8834 0.1970 1.1568
12.9039 0.1986 1.1599
12.9243 0.2005 1.1631
12.9448 0.2026 1.1662
12.9652 0.2048 1.1693
12.9857 0.2072 1.1723
13.0061 0.2097 1.1754
13.0266 0.2124 1.1784
13.0470 0.2152 1.1814
13.0675 0.2181 1.1843
13.0879 0.2212 1.1872
13.1084 0.2245 1.1900
13.1288 0.2279 1.1928
13.1493 0.2314 1.1954
13.1697 0.2350 1.1979
13.1902 0.2387 1.2004
13.2106 0.2425 1.2027
13.2311 0.2463 1.2049
13.2515 0.2502 1.2071
13.2720 0.2542 1.2092
13.2924 0.2582 1.2112
13.3129 0.2624 1.2132
13.3333 0.2666 1.2151
13.3538 0.2710 1.2169
13.3742 0.2754 1.2186
13.3947 0.2800 1.2202
13.4151 0.2847 1.2217
13.4356 0.2896 1.2230
13.4560 0.2945 1.2240
13.4765 0.2994 1.2249
13.4969 0.3043 1.2255
13.5174 0.3092 1.2260
13.5378 0.3141 1.2263
13.5583 0.3189 1.2264
13.5787 0.3237 1.2264
13.5992 0.3284 1.2262
13.6196 0.3330 1.2259
13.6401 0.3375 1.2256
13.6605 0.3419 1.2251
13.6810 0.3462 1.2246
13.7014 0.3505 1.2240
13.7219 0.3547 1.2234
13.7423 0.3588 1.2227
13.7628 0.3629 1.2220
13.7832 0.3670 1.2212
13.8037 0.3710 1.2204
13.8241 0.3750 1.2195
13.8446 0.3790 1.2185
13.8650 0.3828 1.2175
13.8855 0.3865 1.2164
13.9059 0.3901 1.2153
13.9264 0.3936 1.2143
13.9468 0.3970 1.2133
13.9673 0.4004 1.2124
13.9877 0.4037 1.2116
14.0082 0.4071 1.2108
14.0286 0.4106 1.2101
14.0491 0.4142 1.2094
14.0695 0.4178 1.2086
14.0900 0.4215 1.2078
14.1104 0.4252 1.2069
14.1309 0.4289 1.2059
14.1513 0.4325 1.2049
14.1718 0.4361 1.2038
14.1922 0.4397 1.2027
14.2127 0.4433 1.2017
14.2331 0.4469 1.2006
14.2536 0.4504 1.1995
14.2740 0.4541 1.1984
14.2945 0.4577 1.1973
14.3149 0.4614 1.1961
14.3354 0.4650 1.1948
14.3558 0.4687 1.1935
14.3763 0.4723 1.1922
14.3967 0.4759 1.1908
14.4172 0.4794 1.1894
14.4376 0.4830 1.1880
14.4581 0.4864 1.1865
14.4785 0.4898 1.1851
14.4990 0.4932 1.1837
14.5194 0.4965 1.1824
14.5399 0.4998 1.1811
14.5603 0.5031 1.1799
14.5808 0.5063 1.1787
14.6012 0.5097 1.1777
14.6217 0.5130 1.1768
14.6421 0.5164 1.1759
14.6626 0.5198 1.1753
14.6830 0.5234 1.1748
14.7035 0.5273 1.1744
14.7239 0.5314 1.1741
14.7444 0.5357 1.1737
14.7648 0.5404 1.1733
14.7853 0.5452 1.1728
14.8057 0.5502 1.1722
14.8262 0.5554 1.1715
14.8466 0.5607 1.1707
14.8671 0.5662 1.1698
14.8875 0.5718 1.1688
14.9080 0.5775 1.1678
14.9284 0.5834 1.1667
14.9489 0.5896 1.1657
14.9693 0.5960 1.1645
14.9898 0.6027 1.1634
15.0102 0.6098 1.1621
15.0307 0.6173 1.1606
15.0511 0.6253 1.1589
15.0716 0.6336 1.1568
15.0920 0.6424 1.1543
15.1125 0.6516 1.1512
15.1329 0.6610 1.1477
15.1534 0.6708 1.1435
15.1738 0.6808 1.1387
15.1943 0.6911 1.1331
15.2147 0.7016 1.1267
15.2352 0.7121 1.1194
15.2556 0.7226 1.1109
15.2761 0.7328 1.1013
15.2965 0.7423 1.0907
15.3170 0.7511 1.0792
15.3374 0.7591 1.0671
15.3579 0.7662 1.0545
15.3783 0.7724 1.0415
15.3988 0.7779 1.0282
15.4192 0.7827 1.0147
15.4397 0.7867 1.0010
15.4601 0.7900 0.9872
15.4806 0.7926 0.9732
15.5010 0.7944 0.9591
15.5215 0.7955 0.9450
15.5419 0.7958 0.9309
15.5624 0.7953 0.9169
15.5828 0.7941 0.9031
15.6033 0.7921 0.8895
15.6237 0.7893 0.8763
15.6442 0.7859 0.8635
15.6646 0.7820 0.8512
15.6851 0.7776 0.8395
15.7055 0.7728 0.8283
15.7260 0.7678 0.8177
15.7464 0.7626 0.8074
15.7669 0.7572 0.7976
15.7873 0.7516 0.7881
15.8078 0.7458 0.7789
15.8282 0.7397 0.7702
15.8487 0.7334 0.7620
15.8691 0.7270 0.7542
15.8896 0.7206 0.7470
15.9100 0.7142 0.7402
15.9305 0.7079 0.7337
15.9509 0.7017 0.7275
15.9714 0.6955 0.7216
15.9918 0.6894 0.7160
16.0123 0.6834 0.7106
16.0327 0.6773 0.7055
16.0532 0.6714 0.7007
16.0736 0.6657 0.6961
16.0941 0.6600 0.6916
16.1145 0.6545 0.6873
16.1350 0.6491 0.6831
16.1554 0.6437 0.6789
16.1759 0.6384 0.6749
16.1963 0.6330 0.6709
16.2168 0.6277 0.6671
16.2372 0.6225 0.6635
16.2577 0.6173 0.6599
16.2781 0.6122 0.6564
16.2986 0.6072 0.6530
16.3190 0.6022 0.6496
16.3395 0.5972 0.6462
16.3599 0.5921 0.6429
16.3804 0.5870 0.6397
16.4008 0.5818 0.6366
16.4213 0.5765 0.6337
16.4417 0.5714 0.6310
16.4622 0.5662 0.6285
16.4826 0.5612 0.6261
16.5031 0.5563 0.6238
16.5235 0.5515 0.6216
16.5440 0.5468 0.6195
16.5644 0.5422 0.6174
16.5849 0.5377 0.6153
16.6053 0.5333 0.6132
16.6258 0.5288 0.6111
16.6462 0.5244 0.6090
16.6667 0.5200 0.6069
16.6871 0.5156 0.6048
16.7076 0.5112 0.6028
16.7280 0.5067 0.6008
16.7485 0.5022 0.5989
16.7689 0.4977 0.5970
16.7894 0.4932 0.5953
16.8098 0.4888 0.5935
16.8303 0.4844 0.5919
16.8507 0.4799 0.5902
16.8712 0.4755 0.5885
16.8916 0.4711 0.5869
16.9121 0.4666 0.5854
16.9325 0.4620 0.5840
16.9530 0.4575 0.5826
16.9734 0.4530 0.5814
16.9939 0.4484 0.5802
17.0143 0.4440 0.5792
17.0348 0.4396 0.5783
17.0552 0.4352 0.5774
17.0757 0.4310 0.5765
17.0961 0.4267 0.5757
17.1166 0.4225 0.5749
17.1370 0.4184 0.5741
17.1575 0.4142 0.5733
17.1779 0.4100 0.5726
17.1984 0.4059 0.5719
17.2188 0.4017 0.5712
17.2393 0.3975 0.5706
17.2597 0.3934 0.5701
17.2802 0.3892 0.5696
17.3006 0.3850 0.5692
17.3211 0.3809 0.5689
17.3415 0.3768 0.5686
17.3620 0.3727 0.5684
17.3824 0.3687 0.5683
17.4029 0.3647 0.5683
17.4233 0.3607 0.5683
17.4438 0.3569 0.5683
17.4642 0.3530 0.5684
17.4847 0.3493 0.5686
17.5051 0.3455 0.5687
17.5256 0.3419 0.5689
17.5460 0.3382 0.5691
17.5665 0.3347 0.5694
17.5869 0.3311 0.5696
17.6074 0.3276 0.5698
17.6278 0.3241 0.5701
17.6483 0.3207 0.5703
17.6687 0.3172 0.5706
17.6892 0.3137 0.5709
17.7096 0.3102 0.5712
17.7301 0.3067 0.5717
17.7505 0.3033 0.5721
17.7710 0.2999 0.5727
17.7914 0.2965 0.5733
17.8119 0.2933 0.5739
17.8323 0.2900 0.5745
17.8528 0.2868 0.5752
17.8732 0.2837 0.5759
17.8937 0.2805 0.5766
17.9141 0.2774 0.5773
17.9346 0.2744 0.5781
17.9550 0.2714 0.5788
17.9755 0.2685 0.5796
17.9959 0.2656 0.5804
18.0164 0.2628 0.5812
18.0368 0.2600 0.5820
18.0573 0.2572 0.5828
18.0777 0.2545 0.5836
18.0982 0.2517 0.5844
18.1186 0.2490 0.5852
18.1391 0.2464 0.5860
18.1595 0.2437 0.5868
18.1800 0.2411 0.5876
18.2004 0.2385 0.5884
18.2209 0.2358 0.5892
18.2413 0.2332 0.5900
18.2618 0.2306 0.5909
18.2822 0.2280 0.5917
18.3027 0.2255 0.5926
18.3231 0.2229 0.5936
18.3436 0.2205 0.5945
18.3640 0.2180 0.5955
18.3845 0.2156 0.5964
18.4049 0.2132 0.5974
18.4254 0.2108 0.5984
18.4458 0.2084 0.5993
18.4663 0.2060 0.6003
18.4867 0.2037 0.6013
18.5072 0.2014 0.6024
18.5276 0.1991 0.6034
18.5481 0.1969 0.6045
18.5685 0.1947 0.6056
18.5890 0.1925 0.6067
18.6094 0.1904 0.6077
18.6299 0.1883 0.6088
18.6503 0.1862 0.6099
18.6708 0.1841 0.6109
18.6912 0.1820 0.6120
18.7117 0.1800 0.6131
18.7321 0.1780 0.6142
18.7526 0.1760 0.6152
18.7730 0.1740 0.6163
18.7934 0.1721 0.6174
18.8139 0.1701 0.6185
18.8343 0.1682 0.6196
18.8548 0.1664 0.6207
18.8752 0.1645 0.6218
18.8957 0.1626 0.6229
18.9161 0.1608 0.6240
18.9366 0.1590 0.6252
18.9570 0.1571 0.6263
18.9775 0.1553 0.6274
18.9979 0.1536 0.6286
19.0184 0.1519 0.6298
19.0388 0.1502 0.6309
19.0593 0.1485 0.6321
19.0797 0.1469 0.6333
19.1002 0.1452 0.6344
19.1206 0.1436 0.6355
19.1411 0.1420 0.6367
19.1615 0.1405 0.6378
19.1820 0.1389 0.6389
19.2024 0.1374 0.6401
19.2229 0.1359 0.6412
19.2433 0.1344 0.6423
19.2638 0.1329 0.6434
19.2842 0.1314 0.6444
19.3047 0.1300 0.6455
19.3251 0.1285 0.6466
19.3456 0.1270 0.6477
19.3660 0.1256 0.6488
19.3865 0.1241 0.6499
19.4069 0.1227 0.6511
19.4274 0.1213 0.6522
19.4478 0.1199 0.6533
19.4683 0.1186 0.6545
19.4887 0.1173 0.6556
19.5092 0.1160 0.6567
19.5296 0.1147 0.6578
19.5501 0.1134 0.6589
19.5705 0.1121 0.6600
19.5910 0.1109 0.6610
19.6114 0.1096 0.6621
19.6319 0.1083 0.6631
19.6523 0.1070 0.6642
19.6728 0.1058 0.6653
19.6932 0.1045 0.6664
19.7137 0.1032 0.6675
19.7341 0.1020 0.6686
19.7546 0.1008 0.6697
19.7750 0.0996 0.6708
19.7955 0.0984 0.6719
19.8159 0.0973 0.6730
19.8364 0.0962 0.6741
19.8568 0.0951 0.6752
19.8773 0.0940 0.6763
19.8977 0.0929 0.6774
19.9182 0.0918 0.6785
19.9386 0.0907 0.6796
19.9591 0.0896 0.6807
19.9795 0.0886 0.6818
20.0000 0.0875 0.6828
20.0204 0.0865 0.6839
20.0409 0.0855 0.6850
20.0613 0.0845 0.6861
20.0818 0.0835 0.6871
20.1022 0.0825 0.6882
20.1227 0.0815 0.6893
20.1431 0.0805 0.6904
20.1636 0.0795 0.6914
20.1840 0.0786 0.6925
20.2045 0.0777 0.6936
20.2249 0.0767 0.6947
20.2454 0.0758 0.6957
20.2658 0.0749 0.6968
20.2863 0.0741 0.6979
20.3067 0.0732 0.6989
20.3272 0.0724 0.6999
20.3476 0.0715 0.7010
20.3681 0.0707 0.7020
20.3885 0.0698 0.7030
20.4090 0.0690 0.7041
20.4294 0.0681 0.7051
20.4499 0.0673 0.7061
20.4703 0.0665 0.7072
20.4908 0.0657 0.7082
20.5112 0.0650 0.7092
20.5317 0.0642 0.7102
20.5521 0.0634 0.7112
20.5726 0.0627 0.7122
20.5930 0.0619 0.7132
20.6135 0.0612 0.7142
20.6339 0.0605 0.7152
20.6544 0.0598 0.7162
20.6748 0.0590 0.7172
20.6953 0.0583 0.7181
20.7157 0.0576 0.7191
20.7362 0.0569 0.7200
20.7566 0.0562 0.7210
20.7771 0.0555 0.7220
20.7975 0.0548 0.7229
20.8180 0.0541 0.7239
20.8384 0.0534 0.7249
20.8589 0.0527 0.7259
20.8793 0.0520 0.7268
20.8998 0.0513 0.7278
20.9202 0.0507 0.7288
20.9407 0.0501 0.7298
20.9611 0.0495 0.7308
20.9816 0.0489 0.7318
21.0020 0.0483 0.7327
21.0225 0.0477 0.7337
21.0429 0.0471 0.7346
21.0634 0.0465 0.7356
21.0838 0.0459 0.7366
21.1043 0.0454 0.7375
21.1247 0.0448 0.7384
21.1452 0.0443 0.7394
21.1656 0.0438 0.7403
21.1861 0.0432 0.7412
21.2065 0.0427 0.7422
21.2270 0.0422 0.7431
21.2474 0.0417 0.7440
21.2679 0.0412 0.7449
21.2883 0.0407 0.7458
21.3088 0.0402 0.7467
21.3292 0.0398 0.7476
21.3497 0.0393 0.7484
21.3701 0.0388 0.7493
21.3906 0.0383 0.7502
21.4110 0.0378 0.7511
21.4315 0.0374 0.7520
21.4519 0.0369 0.7528
21.4724 0.0365 0.7537
21.4928 0.0360 0.7546
21.5133 0.0356 0.7554
21.5337 0.0352 0.7563
21.5542 0.0347 0.7571
21.5746 0.0343 0.7580
21.5951 0.0339 0.7588
21.6155 0.0335 0.7597
21.6360 0.0331 0.7605
21.6564 0.0327 0.7614
21.6769 0.0322 0.7622
21.6973 0.0318 0.7630
21.7178 0.0315 0.7639
21.7382 0.0311 0.7647
21.7587 0.0307 0.7655
21.7791 0.0303 0.7663
21.7996 0.0299 0.7672
21.8200 0.0296 0.7680
21.8405 0.0292 0.7688
21.8609 0.0289 0.7696
21.8814 0.0285 0.7704
21.9018 0.0282 0.7712
21.9223 0.0279 0.7720
21.9427 0.0275 0.7728
21.9632 0.0272 0.7736
21.9836 0.0269 0.7743
22.0041 0.0265 0.7751
22.0245 0.0262 0.7759
22.0450 0.0259 0.7766
22.0654 0.0256 0.7774
22.0859 0.0253 0.7782
22.1063 0.0249 0.7789
22.1268 0.0246 0.7797
22.1472 0.0243 0.7805
22.1677 0.0240 0.7812
22.1881 0.0237 0.7820
22.2086 0.0235 0.7828
22.2290 0.0232 0.7835
22.2495 0.0229 0.7842
22.2699 0.0226 0.7850
22.2904 0.0224 0.7857
22.3108 0.0221 0.7864
22.3313 0.0218 0.7872
22.3517 0.0216 0.7879
22.3722 0.0213 0.7886
22.3926 0.0210 0.7893
22.4131 0.0208 0.7900
22.4335 0.0205 0.7908
22.4540 0.0203 0.7915
22.4744 0.0200 0.7922
22.4949 0.0198 0.7929
22.5153 0.0195 0.7936
22.5358 0.0193 0.7943
22.5562 0.0191 0.7950
22.5767 0.0188 0.7957
22.5971 0.0186 0.7964
22.6176 0.0184 0.7971
22.6380 0.0182 0.7978
22.6585 0.0180 0.7985
22.6789 0.0178 0.7992
22.6994 0.0176 0.7999
22.7198 0.0174 0.8006
22.7403 0.0172 0.8013
22.7607 0.0170 0.8020
22.7812 0.0168 0.8026
22.8016 0.0166 0.8033
22.8221 0.0164 0.8040
22.8425 0.0162 0.8047
22.8630 0.0160 0.8054
22.8834 0.0159 0.8060
22.9039 0.0157 0.8067
22.9243 0.0156 0.8074
22.9448 0.0154 0.8080
22.9652 0.0153 0.8087
22.9857 0.0151 0.8094
23.0061 0.0150 0.8100
23.0266 0.0149 0.8106
23.0470 0.0148 0.8113
23.0675 0.0146 0.8119
23.0879 0.0145 0.8125
23.1084 0.0144 0.8132
23.1288 0.0143 0.8138
23.1493 0.0142 0.8144
23.1697 0.0141 0.8150
23.1902 0.0140 0.8156
23.2106 0.0139 0.8162
23.2311 0.0138 0.8168
23.2515 0.0138 0.8174
23.2720 0.0137 0.8180
23.2924 0.0136 0.8185
23.3129 0.0135 0.8191
23.3333 0.0134 0.8197
23.3538 0.0134 0.8202
23.3742 0.0133 0.8207
23.3947 0.0132 0.8213
23.4151 0.0131 0.8218
23.4356 0.0130 0.8223
23.4560 0.0129 0.8229
23.4765 0.0128 0.8234
23.4969 0.0127 0.8239
23.5174 0.0126 0.8244
23.5378 0.0125 0.8249
23.5583 0.0125 0.8255
23.5787 0.0124 0.8260
23.5992 0.0123 0.8265
23.6196 0.0122 0.8270
23.6401 0.0121 0.8275
23.6605 0.0120 0.8280
23.6810 0.0119 0.8285
23.7014 0.0118 0.8290
23.7219 0.0117 0.8294
23.7423 0.0116 0.8300
23.7628 0.0115 0.8305
23.7832 0.0114 0.8310
23.8037 0.0113 0.8315
23.8241 0.0112 0.8320
23.8446 0.0111 0.8325
23.8650 0.0111 0.8330
23.8855 0.0110 0.8335
23.9059 0.0110 0.8340
23.9264 0.0109 0.8345
23.9468 0.0109 0.8350
23.9673 0.0108 0.8354
23.9877 0.0108 0.8359
24.0082 0.0107 0.8363
24.0286 0.0106 0.8367
24.0491 0.0106 0.8372
24.0695 0.0105 0.8376
24.0900 0.0104 0.8381
24.1104 0.0103 0.8385
24.1309 0.0102 0.8390
24.1513 0.0101 0.8395
24.1718 0.0100 0.8400
24.1922 0.0100 0.8404
24.2127 0.0099 0.8409
24.2331 0.0098 0.8414
24.2536 0.0098 0.8419
24.2740 0.0098 0.8423
24.2945 0.0097 0.8428
24.3149 0.0097 0.8432
24.3354 0.0096 0.8437
24.3558 0.0096 0.8441
24.3763 0.0096 0.8445
24.3967 0.0095 0.8450
24.4172 0.0095 0.8454
24.4376 0.0095 0.8458
24.4581 0.0094 0.8463
24.4785 0.0094 0.8467
24.4990 0.0094 0.8471
24.5194 0.0093 0.8475
24.5399 0.0093 0.8480
24.5603 0.0093 0.8484
24.5808 0.0093 0.8488
24.6012 0.0092 0.8492
24.6217 0.0092 0.8496
24.6421 0.0092 0.8500
24.6626 0.0092 0.8504
24.6830 0.0092 0.8508
24.7035 0.0092 0.8511
24.7239 0.0091 0.8515
24.7444 0.0091 0.8519
24.7648 0.0091 0.8523
24.7853 0.0091 0.8527
24.8057 0.0091 0.8531
24.8262 0.0091 0.8534
24.8466 0.0091 0.8538
24.8671 0.0090 0.8542
24.8875 0.0090 0.8545
24.9080 0.0090 0.8549
24.9284 0.0090 0.8553
24.9489 0.0090 0.8556
24.9693 0.0090 0.8560
24.9898 0.0090 0.8563
25.0102 0.0090 0.8567
25.0307 0.0090 0.8570
25.0511 0.0090 0.8574
25.0716 0.0090 0.8577
25.0920 0.0090 0.8581
25.1125 0.0090 0.8584
25.1329 0.0090 0.8587
25.1534 0.0090 0.8590
25.1738 0.0090 0.8593
25.1943 0.0090 0.8596
25.2147 0.0090 0.8599
25.2352 0.0090 0.8602
25.2556 0.0090 0.8605
25.2761 0.0090 0.8608
25.2965 0.0090 0.8611
25.3170 0.0090 0.8614
25.3374 0.0090 0.8616
25.3579 0.0090 0.8619
25.3783 0.0090 0.8622
25.3988 0.0090 0.8625
25.4192 0.0089 0.8627
25.4397 0.0089 0.8630
25.4601 0.0089 0.8632
25.4806 0.0088 0.8635
25.5010 0.0088 0.8637
25.5215 0.0087 0.8640
25.5419 0.0087 0.8642
25.5624 0.0086 0.8645
25.5828 0.0085 0.8647
25.6033 0.0085 0.8650
25.6237 0.0084 0.8653
25.6442 0.0083 0.8655
25.6646 0.0083 0.8658
25.6851 0.0082 0.8660
25.7055 0.0081 0.8663
25.7260 0.0081 0.8666
25.7464 0.0080 0.8668
25.7669 0.0079 0.8671
25.7873 0.0078 0.8674
25.8078 0.0077 0.8676
25.8282 0.0076 0.8679
25.8487 0.0075 0.8682
25.8691 0.0075 0.8685
25.8896 0.0074 0.8688
25.9100 0.0073 0.8691
25.9305 0.0072 0.8694
25.9509 0.0071 0.8697
25.9714 0.0070 0.8699
25.9918 0.0070 0.8702
26.0123 0.0069 0.8705
26.0327 0.0068 0.8709
26.0532 0.0067 0.8712
26.0736 0.0067 0.8715
26.0941 0.0066 0.8718
26.1145 0.0065 0.8721
26.1350 0.0065 0.8724
26.1554 0.0064 0.8727
26.1759 0.0064 0.8730
26.1963 0.0063 0.8733
26.2168 0.0063 0.8736
26.2372 0.0062 0.8739
26.2577 0.0062 0.8742
26.2781 0.0062 0.8745
26.2986 0.0061 0.8748
26.3190 0.0061 0.8751
26.3395 0.0061 0.8754
26.3599 0.0061 0.8757
26.3804 0.0061 0.8760
26.4008 0.0060 0.8763
26.4213 0.0060 0.8766
26.4417 0.0060 0.8768
26.4622 0.0060 0.8771
26.4826 0.0060 0.8774
26.5031 0.0060 0.8776
26.5235 0.0060 0.8779
26.5440 0.0060 0.8781
26.5644 0.0060 0.8784
26.5849 0.0059 0.8786
26.6053 0.0059 0.8789
26.6258 0.0059 0.8791
26.6462 0.0058 0.8794
26.6667 0.0058 0.8796
26.6871 0.0058 0.8798
26.7076 0.0058 0.8801
26.7280 0.0057 0.8803
26.7485 0.0057 0.8806
26.7689 0.0056 0.8808
26.7894 0.0056 0.8811
26.8098 0.0056 0.8813
26.8303 0.0056 0.8816
26.8507 0.0055 0.8818
26.8712 0.0055 0.8820
26.8916 0.0055 0.8823
26.9121 0.0054 0.8825
26.9325 0.0054 0.8827
26.9530 0.0054 0.8830
26.9734 0.0053 0.8832
26.9939 0.0053 0.8834
27.0143 0.0053 0.8837
27.0348 0.0052 0.8839
27.0552 0.0052 0.8841
27.0757 0.0051 0.8844
27.0961 0.0051 0.8846
27.1166 0.0051 0.8848
27.1370 0.0050 0.8851
27.1575 0.0050 0.8853
27.1779 0.0049 0.8855
27.1984 0.0049 0.8858
27.2188 0.0049 0.8860
27.2393 0.0048 0.8862
27.2597 0.0048 0.8865
27.2802 0.0048 0.8867
27.3006 0.0047 0.8870
27.3211 0.0047 0.8872
27.3415 0.0047 0.8874
27.3620 0.0046 0.8877
27.3824 0.0046 0.8879
27.4029 0.0046 0.8881
27.4233 0.0045 0.8884
27.4438 0.0045 0.8886
27.4642 0.0045 0.8888
27.4847 0.0045 0.8891
27.5051 0.0044 0.8893
27.5256 0.0044 0.8895
27.5460 0.0044 0.8898
27.5665 0.0044 0.8900
27.5869 0.0044 0.8902
27.6074 0.0043 0.8904
27.6278 0.0043 0.8907
27.6483 0.0043 0.8909
27.6687 0.0043 0.8911
27.6892 0.0043 0.8913
27.7096 0.0042 0.8915
27.7301 0.0042 0.8918
27.7505 0.0042 0.8920
27.7710 0.0042 0.8922
27.7914 0.0042 0.8924
27.8119 0.0042 0.8926
27.8323 0.0041 0.8928
27.8528 0.0041 0.8930
27.8732 0.0041 0.8932
27.8937 0.0041 0.8934
27.9141 0.0041 0.8936
27.9346 0.0040 0.8938
27.9550 0.0040 0.8941
27.9755 0.0040 0.8943
27.9959 0.0040 0.8945
28.0164 0.0040 0.8947
28.0368 0.0039 0.8949
28.0573 0.0039 0.8951
28.0777 0.0039 0.8953
28.0982 0.0039 0.8955
28.1186 0.0039 0.8957
28.1391 0.0038 0.8959
28.1595 0.0038 0.8961
28.1799 0.0038 0.8963
28.2004 0.0038 0.8965
28.2208 0.0038 0.8967
28.2413 0.0037 0.8969
28.2617 0.0037 0.8971
28.2822 0.0037 0.8973
28.3026 0.0037 0.8975
28.3231 0.0037 0.8977
28.3435 0.0037 0.8979
28.3640 0.0037 0.8981
28.3844 0.0037 0.8983
28.4049 0.0036 0.8984
28.4253 0.0036 0.8986
28.4458 0.0036 0.8988
28.4662 0.0036 0.8990
28.4867 0.0036 0.8992
28.5071 0.0036 0.8994
28.5276 0.0036 0.8996
28.5480 0.0036 0.8997
28.5685 0.0036 0.8999
28.5889 0.0036 0.9001
28.6094 0.0035 0.9003
28.6298 0.0035 0.9004
28.6503 0.0035 0.9006
28.6707 0.0035 0.9008
28.6912 0.0035 0.9010
28.7116 0.0035 0.9011
28.7321 0.0035 0.9013
28.7525 0.0034 0.9015
28.7730 0.0034 0.9016
28.7934 0.0034 0.9018
28.8139 0.0034 0.9020
28.8343 0.0034 0.9021
28.8548 0.0033 0.9023
28.8752 0.0033 0.9025
28.8957 0.0033 0.9026
28.9161 0.0033 0.9028
28.9366 0.0032 0.9030
28.9570 0.0032 0.9031
28.9775 0.0032 0.9033
28.9979 0.0032 0.9035
29.0184 0.0031 0.9036
29.0388 0.0031 0.9038
29.0593 0.0031 0.9040
29.0797 0.0031 0.9041
29.1002 0.0030 0.9043
29.1206 0.0030 0.9045
29.1411 0.0030 0.9046
29.1615 0.0029 0.9048
29.1820 0.0029 0.9050
29.2024 0.0029 0.9051
29.2229 0.0029 0.9053
29.2433 0.0028 0.9055
29.2638 0.0028 0.9056
29.2842 0.0028 0.9058
29.3047 0.0028 0.9060
29.3251 0.0027 0.9061
29.3456 0.0027 0.9063
29.3660 0.0027 0.9064
29.3865 0.0027 0.9066
29.4069 0.0026 0.9068
29.4274 0.0026 0.9069
29.4478 0.0026 0.9071
29.4683 0.0026 0.9073
29.4887 0.0025 0.9074
29.5092 0.0025 0.9076
29.5296 0.0025 0.9078
29.5501 0.0025 0.9079
29.5705 0.0024 0.9081
29.5910 0.0024 0.9083
29.6114 0.0024 0.9084
29.6319 0.0024 0.9086
29.6523 0.0024 0.9087
29.6728 0.0023 0.9089
29.6932 0.0023 0.9091
29.7137 0.0023 0.9092
29.7341 0.0023 0.9094
29.7546 0.0022 0.9095
29.7750 0.0022 0.9097
29.7955 0.0022 0.9098
29.8159 0.0022 0.9100
29.8364 0.0022 0.9102
29.8568 0.0021 0.9103
29.8773 0.0021 0.9105
29.8977 0.0021 0.9106
29.9182 0.0021 0.9108
29.9386 0.0020 0.9109
29.9591 0.0020 0.9111
29.9795 0.0020 0.9112
30.0000 0.0020 0.9114
30.0204 0.0019 0.9115
30.0409 0.0019 0.9117
30.0613 0.0019 0.9119
30.0818 0.0019 0.9120
30.1022 0.0018 0.9122
30.1227 0.0018 0.9123
30.1431 0.0018 0.9125
30.1636 0.0018 0.9126
30.1840 0.0017 0.9128
30.2045 0.0017 0.9129
30.2249 0.0017 0.9131
30.2454 0.0017 0.9133
30.2658 0.0016 0.9134
30.2863 0.0016 0.9136
30.3067 0.0016 0.9137
30.3272 0.0016 0.9139
30.3476 0.0015 0.9140
30.3681 0.0015 0.9142
30.3885 0.0015 0.9143
30.4090 0.0015 0.9145
30.4294 0.0015 0.9146
30.4499 0.0014 0.9148
30.4703 0.0014 0.9150
30.4908 0.0014 0.9151
30.5112 0.0014 0.9153
30.5317 0.0014 0.9154
30.5521 0.0013 0.9156
30.5726 0.0013 0.9157
30.5930 0.0013 0.9159
30.6135 0.0013 0.9160
30.6339 0.0013 0.9162
30.6544 0.0013 0.9163
30.6748 0.0012 0.9165
30.6953 0.0012 0.9166
30.7157 0.0012 0.9168
30.7362 0.0012 0.9169
30.7566 0.0012 0.9171
30.7771 0.0012 0.9172
30.7975 0.0012 0.9174
30.8180 0.0011 0.9176
30.8384 0.0011 0.9177
30.8589 0.0011 0.9178
30.8793 0.0011 0.9180
30.8998 0.0011 0.9181
30.9202 0.0011 0.9183
30.9407 0.0011 0.9184
30.9611 0.0011 0.9186
30.9816 0.0011 0.9187
31.0020 0.0011 0.9189
31.0225 0.0011 0.9190
31.0429 0.0010 0.9192
31.0634 0.0010 0.9193
31.0838 0.0010 0.9194
31.1043 0.0010 0.9196
31.1247 0.0010 0.9197
31.1452 0.0010 0.9199
31.1656 0.0010 0.9200
31.1861 0.0010 0.9201
31.2065 0.0010 0.9203
31.2270 0.0010 0.9204
31.2474 0.0010 0.9206
31.2679 0.0010 0.9207
31.2883 0.0010 0.9208
31.3088 0.0010 0.9210
31.3292 0.0010 0.9211
31.3497 0.0009 0.9212
31.3701 0.0009 0.9214
31.3906 0.0009 0.9215
31.4110 0.0009 0.9216
31.4315 0.0009 0.9218
31.4519 0.0009 0.9219
31.4724 0.0009 0.9220
31.4928 0.0009 0.9222
31.5133 0.0009 0.9223
31.5337 0.0009 0.9224
31.5542 0.0009 0.9226
31.5746 0.0009 0.9227
31.5951 0.0009 0.9228
31.6155 0.0009 0.9229
31.6360 0.0009 0.9231
31.6564 0.0009 0.9232
31.6769 0.0009 0.9233
31.6973 0.0008 0.9235
31.7178 0.0008 0.9236
31.7382 0.0008 0.9237
31.7587 0.0008 0.9238
31.7791 0.0008 0.9240
31.7996 0.0008 0.9241
31.8200 0.0008 0.9242
31.8405 0.0008 0.9243
31.8609 0.0008 0.9245
31.8814 0.0008 0.9246
31.9018 0.0008 0.9247
31.9223 0.0008 0.9248
31.9427 0.0008 0.9250
31.9632 0.0008 0.9251
31.9836 0.0008 0.9252
32.0041 0.0007 0.9253
32.0245 0.0007 0.9254
32.0450 0.0007 0.9256
32.0654 0.0007 0.9257
32.0859 0.0007 0.9258
32.1063 0.0007 0.9259
32.1268 0.0007 0.9261
32.1472 0.0007 0.9262
32.1677 0.0007 0.9263
32.1881 0.0007 0.9264
32.2086 0.0007 0.9265
32.2290 0.0007 0.9267
32.2495 0.0007 0.9268
32.2699 0.0007 0.9269
32.2904 0.0007 0.9270
32.3108 0.0007 0.9271
32.3313 0.0007 0.9273
32.3517 0.0007 0.9274
32.3722 0.0007 0.9275
32.3926 0.0007 0.9276
32.4131 0.0006 0.9277
32.4335 0.0006 0.9278
32.4540 0.0006 0.9280
32.4744 0.0006 0.9281
32.4949 0.0006 0.9282
32.5153 0.0006 0.9283
32.5358 0.0006 0.9284
32.5562 0.0006 0.9285
32.5767 0.0006 0.9286
32.5971 0.0006 0.9288
32.6176 0.0006 0.9289
32.6380 0.0006 0.9290
32.6585 0.0006 0.9291
32.6789 0.0006 0.9292
32.6994 0.0006 0.9293
32.7198 0.0006 0.9294
32.7403 0.0006 0.9296
32.7607 0.0006 0.9297
32.7812 0.0006 0.9298
32.8016 0.0006 0.9299
32.8221 0.0006 0.9300
32.8425 0.0006 0.9301
32.8630 0.0006 0.9302
32.8834 0.0006 0.9303
32.9039 0.0006 0.9304
32.9243 0.0006 0.9305
32.9448 0.0006 0.9307
32.9652 0.0006 0.9308
32.9857 0.0006 0.9309
33.0061 0.0006 0.9310
33.0266 0.0006 0.9311
33.0470 0.0006 0.9312
33.0675 0.0006 0.9313
33.0879 0.0006 0.9314
33.1084 0.0005 0.9315
33.1288 0.0005 0.9316
33.1493 0.0005 0.9317
33.1697 0.0005 0.9318
33.1902 0.0005 0.9319
33.2106 0.0005 0.9320
33.2311 0.0005 0.9321
33.2515 0.0005 0.9322
33.2720 0.0005 0.9323
33.2924 0.0005 0.9324
33.3129 0.0005 0.9326
33.3333 0.0005 0.9327
33.3538 0.0005 0.9328
33.3742 0.0005 0.9329
33.3947 0.0005 0.9330
33.4151 0.0005 0.9331
33.4356 0.0005 0.9332
33.4560 0.0005 0.9333
33.4765 0.0005 0.9334
33.4969 0.0005 0.9335
33.5174 0.0005 0.9336
33.5378 0.0005 0.9337
33.5583 0.0005 0.9338
33.5787 0.0005 0.9339
33.5992 0.0005 0.9340
33.6196 0.0005 0.9341
33.6401 0.0005 0.9342
33.6605 0.0005 0.9343
33.6810 0.0005 0.9344
33.7014 0.0005 0.9345
33.7219 0.0005 0.9346
33.7423 0.0005 0.9347
33.7628 0.0005 0.9348
33.7832 0.0005 0.9349
33.8037 0.0005 0.9350
33.8241 0.0005 0.9351
33.8446 0.0005 0.9352
33.8650 0.0005 0.9352
33.8855 0.0005 0.9353
33.9059 0.0005 0.9354
33.9264 0.0005 0.9355
33.9468 0.0005 0.9356
33.9673 0.0005 0.9357
33.9877 0.0005 0.9358
34.0082 0.0005 0.9359
34.0286 0.0005 0.9360
34.0491 0.0005 0.9361
34.0695 0.0005 0.9362
34.0900 0.0005 0.9363
34.1104 0.0005 0.9364
34.1309 0.0005 0.9365
34.1513 0.0005 0.9366
34.1718 0.0005 0.9367
34.1922 0.0005 0.9368
34.2127 0.0005 0.9368
34.2331 0.0004 0.9369
34.2536 0.0004 0.9370
34.2740 0.0004 0.9371
34.2945 0.0004 0.9372
34.3149 0.0004 0.9373
34.3354 0.0004 0.9374
34.3558 0.0004 0.9375
34.3763 0.0004 0.9376
34.3967 0.0004 0.9377
34.4172 0.0004 0.9378
34.4376 0.0004 0.9378
34.4581 0.0004 0.9379
34.4785 0.0004 0.9380
34.4990 0.0004 0.9381
34.5194 0.0004 0.9382
34.5399 0.0004 0.9383
34.5603 0.0004 0.9384
34.5808 0.0004 0.9385
34.6012 0.0004 0.9386
34.6217 0.0004 0.9386
34.6421 0.0004 0.9387
34.6626 0.0004 0.9388
34.6830 0.0004 0.9389
34.7035 0.0004 0.9390
34.7239 0.0004 0.9391
34.7444 0.0004 0.9392
34.7648 0.0004 0.9393
34.7853 0.0004 0.9393
34.8057 0.0004 0.9394
34.8262 0.0004 0.9395
34.8466 0.0004 0.9396
34.8671 0.0004 0.9397
34.8875 0.0004 0.9398
34.9080 0.0004 0.9399
34.9284 0.0004 0.9399
34.9489 0.0004 0.9400
34.9693 0.0004 0.9401
34.9898 0.0004 0.9402
35.0102 0.0004 0.9403
35.0307 0.0004 0.9404
35.0511 0.0004 0.9404
35.0716 0.0004 0.9405
35.0920 0.0004 0.9406
35.1125 0.0004 0.9407
35.1329 0.0004 0.9408
35.1534 0.0004 0.9409
35.1738 0.0004 0.9409
35.1943 0.0004 0.9410
35.2147 0.0004 0.9411
35.2352 0.0004 0.9412
35.2556 0.0004 0.9413
35.2761 0.0004 0.9413
35.2965 0.0004 0.9414
35.3170 0.0004 0.9415
35.3374 0.0004 0.9416
35.3579 0.0004 0.9417
35.3783 0.0004 0.9418
35.3988 0.0004 0.9418
35.4192 0.0004 0.9419
35.4397 0.0004 0.9420
35.4601 0.0004 0.9421
35.4806 0.0004 0.9422
35.5010 0.0004 0.9422
35.5215 0.0004 0.9423
35.5419 0.0004 0.9424
35.5624 0.0004 0.9425
35.5828 0.0004 0.9425
35.6033 0.0004 0.9426
35.6237 0.0004 0.9427
35.6442 0.0004 0.9428
35.6646 0.0004 0.9429
35.6851 0.0004 0.9429
35.7055 0.0004 0.9430
35.7260 0.0004 0.9431
35.7464 0.0004 0.9432
35.7669 0.0004 0.9432
35.7873 0.0004 0.9433
35.8078 0.0004 0.9434
35.8282 0.0004 0.9435
35.8487 0.0004 0.9436
35.8691 0.0004 0.9436
35.8896 0.0004 0.9437
35.9100 0.0004 0.9438
35.9305 0.0004 0.9439
35.9509 0.0004 0.9439
35.9714 0.0004 0.9440
35.9918 0.0004 0.9441
36.0123 0.0004 0.9442
36.0327 0.0004 0.9442
36.0532 0.0004 0.9443
36.0736 0.0004 0.9444
36.0941 0.0004 0.9445
36.1145 0.0004 0.9445
36.1350 0.0004 0.9446
36.1554 0.0004 0.9447
36.1759 0.0004 0.9448
36.1963 0.0004 0.9448
36.2168 0.0004 0.9449
36.2372 0.0004 0.9450
36.2577 0.0004 0.9450
36.2781 0.0004 0.9451
36.2986 0.0004 0.9452
36.3190 0.0004 0.9453
36.3395 0.0004 0.9453
36.3599 0.0004 0.9454
36.3804 0.0004 0.9455
36.4008 0.0004 0.9456
36.4213 0.0004 0.9456
36.4417 0.0003 0.9457
36.4622 0.0003 0.9458
36.4826 0.0003 0.9458
36.5031 0.0003 0.9459
36.5235 0.0003 0.9460
36.5440 0.0003 0.9461
36.5644 0.0003 0.9461
36.5849 0.0003 0.9462
36.6053 0.0003 0.9463
36.6258 0.0003 0.9463
36.6462 0.0003 0.9464
36.6667 0.0003 0.9465
36.6871 0.0003 0.9465
36.7076 0.0003 0.9466
36.7280 0.0003 0.9467
36.7485 0.0003 0.9468
36.7689 0.0003 0.9468
36.7894 0.0003 0.9469
36.8098 0.0003 0.9470
36.8303 0.0003 0.9470
36.8507 0.0003 0.9471
36.8712 0.0003 0.9472
36.8916 0.0003 0.9472
36.9121 0.0003 0.9473
36.9325 0.0003 0.9474
36.9530 0.0003 0.9474
36.9734 0.0003 0.9475
36.9939 0.0003 0.9476
37.0143 0.0003 0.9476
37.0348 0.0003 0.9477
37.0552 0.0003 0.9478
37.0757 0.0003 0.9478
37.0961 0.0003 0.9479
37.1166 0.0003 0.9480
37.1370 0.0003 0.9480
37.1575 0.0003 0.9481
37.1779 0.0003 0.9482
37.1984 0.0003 0.9482
37.2188 0.0003 0.9483
37.2393 0.0003 0.9484
37.2597 0.0003 0.9484
37.2802 0.0003 0.9485
37.3006 0.0003 0.9486
37.3211 0.0003 0.9486
37.3415 0.0003 0.9487
37.3620 0.0003 0.9488
37.3824 0.0003 0.9488
37.4029 0.0003 0.9489
37.4233 0.0003 0.9490
37.4438 0.0003 0.9490
37.4642 0.0003 0.9491
37.4847 0.0003 0.9492
37.5051 0.0003 0.9492
37.5256 0.0003 0.9493
37.5460 0.0003 0.9493
37.5664 0.0003 0.9494
37.5869 0.0003 0.9495
37.6073 0.0003 0.9495
37.6278 0.0003 0.9496
37.6482 0.0003 0.9497
37.6687 0.0003 0.9497
37.6891 0.0003 0.9498
37.7096 0.0003 0.9499
37.7300 0.0003 0.9499
37.7505 0.0003 0.9500
37.7709 0.0003 0.9500
37.7914 0.0003 0.9501
37.8118 0.0003 0.9502
37.8323 0.0003 0.9502
37.8527 0.0003 0.9503
37.8732 0.0003 0.9504
37.8936 0.0003 0.9504
37.9141 0.0003 0.9505
37.9345 0.0003 0.9505
37.9550 0.0003 0.9506
37.9754 0.0003 0.9507
37.9959 0.0003 0.9507
38.0163 0.0003 0.9508
38.0368 0.0003 0.9508
38.0572 0.0003 0.9509
38.0777 0.0003 0.9510
38.0981 0.0003 0.9510
38.1186 0.0003 0.9511
38.1390 0.0003 0.9511
38.1595 0.0003 0.9512
38.1799 0.0003 0.9513
38.2004 0.0003 0.9513
38.2208 0.0003 0.9514
38.2413 0.0003 0.9514
38.2617 0.0003 0.9515
38.2822 0.0003 0.9516
38.3026 0.0003 0.9516
38.3231 0.0003 0.9517
38.3435 0.0003 0.9517
38.3640 0.0003 0.9518
38.3844 0.0003 0.9519
38.4049 0.0003 0.9519
38.4253 0.0003 0.9520
38.4458 0.0003 0.9520
38.4662 0.0003 0.9521
38.4867 0.0003 0.9522
38.5071 0.0003 0.9522
38.5276 0.0003 0.9523
38.5480 0.0003 0.9523
38.5685 0.0003 0.9524
38.5889 0.0003 0.9524
38.6094 0.0003 0.9525
38.6298 0.0003 0.9526
38.6503 0.0003 0.9526
38.6707 0.0003 0.9527
38.6912 0.0003 0.9527
38.7116 0.0003 0.9528
38.7321 0.0003 0.9528
38.7525 0.0003 0.9529
38.7730 0.0003 0.9530
38.7934 0.0003 0.9530
38.8139 0.0003 0.9531
38.8343 0.0003 0.9531
38.8548 0.0003 0.9532
38.8752 0.0003 0.9532
38.8957 0.0003 0.9533
38.9161 0.0003 0.9534
38.9366 0.0003 0.9534
38.9570 0.0003 0.9535
38.9775 0.0003 0.9535
38.9979 0.0003 0.9536
39.0184 0.0003 0.9536
39.0388 0.0003 0.9537
39.0593 0.0003 0.9537
39.0797 0.0003 0.9538
39.1002 0.0003 0.9539
39.1206 0.0003 0.9539
39.1411 0.0003 0.9540
39.1615 0.0003 0.9540
39.1820 0.0003 0.9541
39.2024 0.0003 0.9541
39.2229 0.0003 0.9542
39.2433 0.0003 0.9542
39.2638 0.0003 0.9543
39.2842 0.0003 0.9543
39.3047 0.0003 0.9544
39.3251 0.0003 0.9545
39.3456 0.0003 0.9545
39.3660 0.0003 0.9546
39.3865 0.0003 0.9546
39.4069 0.0003 0.9547
39.4274 0.0003 0.9547
39.4478 0.0003 0.9548
39.4683 0.0003 0.9548
39.4887 0.0003 0.9549
39.5092 0.0003 0.9549
39.5296 0.0003 0.9550
39.5501 0.0003 0.9550
39.5705 0.0003 0.9551
39.5910 0.0003 0.9551
39.6114 0.0003 0.9552
39.6319 0.0003 0.9553
39.6523 0.0003 0.9553
39.6728 0.0003 0.9554
39.6932 0.0003 0.9554
39.7137 0.0003 0.9555
39.7341 0.0003 0.9555
39.7546 0.0003 0.9556
39.7750 0.0003 0.9556
39.7955 0.0003 0.9557
39.8159 0.0003 0.9557
39.8364 0.0003 0.9558
39.8568 0.0003 0.9558
39.8773 0.0003 0.9559
39.8977 0.0003 0.9559
39.9182 0.0002 0.9560
39.9386 0.0002 0.9560
39.9591 0.0002 0.9561
39.9795 0.0002 0.9561
40.0000 0.0002 0.9562
40.0204 0.0002 0.9562
40.0409 0.0002 0.9563
40.0613 0.0002 0.9563
40.0818 0.0002 0.9564
40.1022 0.0002 0.9564
40.1227 0.0002 0.9565
40.1431 0.0002 0.9565
40.1636 0.0002 0.9566
40.1840 0.0002 0.9566
40.2045 0.0002 0.9567
40.2249 0.0002 0.9567
40.2454 0.0002 0.9568
40.2658 0.0002 0.9568
40.2863 0.0002 0.9569
40.3067 0.0002 0.9569
40.3272 0.0002 0.9570
40.3476 0.0002 0.9570
40.3681 0.0002 0.9571
40.3885 0.0002 0.9571
40.4090 0.0002 0.9572
40.4294 0.0002 0.9572
40.4499 0.0002 0.9573
40.4703 0.0002 0.9573
40.4908 0.0002 0.9574
40.5112 0.0002 0.9574
40.5317 0.0002 0.9575
40.5521 0.0002 0.9575
40.5726 0.0002 0.9576
40.5930 0.0002 0.9576
40.6135 0.0002 0.9577
40.6339 0.0002 0.9577
40.6544 0.0002 0.9578
40.6748 0.0002 0.9578
40.6953 0.0002 0.9579
40.7157 0.0002 0.9579
40.7362 0.0002 0.9579
40.7566 0.0002 0.9580
40.7771 0.0002 0.9580
40.7975 0.0002 0.9581
40.8180 0.0002 0.9581
40.8384 0.0002 0.9582
40.8589 0.0002 0.9582
40.8793 0.0002 0.9583
