0.0000 0.0000 25.8956
0.0188 4.6570 25.0071
0.0375 8.4644 22.6151
0.0563 10.9188 19.3953
0.0750 11.9967 16.0999
0.0938 12.0385 13.2682
0.1126 11.5113 11.1163
0.1313 10.8114 9.5958
0.1501 10.1738 8.5231
0.1688 9.6762 7.6961
0.1876 9.2881 6.9655
0.2064 8.9321 6.2617
0.2251 8.5376 5.5875
0.2439 8.0742 4.9873
0.2626 7.5598 4.5091
0.2814 7.0445 4.1740
0.3002 6.5823 3.9664
0.3189 6.2085 3.8428
0.3377 5.9278 3.7508
0.3564 5.7189 3.6485
0.3752 5.5460 3.5156
0.3940 5.3743 3.3548
0.4127 5.1814 3.1855
0.4315 4.9623 3.0329
0.4502 4.7280 2.9177
0.4690 4.4989 2.8486
0.4878 4.2966 2.8202
0.5065 4.1352 2.8152
0.5253 4.0162 2.8113
0.5440 3.9281 2.7901
0.5628 3.8518 2.7435
0.5816 3.7683 2.6764
0.6003 3.6666 2.6030
0.6191 3.5470 2.5396
0.6378 3.4190 2.4977
0.6566 3.2962 2.4804
0.6754 3.1907 2.4821
0.6941 3.1087 2.4918
0.7129 3.0489 2.4969
0.7316 3.0034 2.4885
0.7504 2.9608 2.4640
0.7692 2.9109 2.4276
0.7879 2.8485 2.3883
0.8067 2.7745 2.3560
0.8254 2.6956 2.3378
0.8442 2.6209 2.3350
0.8630 2.5584 2.3433
0.8817 2.5120 2.3544
0.9005 2.4795 2.3595
0.9192 2.4539 2.3531
0.9380 2.4266 2.3353
0.9568 2.3913 2.3112
0.9755 2.3465 2.2882
0.9943 2.2953 2.2727
1.0130 2.2437 2.2673
1.0318 2.1977 2.2707
1.0506 2.1609 2.2785
1.0693 2.1338 2.2853
1.0881 2.1136 2.2864
1.1068 2.0954 2.2798
1.1256 2.0743 2.2668
1.1444 2.0470 2.2513
1.1631 2.0136 2.2384
1.1819 1.9771 2.2318
1.2006 1.9422 2.2324
1.2194 1.9128 2.2381
1.2382 1.8909 2.2447
1.2569 1.8751 2.2481
1.2757 1.8619 2.2458
1.2944 1.8472 2.2383
1.3132 1.8282 2.2284
1.3320 1.8048 2.2198
1.3507 1.7791 2.2153
1.3695 1.7542 2.2155
1.3882 1.7327 2.2189
1.4070 1.7156 2.2231
1.4258 1.7023 2.2257
1.4445 1.6907 2.2253
1.4633 1.6788 2.2220
1.4820 1.6651 2.2171
1.5008 1.6490 2.2124
1.5196 1.6314 2.2095
1.5383 1.6138 2.2092
1.5571 1.5978 2.2112
1.5758 1.5844 2.2142
1.5946 1.5736 2.2165
1.6134 1.5643 2.2171
1.6321 1.5551 2.2157
1.6509 1.5447 2.2131
1.6696 1.5328 2.2107
1.6884 1.5201 2.2097
1.7072 1.5077 2.2102
1.7259 1.4966 2.2120
1.7447 1.4870 2.2139
1.7634 1.4787 2.2152
1.7822 1.4708 2.2157
1.8010 1.4630 2.2156
1.8197 1.4548 2.2153
1.8385 1.4465 2.2153
1.8572 1.4383 2.2154
1.8760 1.4302 2.2159
1.8948 1.4223 2.2167
1.9135 1.4148 2.2178
1.9323 1.4077 2.2193
1.9510 1.4015 2.2210
1.9698 1.3961 2.2224
1.9886 1.3910 2.2231
2.0073 1.3858 2.2232
2.0261 1.3800 2.2232
2.0448 1.3736 2.2238
2.0636 1.3674 2.2254
2.0824 1.3621 2.2279
2.1011 1.3581 2.2305
2.1199 1.3552 2.2324
2.1386 1.3525 2.2331
2.1574 1.3492 2.2330
2.1762 1.3450 2.2331
2.1949 1.3403 2.2341
2.2137 1.3361 2.2362
2.2324 1.3330 2.2387
2.2512 1.3311 2.2410
2.2700 1.3297 2.2422
2.2887 1.3279 2.2426
2.3075 1.3253 2.2429
2.3262 1.3222 2.2439
2.3450 1.3193 2.2458
2.3638 1.3173 2.2482
2.3825 1.3162 2.2505
2.4013 1.3155 2.2523
2.4200 1.3147 2.2535
2.4388 1.3135 2.2548
2.4576 1.3122 2.2566
2.4763 1.3113 2.2590
2.4951 1.3113 2.2616
2.5138 1.3119 2.2638
2.5326 1.3128 2.2654
2.5514 1.3135 2.2667
2.5701 1.3140 2.2681
2.5889 1.3147 2.2697
2.6076 1.3157 2.2715
2.6264 1.3171 2.2731
2.6452 1.3187 2.2744
2.6639 1.3201 2.2755
2.6827 1.3214 2.2766
2.7014 1.3227 2.2780
2.7202 1.3242 2.2795
2.7389 1.3259 2.2811
2.7577 1.3276 2.2827
2.7765 1.3294 2.2844
2.7952 1.3313 2.2864
2.8140 1.3336 2.2887
2.8327 1.3362 2.2911
2.8515 1.3392 2.2935
2.8703 1.3424 2.2958
2.8890 1.3459 2.2982
2.9078 1.3496 2.3007
2.9265 1.3537 2.3032
2.9453 1.3581 2.3057
2.9641 1.3628 2.3082
2.9828 1.3677 2.3106
3.0016 1.3728 2.3130
3.0203 1.3783 2.3155
3.0391 1.3840 2.3180
3.0579 1.3902 2.3204
3.0766 1.3967 2.3228
3.0954 1.4034 2.3251
3.1141 1.4104 2.3273
3.1329 1.4177 2.3295
3.1517 1.4252 2.3316
3.1704 1.4330 2.3338
3.1892 1.4411 2.3359
3.2079 1.4494 2.3382
3.2267 1.4581 2.3407
3.2455 1.4674 2.3432
3.2642 1.4772 2.3459
3.2830 1.4877 2.3485
3.3017 1.4989 2.3510
3.3205 1.5108 2.3533
3.3393 1.5233 2.3553
3.3580 1.5363 2.3571
3.3768 1.5501 2.3586
3.3955 1.5644 2.3598
3.4143 1.5794 2.3606
3.4331 1.5949 2.3610
3.4518 1.6111 2.3610
3.4706 1.6279 2.3607
3.4893 1.6454 2.3600
3.5081 1.6638 2.3588
3.5269 1.6829 2.3570
3.5456 1.7029 2.3546
3.5644 1.7238 2.3514
3.5831 1.7456 2.3473
3.6019 1.7683 2.3421
3.6207 1.7917 2.3356
3.6394 1.8158 2.3276
3.6582 1.8402 2.3183
3.6769 1.8649 2.3076
3.6957 1.8897 2.2956
3.7145 1.9146 2.2825
3.7332 1.9398 2.2686
3.7520 1.9658 2.2539
3.7707 1.9931 2.2383
3.7895 2.0225 2.2209
3.8083 2.0539 2.2006
3.8270 2.0869 2.1759
3.8458 2.1202 2.1459
3.8645 2.1522 2.1099
3.8833 2.1810 2.0682
3.9021 2.2049 2.0218
3.9208 2.2227 1.9723
3.9396 2.2337 1.9215
3.9583 2.2382 1.8717
3.9771 2.2373 1.8249
3.9959 2.2329 1.7826
4.0146 2.2278 1.7451
4.0334 2.2247 1.7113
4.0521 2.2255 1.6788
4.0709 2.2307 1.6443
4.0897 2.2389 1.6043
4.1084 2.2469 1.5563
4.1272 2.2507 1.4997
4.1459 2.2459 1.4360
4.1647 2.2294 1.3685
4.1835 2.2000 1.3018
4.2022 2.1586 1.2402
4.2210 2.1079 1.1871
4.2397 2.0511 1.1441
4.2585 1.9917 1.1114
4.2773 1.9319 1.0880
4.2960 1.8733 1.0726
4.3148 1.8169 1.0641
4.3335 1.7632 1.0613
4.3523 1.7125 1.0635
4.3711 1.6649 1.0697
4.3898 1.6205 1.0793
4.4086 1.5792 1.0917
4.4273 1.5409 1.1066
4.4461 1.5054 1.1235
4.4649 1.4726 1.1422
4.4836 1.4422 1.1626
4.5024 1.4142 1.1847
4.5211 1.3887 1.2085
4.5399 1.3659 1.2340
4.5587 1.3461 1.2609
4.5774 1.3291 1.2890
4.5962 1.3149 1.3181
4.6149 1.3035 1.3482
4.6337 1.2951 1.3794
4.6525 1.2902 1.4120
4.6712 1.2893 1.4455
4.6900 1.2931 1.4796
4.7087 1.3021 1.5132
4.7275 1.3164 1.5454
4.7463 1.3359 1.5750
4.7650 1.3600 1.6011
4.7838 1.3882 1.6227
4.8025 1.4195 1.6390
4.8213 1.4528 1.6494
4.8401 1.4867 1.6534
4.8588 1.5197 1.6512
4.8776 1.5501 1.6435
4.8963 1.5767 1.6313
4.9151 1.5988 1.6163
4.9339 1.6165 1.6001
4.9526 1.6301 1.5839
4.9714 1.6407 1.5688
4.9901 1.6493 1.5551
5.0089 1.6566 1.5426
5.0277 1.6632 1.5311
5.0464 1.6693 1.5203
5.0652 1.6746 1.5100
5.0839 1.6791 1.5003
5.1027 1.6829 1.4915
5.1215 1.6862 1.4841
5.1402 1.6896 1.4781
5.1590 1.6936 1.4735
5.1777 1.6988 1.4699
5.1965 1.7053 1.4668
5.2153 1.7132 1.4637
5.2340 1.7222 1.4602
5.2528 1.7319 1.4561
5.2715 1.7422 1.4517
5.2903 1.7528 1.4469
5.3091 1.7638 1.4421
5.3278 1.7755 1.4375
5.3466 1.7881 1.4332
5.3653 1.8023 1.4290
5.3841 1.8182 1.4245
5.4029 1.8363 1.4191
5.4216 1.8563 1.4123
5.4404 1.8782 1.4035
5.4591 1.9013 1.3922
5.4779 1.9254 1.3783
5.4967 1.9498 1.3617
5.5154 1.9742 1.3424
5.5342 1.9985 1.3207
5.5529 2.0225 1.2964
5.5717 2.0462 1.2696
5.5905 2.0694 1.2401
5.6092 2.0916 1.2075
5.6280 2.1125 1.1720
5.6467 2.1316 1.1336
5.6655 2.1487 1.0925
5.6843 2.1634 1.0488
5.7030 2.1753 1.0023
5.7218 2.1838 0.9531
5.7405 2.1879 0.9016
5.7593 2.1866 0.8487
5.7781 2.1794 0.7960
5.7968 2.1669 0.7456
5.8156 2.1504 0.6987
5.8343 2.1321 0.6560
5.8531 2.1138 0.6165
5.8719 2.0969 0.5787
5.8906 2.0813 0.5404
5.9094 2.0657 0.4998
5.9281 2.0482 0.4563
5.9469 2.0266 0.4105
5.9657 1.9993 0.3639
5.9844 1.9660 0.3186
6.0032 1.9271 0.2767
6.0219 1.8839 0.2396
6.0407 1.8382 0.2079
6.0595 1.7913 0.1815
6.0782 1.7442 0.1600
6.0970 1.6977 0.1427
6.1157 1.6523 0.1292
6.1345 1.6080 0.1189
6.1533 1.5652 0.1114
6.1720 1.5239 0.1063
6.1908 1.4842 0.1035
6.2095 1.4461 0.1025
6.2283 1.4097 0.1032
6.2471 1.3750 0.1053
6.2658 1.3423 0.1086
6.2846 1.3113 0.1125
6.3033 1.2821 0.1168
6.3221 1.2542 0.1211
6.3409 1.2272 0.1255
6.3596 1.2009 0.1299
6.3784 1.1751 0.1347
6.3971 1.1500 0.1400
6.4159 1.1256 0.1459
6.4347 1.1021 0.1521
6.4534 1.0794 0.1587
6.4722 1.0573 0.1656
6.4909 1.0360 0.1728
6.5097 1.0155 0.1805
6.5285 0.9960 0.1885
6.5472 0.9776 0.1966
6.5660 0.9603 0.2044
6.5847 0.9437 0.2117
6.6035 0.9275 0.2183
6.6223 0.9112 0.2246
6.6410 0.8947 0.2310
6.6598 0.8783 0.2378
6.6785 0.8622 0.2452
6.6973 0.8469 0.2529
6.7161 0.8325 0.2607
6.7348 0.8187 0.2681
6.7536 0.8052 0.2751
6.7723 0.7918 0.2818
6.7911 0.7783 0.2886
6.8099 0.7649 0.2956
6.8286 0.7518 0.3029
6.8474 0.7392 0.3103
6.8661 0.7271 0.3177
6.8849 0.7153 0.3249
6.9037 0.7036 0.3320
6.9224 0.6920 0.3389
6.9412 0.6803 0.3460
6.9599 0.6686 0.3535
6.9787 0.6573 0.3615
6.9975 0.6466 0.3700
7.0162 0.6368 0.3786
7.0350 0.6280 0.3868
7.0537 0.6199 0.3944
7.0725 0.6120 0.4012
7.0913 0.6037 0.4072
7.1100 0.5949 0.4129
7.1288 0.5855 0.4188
7.1475 0.5758 0.4253
7.1663 0.5662 0.4325
7.1851 0.5573 0.4404
7.2038 0.5492 0.4485
7.2226 0.5420 0.4563
7.2413 0.5353 0.4636
7.2601 0.5288 0.4702
7.2789 0.5222 0.4763
7.2976 0.5152 0.4821
7.3164 0.5079 0.4880
7.3351 0.5005 0.4943
7.3539 0.4932 0.5010
7.3727 0.4864 0.5078
7.3914 0.4800 0.5146
7.4102 0.4741 0.5211
7.4289 0.4683 0.5271
7.4477 0.4623 0.5327
7.4665 0.4559 0.5382
7.4852 0.4492 0.5440
7.5040 0.4424 0.5502
7.5227 0.4357 0.5570
7.5415 0.4297 0.5641
7.5603 0.4244 0.5713
7.5790 0.4198 0.5781
7.5978 0.4156 0.5842
7.6165 0.4113 0.5896
7.6353 0.4066 0.5944
7.6541 0.4012 0.5991
7.6728 0.3952 0.6041
7.6916 0.3889 0.6098
7.7103 0.3827 0.6162
7.7291 0.3770 0.6232
7.7479 0.3722 0.6305
7.7666 0.3682 0.6376
7.7854 0.3648 0.6441
7.8041 0.3616 0.6499
7.8229 0.3582 0.6550
7.8417 0.3544 0.6597
7.8604 0.3499 0.6644
7.8792 0.3449 0.6694
7.8979 0.3397 0.6749
7.9167 0.3347 0.6811
7.9355 0.3302 0.6878
7.9542 0.3264 0.6946
7.9730 0.3231 0.7012
7.9917 0.3203 0.7074
8.0105 0.3176 0.7131
8.0292 0.3148 0.7184
8.0480 0.3118 0.7234
8.0668 0.3085 0.7285
8.0855 0.3050 0.7338
8.1043 0.3015 0.7393
8.1230 0.2983 0.7451
8.1418 0.2955 0.7509
8.1606 0.2930 0.7566
8.1793 0.2908 0.7620
8.1981 0.2886 0.7670
8.2168 0.2863 0.7717
8.2356 0.2837 0.7762
8.2544 0.2808 0.7808
8.2731 0.2777 0.7857
8.2919 0.2748 0.7909
8.3106 0.2721 0.7963
8.3294 0.2698 0.8018
8.3482 0.2679 0.8071
8.3669 0.2663 0.8120
8.3857 0.2647 0.8165
8.4044 0.2630 0.8206
8.4232 0.2609 0.8244
8.4420 0.2583 0.8282
8.4607 0.2554 0.8322
8.4795 0.2523 0.8367
8.4982 0.2494 0.8416
8.5170 0.2467 0.8469
8.5358 0.2445 0.8522
8.5545 0.2428 0.8574
8.5733 0.2414 0.8623
8.5920 0.2401 0.8667
8.6108 0.2387 0.8707
8.6296 0.2369 0.8744
8.6483 0.2348 0.8780
8.6671 0.2322 0.8817
8.6858 0.2294 0.8858
8.7046 0.2266 0.8904
8.7234 0.2240 0.8953
8.7421 0.2217 0.9004
8.7609 0.2199 0.9056
8.7796 0.2184 0.9106
8.7984 0.2171 0.9152
8.8172 0.2158 0.9196
8.8359 0.2144 0.9237
8.8547 0.2127 0.9277
8.8734 0.2108 0.9316
8.8922 0.2087 0.9357
8.9110 0.2066 0.9401
8.9297 0.2044 0.9447
8.9485 0.2025 0.9495
8.9672 0.2009 0.9544
8.9860 0.1995 0.9592
9.0048 0.1982 0.9639
9.0235 0.1970 0.9683
9.0423 0.1958 0.9726
9.0610 0.1945 0.9769
9.0798 0.1930 0.9811
9.0986 0.1915 0.9854
9.1173 0.1900 0.9898
9.1361 0.1887 0.9943
9.1548 0.1874 0.9988
9.1736 0.1862 1.0032
9.1924 0.1850 1.0075
9.2111 0.1839 1.0117
9.2299 0.1826 1.0159
9.2486 0.1813 1.0201
9.2674 0.1799 1.0243
9.2862 0.1784 1.0287
9.3049 0.1770 1.0332
9.3237 0.1757 1.0378
9.3424 0.1746 1.0424
9.3612 0.1736 1.0470
9.3800 0.1727 1.0514
9.3987 0.1718 1.0557
9.4175 0.1709 1.0598
9.4362 0.1698 1.0640
9.4550 0.1685 1.0681
9.4738 0.1671 1.0725
9.4925 0.1658 1.0770
9.5113 0.1645 1.0817
9.5300 0.1633 1.0864
9.5488 0.1624 1.0912
9.5676 0.1616 1.0960
9.5863 0.1608 1.1006
9.6051 0.1601 1.1051
9.6238 0.1593 1.1096
9.6426 0.1585 1.1140
9.6614 0.1575 1.1185
9.6801 0.1565 1.1230
9.6989 0.1556 1.1277
9.7176 0.1546 1.1324
9.7364 0.1537 1.1372
9.7552 0.1529 1.1421
9.7739 0.1521 1.1470
9.7927 0.1514 1.1518
9.8114 0.1507 1.1567
9.8302 0.1500 1.1616
9.8490 0.1494 1.1666
9.8677 0.1487 1.1716
9.8865 0.1482 1.1766
9.9052 0.1477 1.1817
9.9240 0.1473 1.1868
9.9428 0.1469 1.1919
9.9615 0.1465 1.1969
9.9803 0.1461 1.2019
9.9990 0.1457 1.2069
10.0178 0.1452 1.2121
10.0366 0.1448 1.2173
10.0553 0.1444 1.2227
10.0741 0.1441 1.2281
10.0928 0.1439 1.2337
10.1116 0.1439 1.2392
10.1304 0.1440 1.2446
10.1491 0.1441 1.2500
10.1679 0.1442 1.2553
10.1866 0.1442 1.2605
10.2054 0.1441 1.2659
10.2242 0.1440 1.2714
10.2429 0.1438 1.2771
10.2617 0.1438 1.2830
10.2804 0.1439 1.2889
10.2992 0.1442 1.2950
10.3180 0.1447 1.3010
10.3367 0.1452 1.3071
10.3555 0.1458 1.3131
10.3742 0.1465 1.3191
10.3930 0.1472 1.3251
10.4118 0.1480 1.3312
10.4305 0.1489 1.3373
10.4493 0.1499 1.3435
10.4680 0.1509 1.3497
10.4868 0.1521 1.3559
10.5056 0.1534 1.3620
10.5243 0.1547 1.3682
10.5431 0.1562 1.3742
10.5618 0.1576 1.3803
10.5806 0.1591 1.3863
10.5994 0.1606 1.3924
10.6181 0.1622 1.3984
10.6369 0.1637 1.4044
10.6556 0.1654 1.4105
10.6744 0.1671 1.4165
10.6932 0.1688 1.4224
10.7119 0.1705 1.4282
10.7307 0.1722 1.4340
10.7494 0.1737 1.4397
10.7682 0.1751 1.4454
10.7870 0.1763 1.4511
10.8057 0.1773 1.4569
10.8245 0.1781 1.4628
10.8432 0.1785 1.4688
10.8620 0.1787 1.4752
10.8808 0.1787 1.4821
10.8995 0.1786 1.4894
10.9183 0.1784 1.4973
10.9370 0.1784 1.5058
10.9558 0.1786 1.5148
10.9746 0.1790 1.5243
10.9933 0.1798 1.5342
11.0121 0.1809 1.5444
11.0308 0.1824 1.5551
11.0496 0.1842 1.5660
11.0684 0.1863 1.5772
11.0871 0.1886 1.5889
11.1059 0.1913 1.6009
11.1246 0.1943 1.6134
11.1434 0.1978 1.6264
11.1622 0.2017 1.6400
11.1809 0.2063 1.6542
11.1997 0.2116 1.6691
11.2184 0.2179 1.6845
11.2372 0.2251 1.7004
11.2560 0.2335 1.7168
11.2747 0.2432 1.7337
11.2935 0.2543 1.7511
11.3122 0.2671 1.7688
11.3310 0.2820 1.7868
11.3498 0.2992 1.8047
11.3685 0.3193 1.8221
11.3873 0.3423 1.8382
11.4060 0.3685 1.8523
11.4248 0.3973 1.8633
11.4436 0.4282 1.8702
11.4623 0.4600 1.8724
11.4811 0.4913 1.8697
11.4998 0.5206 1.8625
11.5186 0.5469 1.8517
11.5374 0.5696 1.8384
11.5561 0.5886 1.8240
11.5749 0.6042 1.8092
11.5936 0.6169 1.7947
11.6124 0.6271 1.7809
11.6312 0.6352 1.7681
11.6499 0.6415 1.7565
11.6687 0.6465 1.7461
11.6874 0.6505 1.7371
11.7062 0.6538 1.7295
11.7250 0.6568 1.7232
11.7437 0.6597 1.7180
11.7625 0.6626 1.7137
11.7812 0.6659 1.7103
11.8000 0.6694 1.7073
11.8188 0.6731 1.7048
11.8375 0.6771 1.7026
11.8563 0.6813 1.7007
11.8750 0.6856 1.6990
11.8938 0.6900 1.6974
11.9126 0.6946 1.6961
11.9313 0.6995 1.6948
11.9501 0.7044 1.6936
11.9688 0.7095 1.6923
11.9876 0.7146 1.6910
12.0064 0.7195 1.6896
12.0251 0.7243 1.6884
12.0439 0.7290 1.6874
12.0626 0.7337 1.6868
12.0814 0.7385 1.6865
12.1002 0.7437 1.6865
12.1189 0.7494 1.6866
12.1377 0.7555 1.6866
12.1564 0.7620 1.6862
12.1752 0.7687 1.6855
12.1940 0.7754 1.6842
12.2127 0.7819 1.6826
12.2315 0.7882 1.6807
12.2502 0.7941 1.6786
12.2690 0.7996 1.6764
12.2878 0.8048 1.6742
12.3065 0.8096 1.6721
12.3253 0.8142 1.6703
12.3440 0.8186 1.6686
12.3628 0.8228 1.6672
12.3816 0.8268 1.6659
12.4003 0.8308 1.6648
12.4191 0.8345 1.6638
12.4378 0.8379 1.6632
12.4566 0.8411 1.6628
12.4754 0.8441 1.6630
12.4941 0.8469 1.6639
12.5129 0.8498 1.6654
12.5316 0.8529 1.6677
12.5504 0.8565 1.6707
12.5692 0.8608 1.6742
12.5879 0.8657 1.6780
12.6067 0.8713 1.6820
12.6254 0.8776 1.6860
12.6442 0.8845 1.6900
12.6630 0.8919 1.6938
12.6817 0.8997 1.6975
12.7005 0.9080 1.7010
12.7192 0.9166 1.7043
12.7380 0.9254 1.7073
12.7568 0.9344 1.7103
12.7755 0.9437 1.7132
12.7943 0.9533 1.7160
12.8130 0.9631 1.7187
12.8318 0.9731 1.7213
12.8506 0.9834 1.7237
12.8693 0.9939 1.7262
12.8881 1.0047 1.7287
12.9068 1.0159 1.7310
12.9256 1.0275 1.7332
12.9444 1.0395 1.7351
12.9631 1.0516 1.7368
12.9819 1.0639 1.7382
13.0006 1.0764 1.7395
13.0194 1.0891 1.7407
13.0382 1.1020 1.7417
13.0569 1.1151 1.7426
13.0757 1.1283 1.7433
13.0944 1.1416 1.7440
13.1132 1.1550 1.7448
13.1320 1.1688 1.7457
13.1507 1.1830 1.7467
13.1695 1.1977 1.7477
13.1882 1.2129 1.7487
13.2070 1.2286 1.7497
13.2258 1.2449 1.7506
13.2445 1.2618 1.7514
13.2633 1.2794 1.7521
13.2820 1.2977 1.7524
13.3008 1.3166 1.7526
13.3195 1.3362 1.7525
13.3383 1.3566 1.7521
13.3571 1.3779 1.7515
13.3758 1.4001 1.7503
13.3946 1.4233 1.7486
13.4133 1.4473 1.7463
13.4321 1.4723 1.7433
13.4509 1.4982 1.7397
13.4696 1.5251 1.7354
13.4884 1.5533 1.7304
13.5071 1.5829 1.7245
13.5259 1.6142 1.7176
13.5447 1.6474 1.7092
13.5634 1.6826 1.6988
13.5822 1.7198 1.6860
13.6009 1.7589 1.6703
13.6197 1.8000 1.6508
13.6385 1.8428 1.6267
13.6572 1.8865 1.5969
13.6760 1.9301 1.5604
13.6947 1.9717 1.5164
13.7135 2.0093 1.4649
13.7323 2.0404 1.4067
13.7510 2.0630 1.3436
13.7698 2.0758 1.2781
13.7885 2.0787 1.2131
13.8073 2.0726 1.1514
13.8261 2.0592 1.0949
13.8448 2.0408 1.0448
13.8636 2.0196 1.0011
13.8823 1.9973 0.9633
13.9011 1.9751 0.9305
13.9199 1.9536 0.9018
13.9386 1.9330 0.8765
13.9574 1.9135 0.8542
13.9761 1.8954 0.8345
13.9949 1.8790 0.8168
14.0137 1.8644 0.8006
14.0324 1.8516 0.7853
14.0512 1.8401 0.7706
14.0699 1.8299 0.7562
14.0887 1.8206 0.7421
14.1075 1.8123 0.7284
14.1262 1.8052 0.7149
14.1450 1.7994 0.7013
14.1637 1.7947 0.6874
14.1825 1.7911 0.6726
14.2013 1.7883 0.6570
14.2200 1.7861 0.6401
14.2388 1.7841 0.6220
14.2575 1.7822 0.6023
14.2763 1.7799 0.5810
14.2951 1.7766 0.5579
14.3138 1.7718 0.5331
14.3326 1.7646 0.5073
14.3513 1.7547 0.4811
14.3701 1.7421 0.4554
14.3889 1.7273 0.4311
14.4076 1.7106 0.4086
14.4264 1.6929 0.3882
14.4451 1.6747 0.3697
14.4639 1.6566 0.3531
14.4827 1.6387 0.3378
14.5014 1.6212 0.3237
14.5202 1.6042 0.3105
14.5389 1.5875 0.2979
14.5577 1.5711 0.2859
14.5765 1.5550 0.2745
14.5952 1.5391 0.2636
14.6140 1.5235 0.2532
14.6327 1.5082 0.2433
14.6515 1.4933 0.2337
14.6703 1.4788 0.2242
14.6890 1.4644 0.2146
14.7078 1.4499 0.2050
14.7265 1.4351 0.1956
14.7453 1.4200 0.1866
14.7641 1.4046 0.1782
14.7828 1.3894 0.1706
14.8016 1.3744 0.1636
14.8203 1.3598 0.1570
14.8391 1.3457 0.1507
14.8579 1.3319 0.1446
14.8766 1.3184 0.1385
14.8954 1.3051 0.1324
14.9141 1.2918 0.1263
14.9329 1.2786 0.1202
14.9517 1.2652 0.1142
14.9704 1.2518 0.1083
14.9892 1.2383 0.1027
15.0079 1.2247 0.0973
15.0267 1.2112 0.0921
15.0455 1.1976 0.0871
15.0642 1.1839 0.0823
15.0830 1.1700 0.0779
15.1017 1.1561 0.0739
15.1205 1.1423 0.0703
15.1393 1.1286 0.0673
15.1580 1.1152 0.0646
15.1768 1.1022 0.0622
15.1955 1.0894 0.0599
15.2143 1.0769 0.0576
15.2331 1.0644 0.0554
15.2518 1.0518 0.0532
15.2706 1.0392 0.0514
15.2893 1.0266 0.0499
15.3081 1.0142 0.0488
15.3269 1.0022 0.0482
15.3456 0.9906 0.0478
15.3644 0.9796 0.0474
15.3831 0.9689 0.0468
15.4019 0.9584 0.0460
15.4207 0.9479 0.0449
15.4394 0.9372 0.0437
15.4582 0.9263 0.0425
15.4769 0.9152 0.0415
15.4957 0.9039 0.0408
15.5145 0.8926 0.0405
15.5332 0.8814 0.0407
15.5520 0.8705 0.0413
15.5707 0.8600 0.0421
15.5895 0.8499 0.0431
15.6083 0.8401 0.0440
15.6270 0.8306 0.0449
15.6458 0.8212 0.0456
15.6645 0.8118 0.0462
15.6833 0.8025 0.0469
15.7021 0.7931 0.0477
15.7208 0.7838 0.0487
15.7396 0.7747 0.0498
15.7583 0.7658 0.0510
15.7771 0.7571 0.0523
15.7959 0.7486 0.0536
15.8146 0.7404 0.0548
15.8334 0.7323 0.0559
15.8521 0.7243 0.0568
15.8709 0.7164 0.0575
15.8897 0.7082 0.0580
15.9084 0.6998 0.0585
15.9272 0.6911 0.0591
15.9459 0.6822 0.0600
15.9647 0.6732 0.0614
15.9835 0.6644 0.0633
16.0022 0.6560 0.0656
16.0210 0.6480 0.0679
16.0397 0.6405 0.0702
16.0585 0.6332 0.0722
16.0773 0.6260 0.0740
16.0960 0.6187 0.0758
16.1148 0.6113 0.0775
16.1335 0.6040 0.0794
16.1523 0.5967 0.0814
16.1711 0.5896 0.0835
16.1898 0.5827 0.0857
16.2086 0.5759 0.0877
16.2273 0.5691 0.0897
16.2461 0.5624 0.0916
16.2649 0.5557 0.0935
16.2836 0.5489 0.0955
16.3024 0.5422 0.0976
16.3211 0.5356 0.0998
16.3399 0.5291 0.1020
16.3587 0.5228 0.1041
16.3774 0.5164 0.1063
16.3962 0.5101 0.1084
16.4149 0.5038 0.1105
16.4337 0.4974 0.1127
16.4525 0.4911 0.1151
16.4712 0.4849 0.1176
16.4900 0.4788 0.1201
16.5087 0.4730 0.1226
16.5275 0.4672 0.1251
16.5463 0.4615 0.1276
16.5650 0.4558 0.1300
16.5838 0.4502 0.1324
16.6025 0.4446 0.1348
16.6213 0.4391 0.1373
16.6401 0.4337 0.1397
16.6588 0.4284 0.1421
16.6776 0.4231 0.1444
16.6963 0.4177 0.1467
16.7151 0.4123 0.1489
16.7339 0.4068 0.1513
16.7526 0.4012 0.1537
16.7714 0.3957 0.1564
16.7901 0.3903 0.1592
16.8089 0.3852 0.1621
16.8277 0.3802 0.1650
16.8464 0.3753 0.1678
16.8652 0.3706 0.1705
16.8839 0.3658 0.1731
16.9027 0.3610 0.1757
16.9215 0.3561 0.1783
16.9402 0.3513 0.1810
16.9590 0.3466 0.1838
16.9777 0.3419 0.1867
16.9965 0.3374 0.1896
17.0153 0.3330 0.1924
17.0340 0.3286 0.1952
17.0528 0.3243 0.1980
17.0715 0.3201 0.2007
17.0903 0.3159 0.2033
17.1091 0.3117 0.2059
17.1278 0.3075 0.2084
17.1466 0.3031 0.2109
17.1653 0.2987 0.2134
17.1841 0.2942 0.2161
17.2029 0.2896 0.2189
17.2216 0.2851 0.2219
17.2404 0.2806 0.2251
17.2591 0.2764 0.2285
17.2779 0.2724 0.2320
17.2967 0.2686 0.2355
17.3154 0.2652 0.2389
17.3342 0.2618 0.2422
17.3529 0.2586 0.2453
17.3717 0.2554 0.2482
17.3905 0.2523 0.2511
17.4092 0.2491 0.2539
17.4280 0.2459 0.2566
17.4467 0.2427 0.2592
17.4655 0.2395 0.2618
17.4843 0.2363 0.2644
17.5030 0.2330 0.2669
17.5218 0.2297 0.2694
17.5405 0.2264 0.2720
17.5593 0.2230 0.2745
17.5781 0.2195 0.2771
17.5968 0.2161 0.2798
17.6156 0.2127 0.2824
17.6343 0.2093 0.2852
17.6531 0.2058 0.2880
17.6719 0.2024 0.2909
17.6906 0.1990 0.2938
17.7094 0.1956 0.2968
17.7281 0.1923 0.3000
17.7469 0.1890 0.3032
17.7657 0.1859 0.3066
17.7844 0.1830 0.3100
17.8032 0.1802 0.3134
17.8219 0.1776 0.3168
17.8407 0.1752 0.3201
17.8595 0.1728 0.3233
17.8782 0.1704 0.3264
17.8970 0.1681 0.3294
17.9157 0.1659 0.3324
17.9345 0.1636 0.3354
17.9533 0.1614 0.3383
17.9720 0.1592 0.3412
17.9908 0.1571 0.3441
18.0095 0.1550 0.3469
18.0283 0.1529 0.3497
18.0471 0.1508 0.3525
18.0658 0.1487 0.3552
18.0846 0.1466 0.3579
18.1033 0.1446 0.3606
18.1221 0.1425 0.3632
18.1409 0.1404 0.3659
18.1596 0.1383 0.3686
18.1784 0.1363 0.3713
18.1971 0.1343 0.3740
18.2159 0.1323 0.3768
18.2347 0.1304 0.3795
18.2534 0.1285 0.3823
18.2722 0.1268 0.3850
18.2909 0.1250 0.3876
18.3097 0.1233 0.3902
18.3285 0.1216 0.3928
18.3472 0.1199 0.3953
18.3660 0.1182 0.3977
18.3847 0.1164 0.4002
18.4035 0.1146 0.4026
18.4223 0.1128 0.4051
18.4410 0.1110 0.4076
18.4598 0.1092 0.4102
18.4785 0.1074 0.4128
18.4973 0.1057 0.4154
18.5161 0.1040 0.4180
18.5348 0.1023 0.4207
18.5536 0.1007 0.4234
18.5723 0.0991 0.4260
18.5911 0.0977 0.4287
18.6099 0.0962 0.4314
18.6286 0.0949 0.4340
18.6474 0.0935 0.4367
18.6661 0.0922 0.4393
18.6849 0.0910 0.4419
18.7036 0.0898 0.4444
18.7224 0.0886 0.4470
18.7412 0.0875 0.4495
18.7599 0.0865 0.4520
18.7787 0.0854 0.4544
18.7974 0.0844 0.4567
18.8162 0.0834 0.4590
18.8350 0.0823 0.4613
18.8537 0.0813 0.4636
18.8725 0.0803 0.4659
18.8912 0.0792 0.4682
18.9100 0.0782 0.4704
18.9288 0.0773 0.4727
18.9475 0.0763 0.4749
18.9663 0.0754 0.4771
18.9850 0.0745 0.4793
19.0038 0.0736 0.4815
19.0226 0.0728 0.4836
19.0413 0.0720 0.4858
19.0601 0.0712 0.4878
19.0788 0.0704 0.4899
19.0976 0.0696 0.4919
19.1164 0.0689 0.4939
19.1351 0.0681 0.4958
19.1539 0.0674 0.4976
19.1726 0.0666 0.4995
19.1914 0.0658 0.5013
19.2102 0.0650 0.5031
19.2289 0.0642 0.5048
19.2477 0.0633 0.5066
19.2664 0.0624 0.5083
19.2852 0.0615 0.5101
19.3040 0.0606 0.5118
19.3227 0.0597 0.5136
19.3415 0.0587 0.5153
19.3602 0.0577 0.5171
19.3790 0.0568 0.5189
19.3978 0.0558 0.5208
19.4165 0.0549 0.5226
19.4353 0.0540 0.5245
19.4540 0.0531 0.5263
19.4728 0.0522 0.5282
19.4916 0.0513 0.5300
19.5103 0.0505 0.5319
19.5291 0.0497 0.5338
19.5478 0.0488 0.5356
19.5666 0.0480 0.5375
19.5854 0.0473 0.5394
19.6041 0.0465 0.5412
19.6229 0.0458 0.5431
19.6416 0.0451 0.5449
19.6604 0.0445 0.5468
19.6792 0.0438 0.5485
19.6979 0.0432 0.5503
19.7167 0.0425 0.5521
19.7354 0.0419 0.5538
19.7542 0.0412 0.5556
19.7730 0.0406 0.5573
19.7917 0.0399 0.5591
19.8105 0.0393 0.5608
19.8292 0.0387 0.5625
19.8480 0.0382 0.5643
19.8668 0.0376 0.5660
19.8855 0.0371 0.5676
19.9043 0.0365 0.5693
19.9230 0.0360 0.5709
19.9418 0.0354 0.5726
19.9606 0.0349 0.5742
19.9793 0.0343 0.5759
19.9981 0.0338 0.5775
20.0168 0.0333 0.5792
20.0356 0.0328 0.5808
20.0544 0.0323 0.5824
20.0731 0.0319 0.5840
20.0919 0.0314 0.5856
20.1106 0.0310 0.5872
20.1294 0.0305 0.5887
20.1482 0.0300 0.5903
20.1669 0.0296 0.5918
20.1857 0.0291 0.5933
20.2044 0.0287 0.5949
20.2232 0.0283 0.5964
20.2420 0.0278 0.5980
20.2607 0.0274 0.5995
20.2795 0.0270 0.6010
20.2982 0.0267 0.6025
20.3170 0.0263 0.6040
20.3358 0.0259 0.6054
20.3545 0.0256 0.6069
20.3733 0.0252 0.6083
20.3920 0.0249 0.6098
20.4108 0.0245 0.6112
20.4296 0.0242 0.6126
20.4483 0.0238 0.6140
20.4671 0.0235 0.6154
20.4858 0.0231 0.6167
20.5046 0.0228 0.6181
20.5234 0.0224 0.6195
20.5421 0.0221 0.6208
20.5609 0.0217 0.6222
20.5796 0.0214 0.6235
20.5984 0.0210 0.6249
20.6172 0.0207 0.6262
20.6359 0.0203 0.6276
20.6547 0.0200 0.6289
20.6734 0.0197 0.6303
20.6922 0.0193 0.6316
20.7110 0.0190 0.6329
20.7297 0.0187 0.6343
20.7485 0.0184 0.6356
20.7672 0.0181 0.6369
20.7860 0.0179 0.6382
20.8048 0.0176 0.6395
20.8235 0.0173 0.6408
20.8423 0.0171 0.6421
20.8610 0.0168 0.6434
20.8798 0.0166 0.6447
20.8986 0.0164 0.6460
20.9173 0.0162 0.6472
20.9361 0.0159 0.6484
20.9548 0.0157 0.6497
20.9736 0.0155 0.6509
20.9924 0.0153 0.6521
21.0111 0.0150 0.6533
21.0299 0.0148 0.6545
21.0486 0.0146 0.6557
21.0674 0.0144 0.6569
21.0862 0.0142 0.6581
21.1049 0.0140 0.6593
21.1237 0.0138 0.6604
21.1424 0.0136 0.6616
21.1612 0.0134 0.6627
21.1800 0.0132 0.6639
21.1987 0.0130 0.6650
21.2175 0.0128 0.6662
21.2362 0.0126 0.6673
21.2550 0.0124 0.6685
21.2738 0.0122 0.6696
21.2925 0.0120 0.6707
21.3113 0.0118 0.6719
21.3300 0.0117 0.6730
21.3488 0.0115 0.6741
21.3676 0.0113 0.6752
21.3863 0.0112 0.6763
21.4051 0.0110 0.6774
21.4238 0.0109 0.6785
21.4426 0.0107 0.6796
21.4614 0.0106 0.6807
21.4801 0.0104 0.6818
21.4989 0.0103 0.6829
21.5176 0.0102 0.6840
21.5364 0.0101 0.6851
21.5552 0.0100 0.6862
21.5739 0.0099 0.6873
21.5927 0.0098 0.6883
21.6114 0.0097 0.6893
21.6302 0.0097 0.6904
21.6490 0.0096 0.6914
21.6677 0.0096 0.6924
21.6865 0.0095 0.6934
21.7052 0.0094 0.6943
21.7240 0.0094 0.6953
21.7428 0.0093 0.6962
21.7615 0.0092 0.6972
21.7803 0.0091 0.6981
21.7990 0.0091 0.6991
21.8178 0.0090 0.7000
21.8366 0.0089 0.7009
21.8553 0.0088 0.7019
21.8741 0.0087 0.7028
21.8928 0.0086 0.7037
21.9116 0.0086 0.7046
21.9304 0.0085 0.7055
21.9491 0.0084 0.7064
21.9679 0.0083 0.7073
21.9866 0.0083 0.7082
22.0054 0.0082 0.7091
22.0242 0.0081 0.7100
22.0429 0.0080 0.7109
22.0617 0.0080 0.7118
22.0804 0.0079 0.7126
22.0992 0.0078 0.7135
22.1180 0.0077 0.7144
22.1367 0.0077 0.7153
22.1555 0.0076 0.7161
22.1742 0.0075 0.7170
22.1930 0.0075 0.7178
22.2118 0.0074 0.7187
22.2305 0.0074 0.7195
22.2493 0.0073 0.7204
22.2680 0.0072 0.7212
22.2868 0.0072 0.7221
22.3056 0.0071 0.7229
22.3243 0.0071 0.7237
22.3431 0.0070 0.7245
22.3618 0.0070 0.7253
22.3806 0.0070 0.7261
22.3994 0.0069 0.7269
22.4181 0.0069 0.7277
22.4369 0.0068 0.7285
22.4556 0.0068 0.7293
22.4744 0.0067 0.7301
22.4932 0.0067 0.7309
22.5119 0.0066 0.7317
22.5307 0.0066 0.7324
22.5494 0.0065 0.7332
22.5682 0.0065 0.7340
22.5870 0.0065 0.7348
22.6057 0.0064 0.7355
22.6245 0.0064 0.7363
22.6432 0.0063 0.7371
22.6620 0.0063 0.7378
22.6808 0.0063 0.7386
22.6995 0.0062 0.7393
22.7183 0.0062 0.7401
22.7370 0.0062 0.7408
22.7558 0.0061 0.7416
22.7746 0.0061 0.7423
22.7933 0.0061 0.7431
22.8121 0.0061 0.7438
22.8308 0.0060 0.7445
22.8496 0.0060 0.7452
22.8684 0.0060 0.7460
22.8871 0.0060 0.7467
22.9059 0.0060 0.7474
22.9246 0.0060 0.7481
22.9434 0.0060 0.7488
22.9622 0.0060 0.7495
22.9809 0.0060 0.7502
22.9997 0.0059 0.7509
23.0184 0.0059 0.7516
23.0372 0.0059 0.7523
23.0560 0.0059 0.7530
23.0747 0.0059 0.7537
23.0935 0.0060 0.7544
23.1122 0.0060 0.7551
23.1310 0.0060 0.7557
23.1498 0.0060 0.7564
23.1685 0.0060 0.7571
23.1873 0.0060 0.7577
23.2060 0.0060 0.7584
23.2248 0.0060 0.7590
23.2436 0.0060 0.7597
23.2623 0.0060 0.7603
23.2811 0.0061 0.7610
23.2998 0.0061 0.7616
23.3186 0.0061 0.7623
23.3374 0.0061 0.7629
23.3561 0.0061 0.7635
23.3749 0.0061 0.7642
23.3936 0.0062 0.7648
23.4124 0.0062 0.7654
23.4312 0.0062 0.7661
23.4499 0.0063 0.7667
23.4687 0.0063 0.7673
23.4874 0.0063 0.7679
23.5062 0.0064 0.7685
23.5250 0.0064 0.7691
23.5437 0.0065 0.7697
23.5625 0.0066 0.7703
23.5812 0.0066 0.7709
23.6000 0.0067 0.7715
23.6188 0.0068 0.7720
23.6375 0.0069 0.7726
23.6563 0.0069 0.7731
23.6750 0.0070 0.7736
23.6938 0.0071 0.7741
23.7126 0.0071 0.7746
23.7313 0.0071 0.7751
23.7501 0.0072 0.7756
23.7688 0.0072 0.7761
23.7876 0.0072 0.7766
23.8064 0.0072 0.7771
23.8251 0.0072 0.7776
23.8439 0.0072 0.7781
23.8626 0.0072 0.7786
23.8814 0.0071 0.7791
23.9002 0.0071 0.7796
23.9189 0.0071 0.7801
23.9377 0.0071 0.7806
23.9564 0.0071 0.7811
23.9752 0.0071 0.7816
23.9939 0.0071 0.7821
24.0127 0.0071 0.7827
24.0315 0.0071 0.7832
24.0502 0.0071 0.7837
24.0690 0.0071 0.7842
24.0877 0.0071 0.7847
24.1065 0.0071 0.7852
24.1253 0.0071 0.7857
24.1440 0.0071 0.7863
24.1628 0.0072 0.7868
24.1815 0.0072 0.7873
24.2003 0.0072 0.7878
24.2191 0.0073 0.7883
24.2378 0.0073 0.7888
24.2566 0.0074 0.7893
24.2753 0.0074 0.7898
24.2941 0.0074 0.7902
24.3129 0.0075 0.7907
24.3316 0.0075 0.7912
24.3504 0.0076 0.7917
24.3691 0.0076 0.7921
24.3879 0.0077 0.7926
24.4067 0.0077 0.7930
24.4254 0.0078 0.7935
24.4442 0.0078 0.7939
24.4629 0.0079 0.7943
24.4817 0.0079 0.7948
24.5005 0.0080 0.7952
24.5192 0.0080 0.7956
24.5380 0.0081 0.7961
24.5567 0.0081 0.7965
24.5755 0.0082 0.7969
24.5943 0.0082 0.7974
24.6130 0.0083 0.7978
24.6318 0.0083 0.7982
24.6505 0.0084 0.7986
24.6693 0.0085 0.7990
24.6881 0.0086 0.7994
24.7068 0.0086 0.7998
24.7256 0.0087 0.8002
24.7443 0.0088 0.8006
24.7631 0.0089 0.8009
24.7819 0.0090 0.8013
24.8006 0.0091 0.8016
24.8194 0.0091 0.8019
24.8381 0.0092 0.8022
24.8569 0.0093 0.8025
24.8757 0.0093 0.8028
24.8944 0.0094 0.8031
24.9132 0.0094 0.8033
24.9319 0.0094 0.8036
24.9507 0.0094 0.8038
24.9695 0.0094 0.8041
24.9882 0.0093 0.8043
25.0070 0.0093 0.8046
25.0257 0.0092 0.8048
25.0445 0.0091 0.8051
25.0633 0.0090 0.8054
25.0820 0.0089 0.8057
25.1008 0.0088 0.8060
25.1195 0.0087 0.8063
25.1383 0.0086 0.8066
25.1571 0.0085 0.8069
25.1758 0.0084 0.8073
25.1946 0.0083 0.8076
25.2133 0.0082 0.8080
25.2321 0.0081 0.8083
25.2509 0.0081 0.8087
25.2696 0.0080 0.8090
25.2884 0.0079 0.8094
25.3071 0.0078 0.8097
25.3259 0.0077 0.8101
25.3447 0.0076 0.8104
25.3634 0.0075 0.8107
25.3822 0.0074 0.8111
25.4009 0.0073 0.8114
25.4197 0.0072 0.8118
25.4385 0.0071 0.8122
25.4572 0.0070 0.8126
25.4760 0.0069 0.8129
25.4947 0.0068 0.8133
25.5135 0.0067 0.8137
25.5323 0.0066 0.8141
25.5510 0.0066 0.8146
25.5698 0.0065 0.8150
25.5885 0.0064 0.8154
25.6073 0.0064 0.8158
25.6261 0.0063 0.8162
25.6448 0.0063 0.8166
25.6636 0.0062 0.8170
25.6823 0.0062 0.8174
25.7011 0.0061 0.8178
25.7199 0.0061 0.8182
25.7386 0.0061 0.8186
25.7574 0.0060 0.8189
25.7761 0.0060 0.8193
25.7949 0.0060 0.8197
25.8137 0.0059 0.8201
25.8324 0.0059 0.8205
25.8512 0.0059 0.8209
25.8699 0.0059 0.8213
25.8887 0.0058 0.8217
25.9075 0.0058 0.8221
25.9262 0.0058 0.8225
25.9450 0.0058 0.8229
25.9637 0.0058 0.8233
25.9825 0.0058 0.8237
26.0013 0.0058 0.8241
26.0200 0.0059 0.8245
26.0388 0.0059 0.8249
26.0575 0.0060 0.8252
26.0763 0.0060 0.8256
26.0951 0.0061 0.8260
26.1138 0.0062 0.8263
26.1326 0.0063 0.8267
26.1513 0.0063 0.8270
26.1701 0.0064 0.8273
26.1889 0.0065 0.8276
26.2076 0.0065 0.8278
26.2264 0.0066 0.8281
26.2451 0.0066 0.8283
26.2639 0.0067 0.8286
26.2827 0.0067 0.8288
26.3014 0.0067 0.8291
26.3202 0.0067 0.8293
26.3389 0.0067 0.8296
26.3577 0.0067 0.8298
26.3765 0.0067 0.8300
26.3952 0.0067 0.8303
26.4140 0.0066 0.8305
26.4327 0.0066 0.8308
26.4515 0.0066 0.8310
26.4703 0.0065 0.8313
26.4890 0.0065 0.8316
26.5078 0.0064 0.8318
26.5265 0.0064 0.8321
26.5453 0.0064 0.8324
26.5641 0.0063 0.8327
26.5828 0.0063 0.8330
26.6016 0.0063 0.8332
26.6203 0.0063 0.8335
26.6391 0.0062 0.8338
26.6579 0.0062 0.8340
26.6766 0.0062 0.8343
26.6954 0.0061 0.8345
26.7141 0.0061 0.8348
26.7329 0.0061 0.8350
26.7517 0.0060 0.8353
26.7704 0.0060 0.8355
26.7892 0.0059 0.8358
26.8079 0.0058 0.8360
26.8267 0.0058 0.8363
26.8455 0.0057 0.8366
26.8642 0.0056 0.8368
26.8830 0.0056 0.8371
26.9017 0.0055 0.8374
26.9205 0.0054 0.8377
26.9393 0.0054 0.8380
26.9580 0.0053 0.8382
26.9768 0.0053 0.8385
26.9955 0.0052 0.8388
27.0143 0.0052 0.8391
27.0331 0.0051 0.8394
27.0518 0.0051 0.8397
27.0706 0.0050 0.8400
27.0893 0.0050 0.8403
27.1081 0.0049 0.8406
27.1269 0.0049 0.8409
27.1456 0.0049 0.8411
27.1644 0.0048 0.8414
27.1831 0.0048 0.8417
27.2019 0.0048 0.8420
27.2207 0.0048 0.8423
27.2394 0.0047 0.8426
27.2582 0.0047 0.8429
27.2769 0.0047 0.8431
27.2957 0.0047 0.8434
27.3145 0.0047 0.8437
27.3332 0.0047 0.8439
27.3520 0.0047 0.8442
27.3707 0.0046 0.8444
27.3895 0.0046 0.8447
27.4083 0.0046 0.8449
27.4270 0.0046 0.8452
27.4458 0.0046 0.8454
27.4645 0.0045 0.8457
27.4833 0.0045 0.8459
27.5021 0.0045 0.8461
27.5208 0.0044 0.8464
27.5396 0.0044 0.8466
27.5583 0.0043 0.8468
27.5771 0.0043 0.8471
27.5959 0.0042 0.8473
27.6146 0.0042 0.8475
27.6334 0.0041 0.8478
27.6521 0.0041 0.8480
27.6709 0.0040 0.8483
27.6897 0.0040 0.8485
27.7084 0.0039 0.8488
27.7272 0.0039 0.8490
27.7459 0.0038 0.8493
27.7647 0.0038 0.8495
27.7835 0.0037 0.8498
27.8022 0.0037 0.8500
27.8210 0.0036 0.8502
27.8397 0.0036 0.8504
27.8585 0.0035 0.8507
27.8773 0.0034 0.8509
27.8960 0.0033 0.8511
27.9148 0.0032 0.8514
27.9335 0.0031 0.8517
27.9523 0.0030 0.8519
27.9711 0.0030 0.8522
27.9898 0.0029 0.8525
28.0086 0.0028 0.8528
28.0273 0.0027 0.8531
28.0461 0.0027 0.8534
28.0649 0.0026 0.8537
28.0836 0.0026 0.8540
28.1024 0.0026 0.8543
28.1211 0.0025 0.8546
28.1399 0.0025 0.8549
28.1587 0.0025 0.8552
28.1774 0.0025 0.8555
28.1962 0.0025 0.8557
28.2149 0.0025 0.8560
28.2337 0.0025 0.8563
28.2525 0.0025 0.8565
28.2712 0.0025 0.8568
28.2900 0.0025 0.8571
28.3087 0.0024 0.8573
28.3275 0.0024 0.8575
28.3463 0.0024 0.8578
28.3650 0.0024 0.8580
28.3838 0.0024 0.8582
28.4025 0.0024 0.8585
28.4213 0.0023 0.8587
28.4401 0.0023 0.8589
28.4588 0.0023 0.8592
28.4776 0.0022 0.8594
28.4963 0.0022 0.8597
28.5151 0.0022 0.8599
28.5339 0.0021 0.8601
28.5526 0.0021 0.8604
28.5714 0.0021 0.8606
28.5901 0.0020 0.8609
28.6089 0.0020 0.8611
28.6277 0.0020 0.8614
28.6464 0.0019 0.8616
28.6652 0.0019 0.8619
28.6839 0.0019 0.8621
28.7027 0.0019 0.8624
28.7215 0.0019 0.8626
28.7402 0.0018 0.8629
28.7590 0.0018 0.8631
28.7777 0.0018 0.8634
28.7965 0.0018 0.8636
28.8153 0.0018 0.8639
28.8340 0.0017 0.8641
28.8528 0.0017 0.8643
28.8715 0.0017 0.8646
28.8903 0.0017 0.8648
28.9091 0.0017 0.8651
28.9278 0.0017 0.8653
28.9466 0.0017 0.8655
28.9653 0.0017 0.8658
28.9841 0.0016 0.8660
29.0029 0.0016 0.8662
29.0216 0.0016 0.8665
29.0404 0.0016 0.8667
29.0591 0.0016 0.8669
29.0779 0.0016 0.8672
29.0967 0.0016 0.8674
29.1154 0.0016 0.8676
29.1342 0.0016 0.8679
29.1529 0.0016 0.8681
29.1717 0.0016 0.8683
29.1905 0.0015 0.8685
29.2092 0.0015 0.8688
29.2280 0.0015 0.8690
29.2467 0.0015 0.8692
29.2655 0.0015 0.8694
29.2842 0.0015 0.8696
29.3030 0.0015 0.8699
29.3218 0.0015 0.8701
29.3405 0.0015 0.8703
29.3593 0.0015 0.8705
29.3780 0.0015 0.8707
29.3968 0.0015 0.8710
29.4156 0.0015 0.8712
29.4343 0.0015 0.8714
29.4531 0.0015 0.8716
29.4718 0.0015 0.8718
29.4906 0.0015 0.8720
29.5094 0.0014 0.8722
29.5281 0.0014 0.8724
29.5469 0.0014 0.8726
29.5656 0.0014 0.8729
29.5844 0.0014 0.8731
29.6032 0.0014 0.8733
29.6219 0.0014 0.8735
29.6407 0.0014 0.8737
29.6594 0.0014 0.8739
29.6782 0.0014 0.8741
29.6970 0.0014 0.8743
29.7157 0.0014 0.8745
29.7345 0.0014 0.8747
29.7532 0.0014 0.8749
29.7720 0.0014 0.8751
29.7908 0.0014 0.8753
29.8095 0.0014 0.8755
29.8283 0.0014 0.8757
29.8470 0.0013 0.8759
29.8658 0.0013 0.8761
29.8846 0.0013 0.8763
29.9033 0.0013 0.8765
29.9221 0.0013 0.8767
29.9408 0.0013 0.8769
29.9596 0.0013 0.8771
29.9784 0.0013 0.8773
29.9971 0.0013 0.8775
30.0159 0.0013 0.8776
30.0346 0.0013 0.8778
30.0534 0.0013 0.8780
30.0722 0.0013 0.8782
30.0909 0.0013 0.8784
30.1097 0.0012 0.8786
30.1284 0.0012 0.8788
30.1472 0.0012 0.8790
30.1660 0.0012 0.8792
30.1847 0.0012 0.8794
30.2035 0.0012 0.8796
30.2222 0.0012 0.8797
30.2410 0.0012 0.8799
30.2598 0.0012 0.8801
30.2785 0.0012 0.8803
30.2973 0.0012 0.8805
30.3160 0.0012 0.8807
30.3348 0.0012 0.8809
30.3536 0.0011 0.8811
30.3723 0.0011 0.8812
30.3911 0.0011 0.8814
30.4098 0.0011 0.8816
30.4286 0.0011 0.8818
30.4474 0.0011 0.8820
30.4661 0.0011 0.8822
30.4849 0.0011 0.8823
30.5036 0.0011 0.8825
30.5224 0.0011 0.8827
30.5412 0.0011 0.8829
30.5599 0.0011 0.8831
30.5787 0.0011 0.8833
30.5974 0.0011 0.8834
30.6162 0.0011 0.8836
30.6350 0.0010 0.8838
30.6537 0.0010 0.8840
30.6725 0.0010 0.8841
30.6912 0.0010 0.8843
30.7100 0.0010 0.8845
30.7288 0.0010 0.8847
30.7475 0.0010 0.8849
30.7663 0.0010 0.8850
30.7850 0.0010 0.8852
30.8038 0.0010 0.8854
30.8226 0.0010 0.8856
30.8413 0.0010 0.8857
30.8601 0.0010 0.8859
30.8788 0.0010 0.8861
30.8976 0.0010 0.8863
30.9164 0.0010 0.8864
30.9351 0.0009 0.8866
30.9539 0.0009 0.8868
30.9726 0.0009 0.8870
30.9914 0.0009 0.8871
31.0102 0.0009 0.8873
31.0289 0.0009 0.8875
31.0477 0.0009 0.8876
31.0664 0.0009 0.8878
31.0852 0.0009 0.8880
31.1040 0.0009 0.8882
31.1227 0.0009 0.8883
31.1415 0.0009 0.8885
31.1602 0.0009 0.8887
31.1790 0.0009 0.8888
31.1978 0.0009 0.8890
31.2165 0.0009 0.8892
31.2353 0.0009 0.8893
31.2540 0.0009 0.8895
31.2728 0.0009 0.8897
31.2916 0.0009 0.8898
31.3103 0.0009 0.8900
31.3291 0.0009 0.8902
31.3478 0.0009 0.8903
31.3666 0.0009 0.8905
31.3854 0.0009 0.8907
31.4041 0.0009 0.8908
31.4229 0.0009 0.8910
31.4416 0.0009 0.8911
31.4604 0.0009 0.8913
31.4792 0.0009 0.8915
31.4979 0.0009 0.8916
31.5167 0.0009 0.8918
31.5354 0.0008 0.8919
31.5542 0.0008 0.8921
31.5730 0.0008 0.8923
31.5917 0.0008 0.8924
31.6105 0.0008 0.8926
31.6292 0.0008 0.8927
31.6480 0.0008 0.8929
31.6668 0.0008 0.8930
31.6855 0.0008 0.8932
31.7043 0.0008 0.8934
31.7230 0.0008 0.8935
31.7418 0.0008 0.8937
31.7606 0.0008 0.8938
31.7793 0.0008 0.8940
31.7981 0.0008 0.8941
31.8168 0.0008 0.8943
31.8356 0.0008 0.8944
31.8544 0.0008 0.8946
31.8731 0.0008 0.8947
31.8919 0.0008 0.8949
31.9106 0.0008 0.8950
31.9294 0.0008 0.8952
31.9482 0.0008 0.8953
31.9669 0.0008 0.8955
31.9857 0.0008 0.8956
32.0044 0.0008 0.8958
32.0232 0.0008 0.8959
32.0420 0.0008 0.8961
32.0607 0.0008 0.8962
32.0795 0.0008 0.8964
32.0982 0.0008 0.8965
32.1170 0.0008 0.8967
32.1358 0.0008 0.8968
32.1545 0.0008 0.8970
32.1733 0.0008 0.8971
32.1920 0.0008 0.8973
32.2108 0.0008 0.8974
32.2296 0.0008 0.8976
32.2483 0.0008 0.8977
32.2671 0.0008 0.8979
32.2858 0.0008 0.8980
32.3046 0.0008 0.8981
32.3234 0.0008 0.8983
32.3421 0.0008 0.8984
32.3609 0.0008 0.8986
32.3796 0.0008 0.8987
32.3984 0.0008 0.8989
32.4172 0.0008 0.8990
32.4359 0.0008 0.8991
32.4547 0.0008 0.8993
32.4734 0.0008 0.8994
32.4922 0.0007 0.8996
32.5110 0.0007 0.8997
32.5297 0.0007 0.8998
32.5485 0.0007 0.9000
32.5672 0.0007 0.9001
32.5860 0.0007 0.9003
32.6048 0.0007 0.9004
32.6235 0.0007 0.9005
32.6423 0.0007 0.9007
32.6610 0.0007 0.9008
32.6798 0.0007 0.9009
32.6986 0.0007 0.9011
32.7173 0.0007 0.9012
32.7361 0.0007 0.9014
32.7548 0.0007 0.9015
32.7736 0.0007 0.9016
32.7924 0.0007 0.9018
32.8111 0.0007 0.9019
32.8299 0.0007 0.9020
32.8486 0.0007 0.9022
32.8674 0.0007 0.9023
32.8862 0.0007 0.9024
32.9049 0.0007 0.9026
32.9237 0.0007 0.9027
32.9424 0.0007 0.9028
32.9612 0.0007 0.9030
32.9800 0.0007 0.9031
32.9987 0.0007 0.9032
33.0175 0.0007 0.9034
33.0362 0.0007 0.9035
33.0550 0.0007 0.9036
33.0738 0.0007 0.9038
33.0925 0.0007 0.9039
33.1113 0.0007 0.9040
33.1300 0.0007 0.9042
33.1488 0.0007 0.9043
33.1676 0.0007 0.9044
33.1863 0.0007 0.9045
33.2051 0.0007 0.9047
33.2238 0.0007 0.9048
33.2426 0.0007 0.9049
33.2614 0.0007 0.9051
33.2801 0.0007 0.9052
33.2989 0.0007 0.9053
33.3176 0.0007 0.9054
33.3364 0.0007 0.9056
33.3552 0.0007 0.9057
33.3739 0.0007 0.9058
33.3927 0.0007 0.9059
33.4114 0.0007 0.9061
33.4302 0.0007 0.9062
33.4490 0.0007 0.9063
33.4677 0.0007 0.9064
33.4865 0.0007 0.9066
33.5052 0.0007 0.9067
33.5240 0.0007 0.9068
33.5428 0.0007 0.9069
33.5615 0.0007 0.9071
33.5803 0.0007 0.9072
33.5990 0.0007 0.9073
33.6178 0.0007 0.9074
33.6366 0.0007 0.9076
33.6553 0.0007 0.9077
33.6741 0.0007 0.9078
33.6928 0.0006 0.9079
33.7116 0.0006 0.9080
33.7304 0.0006 0.9082
33.7491 0.0006 0.9083
33.7679 0.0006 0.9084
33.7866 0.0006 0.9085
33.8054 0.0006 0.9086
33.8242 0.0006 0.9088
33.8429 0.0006 0.9089
33.8617 0.0006 0.9090
33.8804 0.0006 0.9091
33.8992 0.0006 0.9092
33.9180 0.0006 0.9094
33.9367 0.0006 0.9095
33.9555 0.0006 0.9096
33.9742 0.0006 0.9097
33.9930 0.0006 0.9098
34.0118 0.0006 0.9100
34.0305 0.0006 0.9101
34.0493 0.0006 0.9102
34.0680 0.0006 0.9103
34.0868 0.0006 0.9104
34.1056 0.0006 0.9105
34.1243 0.0006 0.9107
34.1431 0.0006 0.9108
34.1618 0.0006 0.9109
34.1806 0.0006 0.9110
34.1994 0.0006 0.9111
34.2181 0.0006 0.9112
34.2369 0.0006 0.9113
34.2556 0.0006 0.9115
34.2744 0.0006 0.9116
34.2932 0.0006 0.9117
34.3119 0.0006 0.9118
34.3307 0.0006 0.9119
34.3494 0.0006 0.9120
34.3682 0.0006 0.9121
34.3870 0.0006 0.9123
34.4057 0.0006 0.9124
34.4245 0.0006 0.9125
34.4432 0.0006 0.9126
34.4620 0.0006 0.9127
34.4808 0.0006 0.9128
34.4995 0.0006 0.9129
34.5183 0.0006 0.9130
34.5370 0.0006 0.9131
34.5558 0.0006 0.9133
34.5746 0.0006 0.9134
34.5933 0.0006 0.9135
34.6121 0.0006 0.9136
34.6308 0.0006 0.9137
34.6496 0.0006 0.9138
34.6683 0.0006 0.9139
34.6871 0.0006 0.9140
34.7059 0.0006 0.9141
34.7246 0.0006 0.9142
34.7434 0.0006 0.9143
34.7621 0.0006 0.9145
34.7809 0.0006 0.9146
34.7997 0.0006 0.9147
34.8184 0.0006 0.9148
34.8372 0.0006 0.9149
34.8559 0.0006 0.9150
34.8747 0.0006 0.9151
34.8935 0.0006 0.9152
34.9122 0.0006 0.9153
34.9310 0.0006 0.9154
34.9497 0.0006 0.9155
34.9685 0.0006 0.9156
34.9873 0.0006 0.9157
35.0060 0.0006 0.9158
35.0248 0.0006 0.9159
35.0435 0.0006 0.9161
35.0623 0.0006 0.9162
35.0811 0.0006 0.9163
35.0998 0.0006 0.9164
35.1186 0.0006 0.9165
35.1373 0.0006 0.9166
35.1561 0.0006 0.9167
35.1749 0.0006 0.9168
35.1936 0.0005 0.9169
35.2124 0.0005 0.9170
35.2311 0.0005 0.9171
35.2499 0.0005 0.9172
35.2687 0.0005 0.9173
35.2874 0.0005 0.9174
35.3062 0.0005 0.9175
35.3249 0.0005 0.9176
35.3437 0.0005 0.9177
35.3625 0.0005 0.9178
35.3812 0.0005 0.9179
35.4000 0.0005 0.9180
35.4187 0.0005 0.9181
35.4375 0.0005 0.9182
35.4563 0.0005 0.9183
35.4750 0.0005 0.9184
35.4938 0.0005 0.9185
35.5125 0.0005 0.9186
35.5313 0.0005 0.9187
35.5501 0.0005 0.9188
35.5688 0.0005 0.9189
35.5876 0.0005 0.9190
35.6063 0.0005 0.9191
35.6251 0.0005 0.9192
35.6439 0.0005 0.9193
35.6626 0.0005 0.9194
35.6814 0.0005 0.9195
35.7001 0.0005 0.9196
35.7189 0.0005 0.9197
35.7377 0.0005 0.9198
35.7564 0.0005 0.9199
35.7752 0.0005 0.9200
35.7939 0.0005 0.9201
35.8127 0.0005 0.9202
35.8315 0.0005 0.9203
35.8502 0.0005 0.9204
35.8690 0.0005 0.9205
35.8877 0.0005 0.9206
35.9065 0.0005 0.9207
35.9253 0.0005 0.9208
35.9440 0.0005 0.9209
35.9628 0.0005 0.9209
35.9815 0.0005 0.9210
36.0003 0.0005 0.9211
36.0191 0.0005 0.9212
36.0378 0.0005 0.9213
36.0566 0.0005 0.9214
36.0753 0.0005 0.9215
36.0941 0.0005 0.9216
36.1129 0.0005 0.9217
36.1316 0.0005 0.9218
36.1504 0.0005 0.9219
36.1691 0.0005 0.9220
36.1879 0.0005 0.9221
36.2067 0.0005 0.9222
36.2254 0.0005 0.9223
36.2442 0.0005 0.9224
36.2629 0.0005 0.9224
36.2817 0.0005 0.9225
36.3005 0.0005 0.9226
36.3192 0.0005 0.9227
36.3380 0.0005 0.9228
36.3567 0.0005 0.9229
36.3755 0.0005 0.9230
36.3943 0.0005 0.9231
36.4130 0.0005 0.9232
36.4318 0.0005 0.9233
36.4505 0.0005 0.9234
36.4693 0.0005 0.9235
36.4881 0.0005 0.9235
36.5068 0.0005 0.9236
36.5256 0.0005 0.9237
36.5443 0.0005 0.9238
36.5631 0.0005 0.9239
36.5819 0.0005 0.9240
36.6006 0.0005 0.9241
36.6194 0.0005 0.9242
36.6381 0.0005 0.9243
36.6569 0.0005 0.9244
36.6757 0.0005 0.9244
36.6944 0.0005 0.9245
36.7132 0.0005 0.9246
36.7319 0.0005 0.9247
36.7507 0.0005 0.9248
36.7695 0.0005 0.9249
36.7882 0.0005 0.9250
36.8070 0.0005 0.9251
36.8257 0.0005 0.9251
36.8445 0.0005 0.9252
36.8633 0.0005 0.9253
36.8820 0.0005 0.9254
36.9008 0.0005 0.9255
36.9195 0.0005 0.9256
36.9383 0.0005 0.9257
36.9571 0.0005 0.9258
36.9758 0.0005 0.9258
36.9946 0.0005 0.9259
37.0133 0.0005 0.9260
37.0321 0.0005 0.9261
37.0509 0.0005 0.9262
37.0696 0.0005 0.9263
37.0884 0.0005 0.9263
37.1071 0.0005 0.9264
37.1259 0.0005 0.9265
37.1447 0.0005 0.9266
37.1634 0.0005 0.9267
37.1822 0.0004 0.9268
37.2009 0.0004 0.9269
37.2197 0.0004 0.9269
37.2385 0.0004 0.9270
37.2572 0.0004 0.9271
37.2760 0.0004 0.9272
37.2947 0.0004 0.9273
37.3135 0.0004 0.9274
37.3323 0.0004 0.9274
37.3510 0.0004 0.9275
37.3698 0.0004 0.9276
37.3885 0.0004 0.9277
37.4073 0.0004 0.9278
37.4261 0.0004 0.9279
37.4448 0.0004 0.9279
37.4636 0.0004 0.9280
37.4823 0.0004 0.9281
37.5011 0.0004 0.9282
